-- ZEPHYR_META: {"authorId":"1481350591790846034","authorTag":"uopyoucan_99678","category":"community","official":false,"createdAt":"2026-09-29T13:03:00.829Z","updatedAt":"2026-09-29T13:03:00.829Z"}
-- NOTE: hi developers
skip(1, 19.38)
place(12.3, 1.0, -9.2, "Pyromancer", 0, 23.70)
skip(2, 46.59)
upgrade(12.3, -9.2, 1, -325, 47.88)
place(12.9, 1.0, 8.2, "Pyromancer", -325, 68.91)
upgrade(12.9, 8.2, 1, -650, 84.96)
upgrade(12.9, 8.2, 1, -1650, 111.56)
place(12.3, 1.0, -6.6, "Shotgunner", -1650, 136.54)
upgrade(12.3, -6.6, 1, -2400, 138.35)
place(12.2, 1.0, -4.2, "Shotgunner", -2400, 152.89)
skip(8, 174.82)
place(12.1, 1.0, -1.8, "Shotgunner", -2400, 176.35)
place(12.0, 1.0, 0.7, "Shotgunner", -2400, 206.29)
place(11.8, 1.0, 2.7, "Shotgunner", -2400, 219.13)
place(12.0, 1.0, 4.7, "Shotgunner", -2400, 224.33)
place(14.7, 1.0, -6.4, "Shotgunner", -2400, 241.35)
place(14.5, 1.0, -4.2, "Shotgunner", -2400, 248.20)
upgrade(12.2, -4.2, 1, -3150, 269.38)
place(-0.6, 1.0, -2.1, "Pyromancer", -3150, 276.58)
upgrade(-0.6, -2.1, 1, -3475, 278.18)
place(-12.3, 1.0, -0.3, "Pyromancer", -3475, 286.02)
upgrade(-12.3, -0.3, 1, -3800, 295.62)
upgrade(12.1, -1.8, 1, -4550, 303.17)
upgrade(12.0, 0.7, 1, -5300, 304.13)
upgrade(11.8, 2.7, 1, -6050, 312.12)
upgrade(12.0, 4.7, 1, -6800, 319.29)
upgrade(14.7, -6.4, 1, -7550, 322.28)
upgrade(14.5, -4.2, 1, -8300, 325.29)
place(14.7, 1.0, -1.3, "Shotgunner", -8300, 328.00)
upgrade(14.7, -1.3, 1, -9050, 334.95)
upgrade(12.3, -9.2, 1, -10050, 341.96)
place(3.5, 1.0, -2.8, "EvolvedJuggernaut", -10050, 384.18)
upgrade(3.5, -2.8, 1, -12850, 403.74)
upgrade(3.5, -2.8, 1, -19850, 433.51)
upgrade(3.5, -2.8, 1, -37050, 475.40)
upgrade(14.7, -6.4, 1, -38550, 482.94)
upgrade(14.5, -4.2, 1, -40050, 485.22)
upgrade(14.7, -1.3, 1, -41550, 486.35)
upgrade(12.3, -6.6, 1, -43050, 487.38)
upgrade(12.2, -4.2, 1, -44550, 488.36)
upgrade(12.1, -1.8, 1, -46050, 492.60)
upgrade(12.0, 0.7, 1, -47550, 493.98)
upgrade(11.8, 2.7, 1, -49050, 496.22)
upgrade(12.0, 4.7, 1, -50550, 500.17)
upgrade(14.7, -6.4, 1, -57050, 519.73)
upgrade(14.7, -6.4, 1, -75827, 556.27)
upgrade(14.5, -4.2, 1, -82327, 576.40)
upgrade(14.5, -4.2, 1, -101104, 609.67)
upgrade(14.7, -1.3, 1, -107604, 619.48)
upgrade(14.7, -1.3, 1, -126381, 645.15)
upgrade(12.3, -6.6, 1, -132881, 660.96)
upgrade(12.3, -6.6, 1, -151658, 688.30)