place(4.4, 1.0, 7.1, "Ace Pilot", 0, 1.00)
place(7.5, 1.0, 7.1, "Ace Pilot", 0, 48.66)
place(10.6, 1.0, 7.0, "Ace Pilot", 0, 64.12)
place(6.5, 1.0, 11.8, "Ace Pilot", 0, 76.00)
place(9.7, 1.0, 11.9, "Ace Pilot", 0, 101.90)
place(6.0, 1.0, 3.9, "Soldier", 0, 127.83)
place(9.1, 1.0, 4.0, "Soldier", 0, 130.09)
upgrade(9.1, 4.0, 1, -50, 131.12)
upgrade(9.1, 4.0, 1, -700, 131.49)
upgrade(6.0, 3.9, 1, -750, 132.32)
upgrade(6.0, 3.9, 1, -1400, 148.28)
place(6.2, 1.0, 15.8, "Soldier", -1400, 186.35)
place(9.4, 1.0, 15.8, "Soldier", -1400, 188.57)
upgrade(9.4, 15.8, 1, -1450, 189.65)
upgrade(9.4, 15.8, 1, -2100, 189.85)
upgrade(6.2, 15.8, 1, -2150, 190.71)
upgrade(6.2, 15.8, 1, -2800, 191.08)
place(4.1, 1.0, -4.0, "Soldier", -2800, 198.99)
upgrade(4.1, -4.0, 1, -2850, 200.35)
upgrade(4.1, -4.0, 1, -3500, 207.42)
place(13.8, 1.0, 7.0, "Ace Pilot", -3500, 238.62)
place(17.0, 1.0, 7.0, "Ace Pilot", -3500, 243.61)
upgrade(4.4, 7.1, 1, -3725, 246.74)
upgrade(7.5, 7.1, 1, -3950, 247.79)
upgrade(10.6, 7.0, 1, -4175, 248.77)
upgrade(13.8, 7.0, 1, -4400, 249.66)
upgrade(17.0, 7.0, 1, -4625, 250.43)
upgrade(6.5, 11.8, 1, -4850, 251.28)
upgrade(9.7, 11.9, 1, -5075, 252.06)
place(13.7, 1.0, 11.8, "Ace Pilot", -5075, 277.32)
upgrade(13.7, 11.8, 1, -5300, 279.71)
place(-4.0, 1.0, 4.2, "Soldier", -5300, 287.56)
upgrade(-4.0, 4.2, 1, -5350, 288.71)
upgrade(-4.0, 4.2, 1, -6000, 289.03)
place(-3.7, 1.0, -3.6, "Soldier", -6000, 296.44)
upgrade(-3.7, -3.6, 1, -6050, 297.49)
upgrade(-3.7, -3.6, 1, -6700, 297.81)
upgrade(4.4, 7.1, 1, -7325, 314.15)
upgrade(7.5, 7.1, 1, -7950, 315.15)
upgrade(10.6, 7.0, 1, -8575, 316.12)
upgrade(13.8, 7.0, 1, -9200, 317.41)
upgrade(17.0, 7.0, 1, -9825, 318.29)
place(7.6, 1.0, -3.5, "Soldier", -9825, 342.77)
upgrade(7.6, -3.5, 1, -9875, 344.09)
upgrade(7.6, -3.5, 1, -10525, 347.60)
place(3.7, 1.0, 17.6, "Minigunner", -10525, 374.37)
upgrade(13.7, 11.8, 1, -11150, 403.84)
upgrade(9.7, 11.9, 1, -11775, 404.54)
upgrade(6.5, 11.8, 1, -12400, 405.26)
upgrade(3.7, 17.6, 1, -12800, 411.35)
upgrade(3.7, 17.6, 1, -14300, 414.38)
place(6.5, 1.0, 19.0, "Minigunner", -14300, 448.36)
upgrade(6.5, 19.0, 1, -14700, 449.49)
upgrade(6.5, 19.0, 1, -16200, 449.82)
place(9.8, 1.0, 19.0, "Commander", -16200, 470.16)
upgrade(9.8, 19.0, 1, -16600, 471.64)
upgrade(9.8, 19.0, 1, -19050, 477.01)
place(16.9, 1.0, 11.2, "Minigunner", -19050, 509.84)
upgrade(16.9, 11.2, 1, -19450, 512.68)
upgrade(16.9, 11.2, 1, -20950, 513.09)
ability(9.8, 19.0, "Call Of Arms", 516.21)
upgrade(4.4, 7.1, 1, -22450, 534.15)
upgrade(7.5, 7.1, 1, -23950, 534.98)
upgrade(10.6, 7.0, 1, -25450, 536.06)
upgrade(13.8, 7.0, 1, -26950, 536.98)
upgrade(17.0, 7.0, 1, -28450, 538.13)
upgrade(9.7, 11.9, 1, -29950, 551.73)
upgrade(9.7, 11.9, 1, -32950, 574.41)
upgrade(6.5, 11.8, 1, -34450, 581.39)
upgrade(13.7, 11.8, 1, -35950, 586.41)
ability(9.8, 19.0, "Call Of Arms", 596.86)
place(14.8, 1.0, 4.1, "Minigunner", -35950, 608.25)
upgrade(14.8, 4.1, 1, -36350, 609.31)
upgrade(14.8, 4.1, 1, -37850, 609.73)
upgrade(4.4, 7.1, 1, -40850, 620.36)
upgrade(6.5, 11.8, 1, -43850, 626.65)
ability(9.8, 19.0, "Call Of Arms", 638.11)
upgrade(13.7, 11.8, 1, -46850, 640.55)
upgrade(17.0, 7.0, 1, -49850, 659.49)
upgrade(13.8, 7.0, 1, -52850, 660.73)
place(-3.9, 1.0, -16.5, "Minigunner", -52850, 673.65)
place(4.5, 1.0, -12.7, "Minigunner", -52850, 674.54)
upgrade(4.5, -12.7, 1, -53250, 675.59)
upgrade(-3.9, -16.5, 1, -53650, 676.59)
place(11.5, 1.0, -3.0, "Commander", -53650, 698.76)
upgrade(11.5, -3.0, 1, -54050, 700.62)
upgrade(11.5, -3.0, 1, -56500, 702.70)
ability(9.8, 19.0, "Call Of Arms", 709.49)
upgrade(7.5, 7.1, 1, -59500, 720.07)
upgrade(10.6, 7.0, 1, -62500, 720.87)
place(-5.1, 1.0, -25.0, "Minigunner", -62500, 731.58)
place(3.3, 1.0, -27.4, "Minigunner", -62500, 732.65)
upgrade(3.3, -27.4, 1, -62900, 733.61)
upgrade(-5.1, -25.0, 1, -63300, 734.63)
place(-9.1, 1.0, 4.0, "Minigunner", -63300, 742.10)
place(-13.6, 1.0, 4.0, "Minigunner", -63300, 743.71)
place(-13.7, 1.0, 3.9, "Minigunner", -63300, 749.71)
upgrade(-13.7, 3.9, 1, -63700, 751.01)
upgrade(-9.1, 4.0, 1, -64100, 752.07)
ability(9.8, 19.0, "Call Of Arms", 765.77)
ability(11.5, -3.0, "Call Of Arms", 767.37)
upgrade(3.3, -27.4, 1, -65600, 779.18)
upgrade(-5.1, -25.0, 1, -67100, 780.22)
upgrade(-3.9, -16.5, 1, -68600, 782.09)
upgrade(4.5, -12.7, 1, -70100, 783.41)
upgrade(-3.7, -3.6, 1, -71450, 786.60)
upgrade(-4.0, 4.2, 1, -72800, 787.56)
upgrade(6.0, 3.9, 1, -74150, 788.50)
upgrade(4.1, -4.0, 1, -75500, 789.51)
upgrade(7.6, -3.5, 1, -76850, 792.08)
upgrade(9.1, 4.0, 1, -78200, 796.56)
ability(9.8, 19.0, "Call Of Arms", 798.15)
ability(11.5, -3.0, "Call Of Arms", 798.33)
upgrade(9.4, 15.8, 1, -79550, 814.40)
upgrade(6.2, 15.8, 1, -80900, 815.65)
upgrade(11.5, -3.0, 1, -85400, 831.31)
ability(9.8, 19.0, "Call Of Arms", 837.93)
upgrade(9.8, 19.0, 1, -89900, 840.64)
place(-4.1, 1.0, -12.9, "Minigunner", -89900, 852.27)
upgrade(-4.1, -12.9, 1, -90300, 853.53)
upgrade(-4.1, -12.9, 1, -91800, 853.85)
place(-4.1, 1.0, -19.7, "Minigunner", -91800, 855.44)
place(3.7, 1.0, -20.5, "Commander", -91800, 866.57)
upgrade(3.7, -20.5, 1, -92200, 868.05)
upgrade(3.7, -20.5, 1, -94650, 868.28)
ability(3.7, -20.5, "Call Of Arms", 873.33)
place(-4.3, 1.0, -19.8, "Minigunner", -94650, 877.71)
place(4.0, 1.0, -16.5, "Minigunner", -94650, 879.24)
place(-3.9, 1.0, -9.4, "Minigunner", -94650, 881.28)
upgrade(-3.9, -9.4, 1, -95050, 882.66)
upgrade(-4.3, -19.8, 1, -95450, 883.93)
upgrade(4.0, -16.5, 1, -95850, 885.41)
ability(11.5, -3.0, "Call Of Arms", 886.86)
ability(9.8, 19.0, "Call Of Arms", 887.93)