-- ZEPHYR_META: {"authorId":"1388012357778935979","authorTag":"phucnguyen07416","category":"community","official":false,"createdAt":"2026-08-31T05:38:54.053Z","updatedAt":"2026-08-31T05:38:54.053Z"}
-- NOTE: hi developers
place(-11.9, 1.0, -3.4, "EvolvedOperator", 0, 1.25)
place(-11.9, 1.0, -0.6, "EvolvedOperator", 0, 3.68)
place(-11.9, 1.0, 2.5, "EvolvedOperator", 0, 13.17)
place(-9.4, 1.0, -2.9, "EvolvedOperator", 0, 22.45)
place(-9.3, 1.0, -0.2, "EvolvedOperator", 0, 25.53)
place(-9.3, 1.0, 2.3, "EvolvedOperator", 0, 33.46)
place(-6.5, 1.0, -3.1, "EvolvedOperator", 0, 52.64)
place(-3.3, 1.0, -3.3, "EvolvedOperator", 0, 55.17)
place(-0.7, 1.0, -3.2, "EvolvedOperator", 0, 59.24)
place(2.4, 1.0, -3.3, "EvolvedOperator", 0, 61.83)
place(5.2, 1.0, -3.7, "EvolvedOperator", 0, 64.29)
place(6.5, 1.0, -6.1, "EvolvedOperator", 0, 67.48)
place(6.4, 1.0, -9.1, "EvolvedOperator", 0, 73.10)
place(9.2, 1.0, -9.7, "EvolvedOperator", 0, 78.74)
place(11.8, 1.0, -10.5, "EvolvedOperator", 0, 82.33)
place(-9.1, 1.0, 4.9, "EvolvedOperator", 0, 90.11)
upgrade(-11.9, -3.4, 1, -325, 97.61)
upgrade(-11.9, -0.6, 1, -650, 98.47)
upgrade(-11.9, -0.6, 1, -1350, 100.82)
upgrade(-11.9, 2.5, 1, -1675, 109.42)
upgrade(-9.1, 4.9, 1, -2000, 110.50)
upgrade(-9.3, 2.3, 1, -2325, 111.46)
upgrade(-9.3, -0.2, 1, -2650, 112.52)
upgrade(-9.4, -2.9, 1, -2975, 119.71)
place(-2.0, 1.9, 30.2, "Farm", -2975, 132.31)
place(-6.1, 1.9, 30.4, "Farm", -2975, 133.42)
place(4.1, 1.9, 25.3, "Farm", -2975, 135.04)
place(-0.9, 1.9, 24.9, "Farm", -2975, 136.18)
place(-5.8, 1.9, 25.3, "Farm", -2975, 137.22)
place(-10.2, 1.9, 24.8, "Farm", -2975, 138.57)
place(3.3, 1.9, 21.0, "Farm", -2975, 150.55)
place(-0.9, 1.9, 20.8, "Farm", -2975, 153.27)
place(-6.0, 1.9, 20.7, "Farm", -2975, 155.08)
place(-10.8, 1.9, 21.0, "Farm", -2975, 158.79)
upgrade(-2.0, 30.2, 1, -3175, 161.70)
upgrade(-6.1, 30.4, 1, -3375, 162.43)
upgrade(4.1, 25.3, 1, -3575, 163.20)
upgrade(-0.9, 24.9, 1, -3775, 164.08)
upgrade(-5.8, 25.3, 1, -3975, 164.83)
upgrade(-10.2, 24.8, 1, -4175, 165.63)
upgrade(3.3, 21.0, 1, -4375, 166.71)
upgrade(-0.9, 20.8, 1, -4575, 168.71)
upgrade(-6.0, 20.7, 1, -4775, 169.36)
upgrade(-10.8, 21.0, 1, -4975, 170.82)
upgrade(-6.5, -3.1, 1, -5300, 180.01)
upgrade(-3.3, -3.3, 1, -5625, 181.03)
upgrade(-0.7, -3.2, 1, -5950, 190.35)
upgrade(2.4, -3.3, 1, -6275, 193.46)
upgrade(5.2, -3.7, 1, -6600, 194.40)
upgrade(6.5, -6.1, 1, -6925, 196.73)
upgrade(6.4, -9.1, 1, -7250, 197.80)
upgrade(9.2, -9.7, 1, -7575, 198.61)
upgrade(11.8, -10.5, 1, -7900, 199.77)
upgrade(-11.9, 2.5, 1, -8600, 205.28)
upgrade(-11.9, -3.4, 1, -9300, 212.34)
upgrade(-9.1, 4.9, 1, -10000, 218.99)
upgrade(-9.3, 2.3, 1, -10700, 221.12)
upgrade(-9.3, -0.2, 1, -11400, 222.31)
upgrade(-9.4, -2.9, 1, -12100, 224.20)
upgrade(-6.5, -3.1, 1, -12800, 230.38)
upgrade(-3.3, -3.3, 1, -13500, 236.86)
upgrade(-0.7, -3.2, 1, -14200, 239.73)
upgrade(2.4, -3.3, 1, -14900, 241.35)
upgrade(5.2, -3.7, 1, -15600, 242.39)
upgrade(6.5, -6.1, 1, -16300, 246.12)
upgrade(6.4, -9.1, 1, -17000, 248.73)
upgrade(9.2, -9.7, 1, -17700, 254.25)
upgrade(11.8, -10.5, 1, -18400, 258.50)
upgrade(-2.0, 30.2, 1, -19000, 262.83)
upgrade(-6.1, 30.4, 1, -19600, 263.91)
upgrade(4.1, 25.3, 1, -20200, 268.85)
upgrade(-0.9, 24.9, 1, -20800, 270.10)
upgrade(-5.8, 25.3, 1, -21400, 271.00)
upgrade(-10.2, 24.8, 1, -22000, 276.75)
upgrade(3.3, 21.0, 1, -22600, 282.25)
upgrade(-0.9, 20.8, 1, -23200, 283.37)
upgrade(-6.0, 20.7, 1, -23800, 284.69)
upgrade(-10.8, 21.0, 1, -24400, 288.82)
upgrade(-2.0, 30.2, 1, -25650, 292.82)
upgrade(-6.1, 30.4, 1, -26900, 293.72)
upgrade(-0.9, 24.9, 1, -28150, 294.60)
upgrade(-5.8, 25.3, 1, -29400, 306.79)
upgrade(-10.2, 24.8, 1, -30650, 312.98)
upgrade(4.1, 25.3, 1, -31900, 317.98)
upgrade(3.3, 21.0, 1, -33150, 318.86)
upgrade(-0.9, 20.8, 1, -34400, 320.74)
upgrade(-6.0, 20.7, 1, -35650, 321.49)
upgrade(-10.8, 21.0, 1, -36900, 322.46)
upgrade(-11.9, -3.4, 1, -38150, 332.88)
upgrade(-11.9, -0.6, 1, -39400, 338.11)
upgrade(-11.9, 2.5, 1, -40650, 349.85)
upgrade(-9.1, 4.9, 1, -41900, 359.67)
upgrade(-9.3, 2.3, 1, -43150, 360.69)
upgrade(-9.3, -0.2, 1, -44400, 361.84)
upgrade(-9.3, -0.2, 1, -46350, 368.69)
upgrade(-9.3, -0.2, 1, -49850, 369.70)
upgrade(-9.4, -2.9, 1, -51100, 373.01)
upgrade(-9.4, -2.9, 1, -53050, 375.31)
upgrade(-9.3, 2.3, 1, -55000, 379.36)
upgrade(-9.3, 2.3, 1, -58500, 386.37)
upgrade(-9.1, 4.9, 1, -60450, 387.96)
upgrade(-9.1, 4.9, 1, -63950, 394.98)
upgrade(-11.9, -3.4, 1, -65900, 402.32)
place(-2.1, 1.0, 3.1, "Hacker", -65900, 405.90)
upgrade(-2.1, 3.1, 1, -66025, 407.89)
upgrade(-11.9, 2.5, 1, -69312, 414.98)
upgrade(-11.9, 2.5, 1, -72812, 415.77)
upgrade(-9.4, -2.9, 1, -76312, 420.15)
upgrade(-11.9, -3.4, 1, -79812, 423.17)
upgrade(-11.9, -0.6, 1, -81762, 426.84)
upgrade(-11.9, -0.6, 1, -85262, 442.87)
upgrade(-6.5, -3.1, 1, -86512, 453.04)
upgrade(-6.5, -3.1, 1, -91962, 454.36)
upgrade(-3.3, -3.3, 1, -93212, 457.20)
upgrade(-3.3, -3.3, 1, -95162, 457.50)
upgrade(-3.3, -3.3, 1, -98662, 460.54)
upgrade(-0.7, -3.2, 1, -99912, 467.03)
upgrade(-0.7, -3.2, 1, -101862, 469.19)
upgrade(-0.7, -3.2, 1, -105362, 470.97)
upgrade(2.4, -3.3, 1, -106612, 472.66)
upgrade(2.4, -3.3, 1, -108562, 473.92)
upgrade(2.4, -3.3, 1, -112062, 478.97)
upgrade(5.2, -3.7, 1, -113312, 481.28)
upgrade(5.2, -3.7, 1, -115262, 481.99)
upgrade(5.2, -3.7, 1, -118762, 492.18)
upgrade(6.5, -6.1, 1, -120012, 495.06)
upgrade(6.5, -6.1, 1, -121962, 496.03)
upgrade(6.5, -6.1, 1, -125462, 499.37)
upgrade(6.4, -9.1, 1, -126712, 500.97)
upgrade(6.4, -9.1, 1, -128662, 501.67)
upgrade(6.4, -9.1, 1, -132162, 503.67)
upgrade(9.2, -9.7, 1, -133412, 506.28)
upgrade(9.2, -9.7, 1, -135362, 507.32)
upgrade(9.2, -9.7, 1, -138862, 514.86)
upgrade(11.8, -10.5, 1, -140112, 516.82)
upgrade(11.8, -10.5, 1, -142062, 517.58)
upgrade(11.8, -10.5, 1, -145562, 519.63)
upgrade(-2.1, 3.1, 1, -152062, 531.41)
upgrade(-10.8, 21.0, 1, -154562, 540.86)
upgrade(-6.0, 20.7, 1, -157062, 542.08)
upgrade(-10.8, 21.0, 1, -161562, 543.29)
upgrade(-6.0, 20.7, 1, -166062, 550.23)
upgrade(-0.9, 20.8, 1, -168562, 553.06)
upgrade(-0.9, 20.8, 1, -173062, 560.89)
upgrade(3.3, 21.0, 1, -175562, 561.92)
upgrade(3.3, 21.0, 1, -180062, 564.45)
upgrade(4.1, 25.3, 1, -182562, 566.28)
upgrade(4.1, 25.3, 1, -187062, 571.44)
upgrade(-0.9, 24.9, 1, -189562, 575.06)
upgrade(-0.9, 24.9, 1, -194062, 582.90)
upgrade(-5.8, 25.3, 1, -196562, 584.24)
upgrade(-5.8, 25.3, 1, -201062, 592.78)
upgrade(-10.2, 24.8, 1, -203562, 593.67)
upgrade(-2.0, 30.2, 1, -210562, 600.93)
upgrade(-2.0, 30.2, 1, -215062, 607.40)
place(1.7, 1.0, 3.6, "EvolvedKingpin", -215062, 620.72)
upgrade(1.7, 3.6, 1, -216462, 622.51)
upgrade(1.7, 3.6, 1, -220462, 624.35)
upgrade(-6.1, 30.4, 1, -228962, 631.60)
upgrade(-6.1, 30.4, 1, -233462, 632.01)
upgrade(1.7, 3.6, 2, -247462, 649.32)
option(1.7, 3.6, "Unit 3", "Bouncer", 652.97)