-- ZEPHYR_META: {"authorId":"1388012357778935979","authorTag":"phucnguyen07416","category":"community","official":false,"createdAt":"2026-08-31T01:56:18.996Z","updatedAt":"2026-08-31T01:56:18.996Z"}
-- NOTE: hi
place(-11.1, 1.0, -2.9, "EvolvedOperator", 0, 2.87)
place(-11.2, 1.0, 0.5, "EvolvedOperator", 0, 6.79)
place(-11.7, 1.0, 3.8, "EvolvedOperator", 0, 14.39)
place(-8.3, 1.0, -2.6, "EvolvedOperator", 0, 29.04)
place(-7.8, 1.0, -0.2, "EvolvedOperator", 0, 32.48)
place(-8.6, 1.0, 3.2, "EvolvedOperator", 0, 37.37)
place(-5.8, 1.0, -3.0, "EvolvedOperator", 0, 49.14)
place(-3.3, 1.0, -3.4, "EvolvedOperator", 0, 55.71)
place(-0.3, 1.0, -3.2, "EvolvedOperator", 0, 62.11)
place(2.9, 1.0, -3.5, "EvolvedOperator", 0, 66.39)
place(6.0, 1.0, -3.7, "EvolvedOperator", 0, 69.83)
place(6.6, 1.0, -6.8, "EvolvedOperator", 0, 72.74)
place(7.3, 1.0, -10.4, "EvolvedOperator", 0, 77.84)
place(10.8, 1.0, -10.3, "EvolvedOperator", 0, 80.85)
place(-0.6, 1.0, -9.9, "EvolvedOperator", 0, 87.62)
place(-3.6, 1.0, -9.9, "EvolvedOperator", 0, 90.29)
place(-1.7, 1.0, 2.9, "Engineer", 0, 103.20)
place(1.6, 1.0, 3.2, "Engineer", 0, 109.11)
place(4.9, 1.0, 3.2, "Engineer", 0, 118.76)
place(8.7, 1.0, 3.2, "Engineer", 0, 123.12)
place(-12.1, 1.0, 7.2, "Engineer", 0, 142.26)
place(-8.4, 1.0, 6.8, "Engineer", 0, 144.72)
upgrade(-11.7, 3.8, 1, -325, 149.30)
upgrade(-11.2, 0.5, 1, -650, 151.35)
upgrade(-11.1, -2.9, 1, -975, 153.34)
upgrade(-8.6, 3.2, 1, -1300, 174.14)
upgrade(-7.8, -0.2, 1, -1625, 178.24)
upgrade(-8.3, -2.6, 1, -1950, 180.21)
upgrade(-5.8, -3.0, 1, -2275, 182.44)
upgrade(-3.3, -3.4, 1, -2600, 200.56)
upgrade(-0.3, -3.2, 1, -2925, 202.36)
upgrade(2.9, -3.5, 1, -3250, 204.06)
upgrade(6.0, -3.7, 1, -3575, 206.07)
upgrade(6.6, -6.8, 1, -3900, 208.50)
upgrade(7.3, -10.4, 1, -4225, 210.43)
upgrade(10.8, -10.3, 1, -4550, 213.41)
upgrade(-3.6, -9.9, 1, -4875, 216.10)
upgrade(-0.6, -9.9, 1, -5200, 218.36)
upgrade(-11.7, 3.8, 1, -5900, 249.57)
upgrade(-11.7, 3.8, 1, -7150, 250.60)
upgrade(-11.7, 3.8, 1, -9100, 251.70)
upgrade(-11.2, 0.5, 1, -9800, 256.35)
upgrade(-11.2, 0.5, 1, -11050, 257.33)
upgrade(-11.2, 0.5, 1, -13000, 267.22)
upgrade(-11.1, -2.9, 1, -13700, 269.71)
upgrade(-11.1, -2.9, 1, -14950, 278.47)
upgrade(-11.1, -2.9, 1, -16900, 292.54)
upgrade(-8.6, 3.2, 1, -17600, 295.84)
upgrade(-8.6, 3.2, 1, -18850, 299.27)
upgrade(-8.6, 3.2, 1, -20800, 319.95)
upgrade(-7.8, -0.2, 1, -21500, 325.09)
upgrade(-7.8, -0.2, 1, -22750, 325.69)
upgrade(-7.8, -0.2, 1, -24700, 334.21)
upgrade(-8.3, -2.6, 1, -25400, 336.76)
upgrade(-8.3, -2.6, 1, -26650, 341.46)
upgrade(-8.3, -2.6, 1, -28600, 349.13)
upgrade(-5.8, -3.0, 1, -29300, 352.42)
upgrade(-5.8, -3.0, 1, -30550, 353.24)
upgrade(-5.8, -3.0, 1, -32500, 356.49)
upgrade(-3.3, -3.4, 1, -33200, 359.65)
upgrade(-3.3, -3.4, 1, -34450, 362.52)
upgrade(-3.3, -3.4, 1, -36400, 370.50)
upgrade(-0.3, -3.2, 1, -37100, 372.77)
upgrade(-0.3, -3.2, 1, -38350, 373.28)
upgrade(-0.3, -3.2, 1, -40300, 389.68)
upgrade(2.9, -3.5, 1, -41000, 392.21)
upgrade(2.9, -3.5, 1, -42250, 393.01)
upgrade(2.9, -3.5, 1, -44200, 404.51)
upgrade(6.0, -3.7, 1, -44900, 406.93)
upgrade(6.0, -3.7, 1, -46150, 407.40)
upgrade(6.0, -3.7, 1, -48100, 408.59)
upgrade(6.6, -6.8, 1, -48800, 411.09)
upgrade(6.6, -6.8, 1, -50050, 413.39)
upgrade(6.6, -6.8, 1, -52000, 417.01)
upgrade(7.3, -10.4, 1, -52700, 419.61)
upgrade(7.3, -10.4, 1, -53950, 420.52)
upgrade(7.3, -10.4, 1, -55900, 431.18)
upgrade(10.8, -10.3, 1, -56600, 436.39)
upgrade(10.8, -10.3, 1, -57850, 437.73)
upgrade(10.8, -10.3, 1, -59800, 440.61)
upgrade(-0.6, -9.9, 1, -60500, 450.05)
upgrade(-0.6, -9.9, 1, -61750, 451.31)
upgrade(-0.6, -9.9, 1, -63700, 453.45)
upgrade(-3.6, -9.9, 1, -64400, 456.10)
upgrade(-3.6, -9.9, 1, -65650, 457.07)
upgrade(-3.6, -9.9, 1, -67600, 461.64)
upgrade(-1.7, 2.9, 1, -67925, 467.55)
upgrade(-1.7, 2.9, 1, -68825, 468.36)
upgrade(-1.7, 2.9, 1, -70902, 469.80)
upgrade(-1.7, 2.9, 1, -77152, 484.51)
upgrade(-1.7, 2.9, 1, -89652, 507.30)
upgrade(1.6, 3.2, 1, -89977, 509.68)
upgrade(1.6, 3.2, 1, -90877, 510.33)
upgrade(1.6, 3.2, 1, -92954, 511.74)
upgrade(1.6, 3.2, 1, -99204, 533.20)
upgrade(1.6, 3.2, 1, -111704, 567.08)
upgrade(4.9, 3.2, 1, -112029, 570.65)
upgrade(4.9, 3.2, 1, -112929, 571.25)
upgrade(4.9, 3.2, 1, -115006, 572.62)
upgrade(4.9, 3.2, 1, -121256, 585.67)
upgrade(4.9, 3.2, 1, -133756, 615.61)
upgrade(8.7, 3.2, 1, -134081, 618.12)
upgrade(8.7, 3.2, 1, -134981, 618.55)
upgrade(8.7, 3.2, 1, -137058, 624.64)
upgrade(8.7, 3.2, 1, -143308, 638.38)