-- ZEPHYR_META: {"authorId":"1388012357778935979","authorTag":"phucnguyen07416","category":"community","official":false,"createdAt":"2026-08-31T01:24:21.272Z","updatedAt":"2026-08-31T01:24:21.272Z"}
-- NOTE: hi developers
place(-11.8, 1.0, -2.5, "EvolvedOperator", 0, 0.34)
place(-8.9, 1.0, -2.6, "EvolvedOperator", 0, 10.37)
upgrade(-11.8, -2.5, 1, -325, 13.80)
place(-12.1, 1.0, 0.1, "EvolvedOperator", -325, 25.82)
place(-9.2, 1.0, 0.5, "EvolvedOperator", -325, 29.05)
place(-11.5, 1.0, 2.6, "EvolvedOperator", -325, 36.49)
place(-9.0, 1.0, 3.1, "EvolvedOperator", -325, 41.32)
place(-1.7, 1.9, 30.7, "Farm", -325, 48.89)
place(-5.4, 1.9, 30.8, "Farm", -325, 57.07)
place(0.4, 1.9, 26.1, "Farm", -325, 63.17)
place(-3.7, 1.9, 26.5, "Farm", -325, 64.18)
place(-7.8, 1.9, 26.3, "Farm", -325, 66.04)
upgrade(-11.5, 2.6, 1, -650, 74.49)
upgrade(-9.0, 3.1, 1, -975, 78.42)
upgrade(-9.2, 0.5, 1, -1300, 79.39)
upgrade(-8.9, -2.6, 1, -1625, 82.26)
place(1.6, 1.9, 21.9, "Farm", -1625, 95.76)
place(-2.7, 1.9, 21.7, "Farm", -1625, 96.89)
place(-7.4, 1.9, 21.8, "Farm", -1625, 97.95)
place(-13.0, 1.9, 22.6, "Farm", -1625, 99.57)
place(-17.6, 1.9, 22.4, "Farm", -1625, 100.72)
upgrade(-1.7, 30.7, 1, -1825, 106.31)
upgrade(-5.4, 30.8, 1, -2025, 107.27)
upgrade(0.4, 26.1, 1, -2225, 107.99)
upgrade(-3.7, 26.5, 1, -2425, 108.99)
upgrade(-7.8, 26.3, 1, -2625, 109.79)
upgrade(1.6, 21.9, 1, -2825, 113.08)
upgrade(-2.7, 21.7, 1, -3025, 114.24)
upgrade(-7.4, 21.8, 1, -3225, 115.27)
upgrade(-13.0, 22.6, 1, -3425, 116.33)
upgrade(-17.6, 22.4, 1, -3625, 117.29)
upgrade(-11.5, 2.6, 1, -4325, 120.36)
upgrade(-11.5, 2.6, 1, -5575, 138.51)
upgrade(-12.1, 0.1, 1, -5900, 145.96)
upgrade(-12.1, 0.1, 1, -6600, 146.45)
upgrade(-11.5, 2.6, 1, -8550, 164.54)
upgrade(-12.1, 0.1, 1, -9800, 168.76)
upgrade(-12.1, 0.1, 1, -11750, 182.25)
upgrade(-11.8, -2.5, 1, -12450, 186.44)
upgrade(-11.8, -2.5, 1, -13700, 195.56)
upgrade(-11.8, -2.5, 1, -15650, 208.66)
upgrade(-9.0, 3.1, 1, -16350, 216.67)
upgrade(-9.0, 3.1, 1, -17600, 217.53)
upgrade(-9.0, 3.1, 1, -19550, 227.41)
upgrade(-9.2, 0.5, 1, -20250, 232.03)
upgrade(-9.2, 0.5, 1, -21500, 232.92)
upgrade(-9.2, 0.5, 1, -23450, 240.39)
upgrade(-8.9, -2.6, 1, -24150, 254.34)
upgrade(-8.9, -2.6, 1, -27350, 258.97)
upgrade(-1.7, 30.7, 1, -27950, 266.38)
upgrade(-5.4, 30.8, 1, -28550, 267.38)
upgrade(1.6, 21.9, 1, -29150, 268.72)
upgrade(0.4, 26.1, 1, -29750, 270.45)
upgrade(-2.7, 21.7, 1, -30350, 272.47)
upgrade(-3.7, 26.5, 1, -30950, 273.28)
upgrade(-7.8, 26.3, 1, -31550, 274.20)
upgrade(-7.4, 21.8, 1, -32150, 276.25)
upgrade(-13.0, 22.6, 1, -32750, 277.21)
upgrade(-17.6, 22.4, 1, -33350, 278.36)
upgrade(-1.7, 30.7, 1, -34600, 288.73)
upgrade(-5.4, 30.8, 1, -35850, 292.21)
upgrade(0.4, 26.1, 1, -37100, 298.13)
upgrade(-3.7, 26.5, 1, -38350, 300.16)
upgrade(-7.8, 26.3, 1, -39600, 304.65)
upgrade(1.6, 21.9, 1, -40850, 306.20)
upgrade(-2.7, 21.7, 1, -42100, 307.17)
upgrade(-7.4, 21.8, 1, -43350, 311.28)
upgrade(-13.0, 22.6, 1, -44600, 318.76)
upgrade(-17.6, 22.4, 1, -45850, 326.62)
place(-6.1, 1.0, -3.3, "EvolvedOperator", -45850, 331.75)
place(-3.5, 1.0, -3.3, "EvolvedOperator", -45850, 333.13)
place(-0.6, 1.0, -3.2, "EvolvedOperator", -45850, 338.79)
place(2.2, 1.0, -3.5, "EvolvedOperator", -45850, 341.34)
place(6.3, 1.0, -3.7, "EvolvedOperator", -45850, 344.62)
place(6.0, 1.0, -7.5, "EvolvedOperator", -45850, 345.98)
place(6.7, 1.0, -10.7, "EvolvedOperator", -45850, 347.40)
place(9.8, 1.0, -10.9, "EvolvedOperator", -45850, 350.17)
place(-1.4, 1.0, 3.3, "EvolvedOperator", -45850, 355.25)
place(2.1, 1.0, 3.4, "EvolvedOperator", -45850, 357.15)
upgrade(-3.5, -3.3, 1, -46175, 363.43)
upgrade(-3.5, -3.3, 1, -48125, 363.82)
upgrade(-3.5, -3.3, 1, -52025, 364.33)
upgrade(-6.1, -3.3, 1, -49700, 367.24)
upgrade(-6.1, -3.3, 1, -52900, 367.78)
upgrade(-0.6, -3.2, 1, -53225, 370.59)
upgrade(-0.6, -3.2, 1, -55175, 370.97)
upgrade(-0.6, -3.2, 1, -57125, 372.39)
upgrade(2.2, -3.5, 1, -57450, 374.09)
upgrade(2.2, -3.5, 1, -59400, 374.49)
upgrade(6.3, -3.7, 1, -60425, 377.90)
upgrade(6.3, -3.7, 1, -61825, 378.23)
upgrade(6.3, -3.7, 1, -63775, 378.61)
upgrade(6.0, -7.5, 1, -63400, 381.16)
upgrade(6.0, -7.5, 1, -65350, 381.53)
upgrade(6.0, -7.5, 1, -67300, 386.10)
upgrade(6.7, -10.7, 1, -67625, 387.36)
upgrade(6.7, -10.7, 1, -69575, 387.75)
upgrade(6.7, -10.7, 1, -71525, 388.16)
upgrade(6.7, -10.7, 1, -71525, 390.44)
upgrade(9.8, -10.9, 1, -71850, 392.24)
upgrade(9.8, -10.9, 1, -75050, 392.80)
upgrade(9.8, -10.9, 1, -76450, 393.25)
upgrade(-1.4, 3.3, 1, -74825, 396.76)
upgrade(-1.4, 3.3, 1, -75525, 398.43)
upgrade(-1.4, 3.3, 1, -76775, 405.57)
upgrade(-1.4, 3.3, 1, -78725, 406.42)
upgrade(2.1, 3.4, 1, -79050, 408.42)
upgrade(2.1, 3.4, 1, -79750, 408.68)
upgrade(2.1, 3.4, 1, -79750, 411.52)
upgrade(2.1, 3.4, 1, -81000, 416.92)
upgrade(2.1, 3.4, 1, -82950, 423.80)
upgrade(-1.7, 30.7, 1, -85450, 449.93)
upgrade(-1.7, 30.7, 1, -89950, 450.33)
upgrade(-5.4, 30.8, 1, -92450, 452.20)
upgrade(-5.4, 30.8, 1, -101450, 452.67)
upgrade(0.4, 26.1, 1, -99450, 454.86)
upgrade(-3.7, 26.5, 1, -106450, 456.70)
upgrade(-3.7, 26.5, 1, -110950, 466.75)
upgrade(-7.8, 26.3, 1, -113450, 472.94)
upgrade(-7.8, 26.3, 1, -117950, 473.70)
upgrade(1.6, 21.9, 1, -120450, 497.51)
upgrade(1.6, 21.9, 1, -124950, 497.87)
upgrade(-2.7, 21.7, 1, -127450, 499.13)
upgrade(-2.7, 21.7, 1, -131950, 499.48)
upgrade(-7.4, 21.8, 1, -134450, 500.96)
upgrade(-7.4, 21.8, 1, -138950, 501.38)
upgrade(-13.0, 22.6, 1, -141450, 502.44)
upgrade(-17.6, 22.4, 1, -148450, 511.93)
upgrade(-17.6, 22.4, 1, -152950, 524.68)