-- ZEPHYR_META: {"authorId":"1189919788709969965","authorTag":"asep0456_89096","createdAt":"2026-06-14T14:34:02.164Z","updatedAt":"2026-06-14T14:34:02.164Z"}
place(-6.1, 1.0, -34.7, "Assassin", -8850, 1.67)
upgrade(-6.1, -34.7, 1, -9300, 10.44)
upgrade(0.4, -35.6, 1, -9750, 20.95)
place(-5.9, 1.0, -32.6, "Assassin", -9750, 28.76)
upgrade(-5.9, -32.6, 1, -10200, 33.77)
place(0.8, 1.0, -33.6, "Assassin", -10200, 42.93)
upgrade(0.8, -33.6, 1, -10650, 46.95)
place(-5.3, 1.0, -22.1, "Trapper", -10650, 49.99)
upgrade(-6.1, -34.7, 1, -11400, 60.86)
upgrade(0.4, -35.6, 1, -12150, 73.72)
upgrade(0.8, -33.6, 1, -12900, 77.41)
skip(7, 94.01)
skip(7, 96.16)
upgrade(-5.9, -32.6, 1, -13650, 97.87)
skip(7, 98.32)
skip(8, 100.50)
skip(8, 102.77)
skip(8, 105.01)
skip(8, 107.14)
skip(8, 109.38)
skip(8, 111.61)
skip(8, 113.76)
skip(8, 115.95)
skip(8, 118.10)
skip(9, 120.10)
skip(9, 121.39)
skip(9, 122.77)
skip(0, 124.04)
skip(0, 125.43)