-- ZEPHYR_META: {"authorId":"1313867364680470549","authorTag":"exl1e","category":"community","official":false,"createdAt":"2026-08-16T06:09:47.081Z","updatedAt":"2026-08-16T06:09:47.081Z"}
-- NOTE: the strat can be used with autoskip,created by me using the strat thanks
place(-17.8, 1.0, -4.1, "Brawler", 0, 2.19)
place(-17.8, 1.0, -2.1, "Brawler", 0, 8.30)
upgrade(-17.7, -6.1, 1, -200, 14.59)
upgrade(-17.7, -6.1, 1, -1400, 32.91)
upgrade(-17.7, -6.1, 1, -3900, 75.96)
consumable(15.3, 1.1, -11.5, "Barricade", "1", 79.76, 0.506, -0.508, -0.697, 80.24)
place(-8.1, 1.0, -8.9, "DJ Booth", -3900, 98.04)
upgrade(-17.8, -4.1, 1, -4100, 106.05)
upgrade(-17.8, -4.1, 1, -5300, 112.64)
upgrade(-17.8, -4.1, 1, -7800, 130.86)
place(-12.1, 1.0, -8.9, "Hacker", -7800, 139.96)
upgrade(-12.1, -8.9, 1, -7925, 155.96)
upgrade(-12.1, -8.9, 1, -9262, 156.44)
upgrade(-17.8, -2.1, 1, -9462, 163.04)
upgrade(-17.8, -2.1, 1, -13162, 184.64)
place(-17.7, 1.0, -8.1, "Brawler", -13162, 190.57)
upgrade(-17.7, -8.1, 1, -13362, 191.79)
upgrade(-17.7, -8.1, 1, -14562, 192.14)
upgrade(-17.7, -8.1, 1, -17062, 192.74)
upgrade(-8.1, -8.9, 1, -17362, 196.51)
upgrade(-8.1, -8.9, 1, -18612, 196.91)
upgrade(-8.1, -8.9, 1, -21612, 212.02)
ability(-8.1, -8.9, "Drop The Beat", 214.20)
place(-17.7, 1.0, -10.2, "Brawler", -21612, 218.50)
upgrade(-17.7, -10.2, 1, -21812, 219.54)
upgrade(-17.7, -10.2, 1, -23012, 220.19)
upgrade(-17.7, -10.2, 1, -25512, 225.81)
place(-17.8, 1.0, -12.2, "Brawler", -25512, 229.67)
upgrade(-17.8, -12.2, 1, -25712, 230.94)
upgrade(-17.8, -12.2, 1, -26912, 231.87)
upgrade(-17.8, -12.2, 1, -29412, 244.32)
place(-17.9, 1.0, -14.2, "Brawler", -29412, 248.94)
upgrade(-17.9, -14.2, 1, -29612, 250.15)
upgrade(-17.9, -14.2, 1, -30812, 250.80)
upgrade(-17.9, -14.2, 1, -33312, 253.32)
place(-15.9, 1.0, -9.1, "Brawler", -33312, 256.44)
upgrade(-15.9, -9.1, 1, -33512, 257.81)
upgrade(-15.9, -9.1, 1, -34712, 258.39)
upgrade(-15.9, -9.1, 1, -37212, 262.21)
place(-15.8, 1.0, -11.1, "Brawler", -37212, 265.80)
upgrade(-15.8, -11.1, 1, -37412, 267.84)
upgrade(-15.8, -11.1, 1, -38612, 268.35)
upgrade(-15.8, -11.1, 1, -41112, 268.76)
ability(-8.1, -8.9, "Drop The Beat", 271.27)
place(-15.9, 1.0, -13.2, "Brawler", -41112, 272.18)
option(-8.1, -8.9, "Track", "Red", 276.49)
upgrade(-15.9, -13.2, 1, -41312, 282.04)
upgrade(-15.9, -13.2, 1, -42512, 282.62)
upgrade(-15.9, -13.2, 1, -45012, 283.40)
option(-8.1, -8.9, "Track", "Green", 306.69)
place(-7.7, 1.0, -3.4, "Engineer", -45012, 310.00)
upgrade(-7.7, -3.4, 1, -45304, 311.30)
upgrade(-7.7, -3.4, 1, -46114, 311.89)
upgrade(-7.7, -3.4, 1, -47983, 312.34)
upgrade(-7.7, -3.4, 1, -53608, 312.87)
place(-4.7, 1.0, -3.3, "Engineer", -53608, 315.68)
upgrade(-4.7, -3.3, 1, -53900, 320.32)
upgrade(-4.7, -3.3, 1, -54710, 320.71)
upgrade(-4.7, -3.3, 1, -56579, 321.19)
upgrade(-4.7, -3.3, 1, -62204, 325.82)
place(-7.8, 1.0, -0.2, "Engineer", -62204, 333.93)
upgrade(-7.8, -0.2, 1, -62496, 335.63)
upgrade(-7.8, -0.2, 1, -63306, 336.33)
upgrade(-7.8, -0.2, 1, -65175, 337.91)
upgrade(-7.8, -0.2, 1, -70800, 344.25)
place(-4.0, 1.0, -8.9, "Engineer", -70800, 348.94)
upgrade(-4.0, -8.9, 1, -71092, 350.22)
upgrade(-4.0, -8.9, 1, -71902, 350.60)
upgrade(-4.0, -8.9, 1, -73771, 351.19)
upgrade(-4.0, -8.9, 1, -79396, 360.13)
place(-0.8, 1.0, -8.9, "Engineer", -79396, 365.37)
upgrade(-0.8, -8.9, 1, -79688, 366.52)
upgrade(-0.8, -8.9, 1, -80498, 367.00)
upgrade(-0.8, -8.9, 1, -82367, 367.50)
upgrade(-0.8, -8.9, 1, -87992, 380.91)
place(-4.0, 1.0, -11.9, "Engineer", -87992, 385.19)
upgrade(-4.0, -11.9, 1, -88284, 386.53)
upgrade(-4.0, -11.9, 1, -89094, 387.03)
upgrade(-4.0, -11.9, 1, -90963, 387.56)
upgrade(-4.0, -11.9, 1, -96588, 396.93)
upgrade(-17.8, -2.1, 1, -99738, 401.79)
upgrade(-17.8, -4.1, 1, -102888, 409.09)
upgrade(-17.7, -6.1, 1, -106038, 416.92)
upgrade(-17.7, -8.1, 1, -109188, 421.97)
upgrade(-17.7, -10.2, 1, -112338, 430.99)
upgrade(-17.8, -12.2, 1, -115488, 432.50)
upgrade(-17.9, -14.2, 1, -118638, 438.20)
upgrade(-15.9, -9.1, 1, -121788, 440.35)
upgrade(-15.8, -11.1, 1, -124938, 443.86)
upgrade(-15.9, -13.2, 1, -128088, 444.76)
upgrade(-4.7, -3.3, 1, -139338, 451.78)
upgrade(-4.7, -3.3, 1, -168588, 490.07)
upgrade(-7.7, -3.4, 1, -179838, 501.50)
upgrade(-7.7, -3.4, 1, -209088, 521.00)
upgrade(-7.8, -0.2, 1, -220338, 556.96)
upgrade(-7.8, -0.2, 1, -249588, 557.41)
upgrade(-8.1, -8.9, 1, -257588, 574.73)
upgrade(-8.1, -8.9, 1, -277588, 579.22)
upgrade(-4.0, -8.9, 1, -288213, 585.35)
upgrade(-4.0, -8.9, 1, -315838, 605.56)
upgrade(-0.8, -8.9, 1, -326463, 612.80)
upgrade(-0.8, -8.9, 1, -354088, 634.46)
upgrade(-4.0, -11.9, 1, -364713, 637.17)
ability(-8.1, -8.9, "Drop The Beat", 643.10)
upgrade(-4.0, -11.9, 1, -392338, 649.12)
place(-2.4, 1.0, 2.2, "EvolvedJuggernaut", -392338, 657.52)
upgrade(-2.4, 2.2, 1, -394718, 658.80)
upgrade(-2.4, 2.2, 1, -400668, 659.44)
upgrade(-2.4, 2.2, 1, -415288, 664.03)
upgrade(-2.4, 2.2, 1, -445038, 685.47)
option(-8.1, -8.9, "Track", "Red", 697.05)
upgrade(-17.8, -2.1, 1, -452426, 711.61)
upgrade(-17.8, -4.1, 1, -459814, 713.54)
upgrade(-17.7, -6.1, 1, -467202, 715.09)
upgrade(-17.7, -8.1, 1, -474590, 716.18)
upgrade(-17.7, -10.2, 1, -481978, 717.25)
upgrade(-17.8, -12.2, 1, -489366, 721.06)
upgrade(-17.9, -14.2, 1, -496754, 721.99)
upgrade(-15.9, -9.1, 1, -504142, 725.73)
upgrade(-15.8, -11.1, 1, -511530, 726.68)
upgrade(-15.9, -13.2, 1, -518918, 728.51)
upgrade(-2.4, 2.2, 1, -575918, 754.10)
upgrade(-12.1, -8.9, 1, -582093, 757.10)
upgrade(-12.1, -8.9, 1, -604893, 760.02)
ability(-8.1, -8.9, "Drop The Beat", 769.67)
ability(-12.1, -8.9, "Hologram Tower", 783.31)
upgrade(-2.4, 2.2, 1, -695143, 800.74)
upgrade(-2.4, 2.2, 1, -861393, 842.70)
place(2.7, 1.0, -17.0, "Hacker", -861393, 851.05)
upgrade(2.7, -17.0, 1, -861511, 854.54)
upgrade(2.7, -17.0, 1, -862781, 855.41)
upgrade(2.7, -17.0, 1, -868956, 856.60)
upgrade(2.7, -17.0, 1, -891756, 857.10)
upgrade(2.7, -17.0, 2, -942296, 858.28)
upgrade(-12.1, -8.9, 2, -992836, 866.69)
ability(-8.1, -8.9, "Drop The Beat", 887.16)
ability(-12.1, -8.9, "Hologram Tower", 899.73)
ability(2.7, -17.0, "Hologram Tower", 904.72)
ability(-8.1, -8.9, "Drop The Beat", 916.93)
ability(-8.1, -8.9, "Drop The Beat", 945.42)
ability(2.7, -17.0, "Hologram Tower", 972.70)
ability(-12.1, -8.9, "Hologram Tower", 979.29)
ability(-12.1, -8.9, "Hologram Tower", 984.24)
ability(2.7, -17.0, "Hologram Tower", 1001.85)
ability(-8.1, -8.9, "Drop The Beat", 1018.42)
ability(-12.1, -8.9, "Hologram Tower", 1043.50)
ability(-12.1, -8.9, "Hologram Tower", 1051.40)
ability(-8.1, -8.9, "Drop The Beat", 1052.12)
ability(2.7, -17.0, "Hologram Tower", 1065.57)
ability(-17.8, -2.1, "Reposition", 1096.00)
ability(-15.9, -9.1, "Reposition", 1100.35)
ability(-8.1, -8.9, "Drop The Beat", 1100.81)
ability(-15.8, -11.1, "Reposition", 1102.53)
ability(-15.9, -13.2, "Reposition", 1103.32)
ability(-15.9, -13.2, "Reposition", 1109.71)
ability(-15.9, -13.2, "Reposition", 1112.47)
ability(-17.7, -8.1, "Reposition", 1113.56)
ability(-17.7, -6.1, "Reposition", 1115.49)
ability(-15.7, -6.4, "Reposition", 1116.17)
ability(-17.7, -10.2, "Reposition", 1117.87)
ability(-17.8, -4.1, "Reposition", 1118.43)
ability(-12.1, -8.9, "Hologram Tower", 1125.72)