-- ZEPHYR_META: {"authorId":"1321057067510796322","authorTag":"tubers9301705","category":"community","official":false,"createdAt":"2026-09-18T06:44:25.309Z","updatedAt":"2026-09-18T06:44:25.309Z"}
place(-1.8, 2.0, 7.9, "Soldier", 0, 6.24)
place(0.8, 2.0, 9.7, "Soldier", 0, 21.79)
upgrade(-1.8, 7.9, 1, -150, 31.06)
upgrade(-1.8, 7.9, 1, -950, 62.90)
upgrade(0.8, 9.7, 1, -1100, 66.51)
upgrade(0.8, 9.7, 1, -1900, 89.08)
place(-17.4, 2.0, -0.4, "Pyromancer", -1900, 122.69)
upgrade(-17.4, -0.4, 1, -2225, 124.57)
target(-17.4, -0.4, "Random", 128.76)
place(17.2, 2.0, 0.1, "Pyromancer", -2225, 146.38)
upgrade(17.2, 0.1, 1, -2550, 148.88)
target(17.2, 0.1, "Random", 150.26)
target(17.2, 0.1, "Farthest", 158.83)
target(-17.4, -0.4, "Farthest", 165.23)
upgrade(-17.4, -0.4, 1, -3550, 166.20)
upgrade(17.2, 0.1, 1, -4550, 171.61)
upgrade(-17.4, -0.4, 1, -6550, 193.61)
upgrade(17.2, 0.1, 1, -8550, 223.49)
upgrade(-17.4, -0.4, 1, -12327, 255.38)
upgrade(17.2, 0.1, 1, -16104, 285.50)
place(1.0, 2.0, 6.6, "Minigunner", -16104, 298.95)
upgrade(1.0, 6.6, 1, -16454, 300.92)
upgrade(1.0, 6.6, 1, -17954, 308.88)
place(-1.5, 2.0, 4.9, "Minigunner", -17954, 323.40)
upgrade(-1.5, 4.9, 1, -18304, 325.80)
upgrade(-1.5, 4.9, 1, -19804, 327.39)
place(1.1, 2.0, 3.4, "Minigunner", -19804, 341.54)
upgrade(1.1, 3.4, 1, -20154, 343.58)
upgrade(1.1, 3.4, 1, -21654, 347.09)
place(-1.5, 2.0, 1.9, "Minigunner", -21654, 358.11)
upgrade(-1.5, 1.9, 1, -22004, 360.75)
upgrade(-1.5, 1.9, 1, -23504, 363.88)
place(1.2, 2.0, 0.4, "Minigunner", -23504, 378.93)
upgrade(1.2, 0.4, 1, -23854, 381.28)
upgrade(1.2, 0.4, 1, -25354, 381.76)
place(-1.3, 2.0, -1.2, "Minigunner", -25354, 384.33)
upgrade(-1.3, -1.2, 1, -25704, 386.36)
upgrade(-1.3, -1.2, 1, -27204, 392.48)
place(-4.3, 2.0, 6.0, "Minigunner", -27204, 403.43)
upgrade(-4.3, 6.0, 1, -27554, 405.73)
sell(-1.8, 7.9, 408.82)
sell(0.8, 9.7, 410.47)
place(-2.0, 2.0, 8.1, "Minigunner", -29054, 412.89)
upgrade(-2.0, 8.1, 1, -29404, 416.35)
place(0.6, 2.0, 9.7, "Minigunner", -29754, 429.51)
upgrade(0.6, 9.7, 1, -30104, 431.87)
upgrade(0.6, 9.7, 1, -31604, 434.47)
place(3.4, 2.0, 8.5, "Minigunner", -31604, 439.31)
upgrade(3.4, 8.5, 1, -31954, 442.90)
upgrade(3.4, 8.5, 1, -33454, 447.53)
place(4.0, 2.0, 5.6, "Minigunner", -33454, 455.33)
upgrade(4.0, 5.6, 1, -33804, 457.42)
upgrade(4.0, 5.6, 1, -35304, 458.15)
place(4.3, 2.0, 2.5, "Minigunner", -35304, 463.29)
upgrade(4.3, 2.5, 1, -35654, 467.52)
upgrade(4.3, 2.5, 1, -37154, 470.17)
place(4.3, 2.0, -0.6, "Minigunner", -37154, 473.41)
upgrade(4.3, -0.6, 1, -37504, 481.94)
upgrade(4.3, -0.6, 1, -39004, 482.69)
place(-4.5, 2.0, 2.4, "Minigunner", -39004, 505.85)
upgrade(-4.5, 2.4, 1, -39354, 512.31)
upgrade(-4.5, 2.4, 1, -40854, 512.89)
place(-4.5, 2.0, -0.8, "Minigunner", -40854, 523.91)
upgrade(-4.5, -0.8, 1, -41204, 526.73)
place(1.9, 2.0, -2.8, "Minigunner", -42704, 533.78)
upgrade(1.9, -2.8, 1, -43054, 539.19)
upgrade(1.9, -2.8, 1, -44554, 539.91)