-- ZEPHYR_META: {"authorId":"1332738237395107912","authorTag":"aymankabio","createdAt":"2026-06-09T18:28:32.223Z","updatedAt":"2026-06-09T18:28:32.223Z"}
place(12.1, 1.0, -24.9, "Scout", 0, 3.09)
place(12.2, 1.0, -21.9, "Scout", 0, 7.56)
place(15.0, 1.0, -27.7, "Scout", 0, 10.84)
place(-1.8, 4.2, -23.5, "Sniper", 0, 64.95)
place(-0.4, 4.2, -21.4, "Sniper", 0, 69.74)
place(-3.1, 4.2, -21.2, "Sniper", 0, 73.21)
place(-1.5, 4.2, -19.2, "Sniper", 0, 76.65)
place(-3.9, 4.2, -18.3, "Sniper", 0, 79.61)
place(-3.7, 4.2, -15.7, "Sniper", 0, 97.35)
place(-6.0, 4.2, -16.6, "Sniper", 0, 100.56)
place(-6.0, 4.9, -19.7, "Sniper", 0, 105.91)
place(-6.2, 4.9, -22.2, "Sniper", 0, 136.59)
upgrade(-6.2, -22.2, 1, -200, 139.27)
upgrade(-6.2, -22.2, 1, -950, 139.64)
upgrade(-1.8, -23.5, 1, -1150, 141.47)
upgrade(-1.8, -23.5, 1, -1900, 142.09)
upgrade(-3.1, -21.2, 1, -2100, 143.89)
upgrade(-3.1, -21.2, 1, -2850, 144.18)
upgrade(-3.1, -21.2, 1, -2850, 165.74)
upgrade(-6.2, -22.2, 1, -4850, 233.51)
upgrade(-1.8, -23.5, 1, -6850, 234.85)
upgrade(-3.1, -21.2, 1, -8850, 236.24)
upgrade(-0.4, -21.4, 1, -9050, 256.80)
upgrade(-0.4, -21.4, 1, -9800, 257.17)
upgrade(-0.4, -21.4, 1, -11800, 257.72)
upgrade(-1.5, -19.2, 1, -12000, 260.64)
upgrade(-1.5, -19.2, 1, -12750, 263.84)
upgrade(-1.5, -19.2, 1, -14750, 330.92)
upgrade(-3.7, -15.7, 1, -14950, 332.60)
upgrade(-3.7, -15.7, 1, -15700, 332.99)
upgrade(-3.7, -15.7, 1, -17700, 333.30)
upgrade(-6.0, -16.6, 1, -17900, 342.45)
upgrade(-6.0, -16.6, 1, -18650, 342.73)
upgrade(-6.0, -16.6, 1, -20650, 353.22)
upgrade(-3.1, -21.2, 1, -25650, 424.88)
upgrade(-1.8, -23.5, 1, -30650, 466.46)
upgrade(-0.4, -21.4, 1, -35650, 471.92)
upgrade(-3.9, -18.3, 1, -35850, 483.53)
upgrade(-3.9, -18.3, 1, -36600, 486.06)
upgrade(-3.9, -18.3, 1, -38600, 496.30)
upgrade(-1.5, -19.2, 1, -43600, 538.29)
upgrade(-3.9, -18.3, 1, -48600, 572.91)
upgrade(-3.7, -15.7, 1, -53600, 634.30)
upgrade(-6.0, -19.7, 1, -54550, 643.05)
upgrade(-6.0, -19.7, 1, -55300, 643.48)
upgrade(-6.0, -19.7, 1, -60300, 643.82)
upgrade(-6.2, -22.2, 1, -65300, 651.94)
upgrade(-3.9, -18.3, 1, -65300, 707.14)
upgrade(-6.0, -19.7, 1, -65300, 707.82)
upgrade(12.2, -21.9, 1, -65300, 708.60)
upgrade(-6.2, -22.2, 1, -65300, 708.84)
upgrade(12.1, -24.9, 1, -65300, 709.54)
upgrade(-3.1, -21.2, 1, -65300, 709.79)
upgrade(-0.4, -21.4, 1, -65300, 710.59)
upgrade(-1.8, -23.5, 1, -65300, 711.40)
upgrade(-6.0, -16.6, 1, -65300, 712.14)
upgrade(-3.7, -15.7, 1, -65300, 712.41)
upgrade(15.0, -27.7, 1, -65300, 713.13)
upgrade(12.1, -28.0, 1, -65300, 713.39)
upgrade(-1.5, -19.2, 1, -65300, 713.65)
upgrade(-3.9, -18.3, 1, -65300, 714.99)
upgrade(-6.0, -19.7, 1, -65300, 715.75)
upgrade(12.2, -21.9, 1, -65300, 716.50)
upgrade(-6.2, -22.2, 1, -65300, 716.78)
upgrade(12.1, -24.9, 1, -65300, 717.56)
upgrade(-3.1, -21.2, 1, -65300, 717.79)
upgrade(-0.4, -21.4, 1, -65300, 718.53)
upgrade(-1.8, -23.5, 1, -65300, 719.22)
upgrade(-6.0, -16.6, 1, -65300, 719.93)
upgrade(-3.7, -15.7, 1, -65300, 720.66)
upgrade(15.0, -27.7, 1, -65300, 721.34)
upgrade(12.1, -28.0, 1, -65300, 721.64)
upgrade(-1.5, -19.2, 1, -65300, 721.88)
upgrade(-3.9, -18.3, 1, -65300, 723.26)
upgrade(-6.0, -19.7, 1, -65300, 723.98)
upgrade(12.2, -21.9, 1, -65300, 724.72)
upgrade(-6.2, -22.2, 1, -65300, 725.00)
upgrade(12.1, -24.9, 1, -65300, 725.81)
upgrade(-3.1, -21.2, 1, -65300, 726.05)
upgrade(-0.4, -21.4, 1, -65300, 726.78)
upgrade(-1.8, -23.5, 1, -65300, 727.51)
upgrade(-6.0, -16.6, 1, -65300, 728.24)
upgrade(-3.7, -15.7, 1, -65300, 728.98)
upgrade(15.0, -27.7, 1, -65300, 729.71)
upgrade(12.1, -28.0, 1, -65300, 730.02)
upgrade(-1.5, -19.2, 1, -65300, 730.28)
upgrade(-3.9, -18.3, 1, -65300, 731.62)
upgrade(-6.0, -19.7, 1, -65300, 732.37)
upgrade(12.2, -21.9, 1, -65300, 733.16)
upgrade(-6.2, -22.2, 1, -65300, 733.40)
upgrade(12.1, -24.9, 1, -65300, 734.13)
upgrade(-3.1, -21.2, 1, -65300, 734.36)
upgrade(-0.4, -21.4, 1, -65300, 735.13)
upgrade(-1.8, -23.5, 1, -65300, 735.92)
upgrade(-6.0, -16.6, 1, -65300, 736.68)
upgrade(-3.7, -15.7, 1, -65300, 737.47)
upgrade(15.0, -27.7, 1, -65300, 738.23)
upgrade(12.1, -28.0, 1, -65300, 738.54)
upgrade(-1.5, -19.2, 1, -65300, 738.83)
upgrade(-3.9, -18.3, 1, -65300, 740.19)
sell(-1.5, -19.2, 906.52)
sell(12.1, -28.0, 906.79)
sell(15.0, -27.7, 907.07)
sell(-3.7, -15.7, 907.33)
sell(-6.0, -16.6, 907.55)
sell(-1.8, -23.5, 907.79)
sell(-0.4, -21.4, 908.02)
sell(-3.1, -21.2, 908.27)
sell(12.1, -24.9, 908.54)
sell(-6.2, -22.2, 908.74)
sell(12.2, -21.9, 908.98)
sell(-6.0, -19.7, 909.19)
sell(-3.9, -18.3, 909.42)
skip(26, 941.51)
skip(26, 941.94)
skip(26, 942.38)
skip(26, 942.79)
skip(26, 943.19)
skip(0, 943.88)
skip(0, 944.31)
skip(0, 944.74)
skip(0, 945.17)
skip(0, 945.61)
skip(0, 946.02)
skip(0, 946.45)
skip(0, 946.89)
skip(0, 947.31)
skip(0, 947.73)