-- ZEPHYR_META: {"authorId":"1236236228760698920","authorTag":"huydeptrai19700","category":"community","official":false,"createdAt":"2026-09-11T08:24:19.705Z","updatedAt":"2026-09-11T08:24:19.705Z"}
skip(3, 3.48)
skip(0, 9.82)
place(-5.3, 1.0, 6.6, "Soldier", 0, 17.37)
upgrade(-5.3, 6.6, 1, -150, 20.39)
place(0.9, 1.0, 7.4, "Soldier", -150, 33.02)
upgrade(0.9, 7.4, 1, -300, 36.78)
upgrade(-5.3, 6.6, 1, -1100, 62.74)
upgrade(0.9, 7.4, 1, -1900, 82.63)
skip(4, 106.54)
place(-5.1, 1.0, 3.3, "Soldier", -1900, 113.20)
upgrade(-5.1, 3.3, 1, -2050, 117.02)
upgrade(-5.1, 3.3, 1, -2050, 117.02)
upgrade(-5.1, 3.3, 1, -2850, 119.50)
place(0.9, 1.0, 4.0, "Soldier", -2850, 140.99)
upgrade(0.9, 4.0, 1, -3000, 144.70)
upgrade(0.9, 4.0, 1, -3800, 145.49)
place(4.2, 1.0, 7.9, "Militant", -3800, 157.15)
upgrade(4.2, 7.9, 1, -4100, 161.28)
upgrade(4.2, 7.9, 1, -4400, 161.79)
place(0.7, 1.0, 0.6, "Soldier", -4400, 171.17)
upgrade(0.7, 0.6, 1, -4550, 173.89)
upgrade(0.7, 0.6, 1, -5350, 187.17)
place(-5.2, 1.0, 0.3, "Soldier", -5350, 193.03)
upgrade(-5.2, 0.3, 1, -5500, 196.27)
upgrade(-5.2, 0.3, 1, -5650, 196.77)
place(-8.5, 1.0, 6.7, "Militant", -5650, 209.31)
upgrade(-8.5, 6.7, 1, -5950, 213.58)
upgrade(-8.5, 6.7, 1, -6800, 214.05)
place(7.7, 1.0, 7.8, "Soldier", -6800, 226.76)
upgrade(7.7, 7.8, 1, -6950, 230.25)
upgrade(7.7, 7.8, 1, -7750, 230.84)
place(-12.1, 1.0, 7.0, "Soldier", -7750, 234.24)
upgrade(-12.1, 7.0, 1, -7900, 238.68)
upgrade(-12.1, 7.0, 1, -8700, 240.06)
place(0.3, 1.0, 12.5, "Soldier", -8700, 249.26)
upgrade(0.3, 12.5, 1, -8850, 253.20)
upgrade(0.3, 12.5, 1, -9650, 254.13)
place(-5.1, 1.0, 12.7, "Soldier", -9650, 258.20)
upgrade(-5.1, 12.7, 1, -9800, 261.34)
upgrade(-5.1, 12.7, 1, -10600, 265.67)
upgrade(4.2, 7.9, 1, -13350, 273.56)
upgrade(-8.5, 6.7, 1, -16100, 297.97)
upgrade(0.3, 12.5, 1, -19500, 319.09)
upgrade(-5.1, 12.7, 1, -22900, 327.65)
upgrade(0.9, 7.4, 1, -26300, 340.26)
upgrade(-5.3, 6.6, 1, -29700, 346.92)
upgrade(0.9, 4.0, 1, -33100, 367.37)
upgrade(-5.1, 3.3, 1, -36500, 373.07)
upgrade(0.7, 0.6, 1, -39900, 389.34)
upgrade(-5.2, 0.3, 1, -43300, 405.58)
place(3.3, 1.0, 12.6, "Soldier", -43300, 416.59)
upgrade(3.3, 12.6, 1, -43450, 421.08)
upgrade(3.3, 12.6, 1, -43600, 421.54)
upgrade(3.3, 12.6, 1, -47000, 423.95)