place(-5.150, 1.000, 6.413, "Assassin", 800)
place(0.289, 1.000, 7.751, "Assassin", 500)
place(2.685, 1.000, 7.088, "Assassin", 614)
place(2.928, 1.000, 7.033, "Assassin", 614)
place(-5.064, 1.000, 4.342, "Assassin", 334)
place(1.013, 1.000, 5.685, "Assassin", 772)
upgrade(1.013, 2.350, 5.685, 472)
upgrade(-5.064, 2.350, 4.342, 1188)
upgrade(-5.150, 2.350, 6.413, 883)
upgrade(1.013, 2.350, 5.685, 1492)
upgrade(0.289, 2.350, 7.751, 450)
upgrade(0.289, 2.350, 7.751, 2446)
upgrade(-5.150, 2.350, 6.413, 1757)
upgrade(-5.064, 2.350, 4.342, 1017)
upgrade(2.685, 2.350, 7.088, 507)
upgrade(2.685, 2.350, 7.088, 1255)
place(1.192, 1.000, 2.786, "Rocketeer", 3320)
place(0.789, 1.000, -0.311, "Rocketeer", 1871)
place(0.923, 1.000, -0.484, "Rocketeer", 1901)
place(0.913, 1.000, -0.252, "Rocketeer", 2074)
place(1.067, 1.000, -3.354, "Rocketeer", 2148)
place(3.838, 1.000, 4.406, "Rocketeer", 4109)
upgrade(3.838, 2.350, 4.406, 2199)
upgrade(1.192, 2.350, 2.786, 1689)
upgrade(0.913, 2.350, -0.252, 2239)
upgrade(1.067, 2.350, -3.354, 2029)
upgrade(3.838, 2.350, 4.406, 4084)
upgrade(1.192, 2.350, 2.786, 2284)
upgrade(1.067, 2.350, -3.354, 2143)
upgrade(0.913, 2.350, -0.252, 4024)
place(-9.158, 1.000, -4.810, "DJ Booth", 3149)
upgrade(-9.158, 2.365, -4.810, 2389)
upgrade(-9.158, 2.365, -4.810, 2179)
SetDjTrack(-9.158, 2.365, -4.810, "Red", 2028)
SetDjTrack(-9.158, 2.365, -4.810, "Green", 2953)
SetDjTrack(-9.158, 2.365, -4.810, "Green", 3393)
SetDjTrack(-9.158, 2.365, -4.810, "Green", 3393)
SetDjTrack(-9.158, 2.365, -4.810, "Green", 6679)
upgrade(-9.158, 2.365, -4.810, 7199)
SetDjTrack(-9.158, 2.365, -4.810, "Green", 4319)
place(4.030, 1.000, 1.013, "Rocketeer", 5949)
place(4.051, 1.000, -2.172, "Rocketeer", 5019)
upgrade(4.051, 2.350, -2.172, 3019)
upgrade(4.051, 2.350, -2.172, 2942)
place(-5.258, 1.000, 1.749, "Commander", 6047)
upgrade(-5.258, 2.700, 1.749, 11933)
upgrade(-5.258, 2.700, 1.749, 11573)
place(-5.213, 1.000, -1.474, "Commander", 11647)
upgrade(-5.213, 2.700, -1.474, 11267)
upgrade(-5.213, 2.700, -1.474, 10907)
CommanderAbility(-5.213, 2.700, -1.474, 8882)
CommanderAbility(-5.258, 2.700, 1.749, 8972)