-- ZEPHYR_META: {"authorId":"1236236228760698920","authorTag":"huydeptrai19700","category":"community","official":false,"createdAt":"2026-09-04T04:27:15.471Z","updatedAt":"2026-09-04T04:27:15.471Z"}
place(-4.8, 1.0, 12.7, "Soldier", 0, 1.23)
upgrade(-4.8, 12.7, 1, -150, 3.98)
skip(1, 20.52)
upgrade(-4.8, 12.7, 1, -950, 22.27)
skip(2, 46.25)
place(-5.2, 1.0, 6.9, "Shotgunner", -950, 75.53)
skip(4, 94.72)
upgrade(-5.2, 6.9, 1, -1700, 97.74)
skip(5, 120.25)
upgrade(-5.2, 6.9, 1, -3200, 122.67)
skip(6, 145.82)
place(0.4, 1.0, 7.7, "Shotgunner", -3200, 148.74)
upgrade(0.4, 7.7, 1, -3950, 151.32)
skip(7, 172.01)
upgrade(0.4, 7.7, 1, -5450, 175.31)
place(-0.0, 1.0, 12.5, "Soldier", -5450, 178.90)
upgrade(-0.0, 12.5, 1, -5600, 182.60)
upgrade(-0.0, 12.5, 1, -6400, 190.17)
skip(8, 198.13)
upgrade(-4.8, 12.7, 1, -9800, 217.71)
skip(9, 223.64)
skip(10, 254.49)
upgrade(-0.0, 12.5, 1, -13200, 257.87)
skip(11, 280.63)
upgrade(0.4, 7.7, 1, -19700, 282.86)
skip(12, 306.76)
upgrade(-5.2, 6.9, 1, -26200, 312.95)
place(-7.7, 1.0, 6.9, "Shotgunner", -26200, 326.25)
upgrade(-7.7, 6.9, 1, -26950, 328.82)
skip(13, 332.63)
upgrade(-7.7, 6.9, 1, -28450, 337.21)
skip(14, 358.66)
upgrade(-7.7, 6.9, 1, -34950, 361.82)
place(3.0, 1.0, 7.7, "Shotgunner", -34950, 367.85)
upgrade(3.0, 7.7, 1, -35700, 370.85)
upgrade(3.0, 7.7, 1, -37200, 371.70)
skip(15, 384.78)
upgrade(3.0, 7.7, 1, -43700, 387.70)
place(0.2, 1.0, 15.2, "Shotgunner", -43700, 394.38)
upgrade(0.2, 15.2, 1, -44450, 397.57)
upgrade(0.2, 15.2, 1, -45950, 398.70)
skip(16, 410.80)
upgrade(0.2, 15.2, 1, -52450, 413.91)
place(-5.6, 1.0, 16.2, "Shotgunner", -52450, 417.77)
skip(17, 423.57)
skip(17, 424.88)
skip(0, 426.01)
skip(0, 427.38)