-- ZEPHYR_META: {"authorId":"1437006454891614269","authorTag":"boss_123zx","category":"community","official":false,"createdAt":"2026-07-10T08:49:18.850Z","updatedAt":"2026-07-10T08:49:18.850Z"}
-- NOTE: HELLE
place(-0.8, 1.0, -6.5, "Trapper", 0, 0.71)
place(0.3, 1.0, -3.4, "Trapper", 0, 32.80)
place(3.7, 1.0, -1.1, "Trapper", 0, 51.72)
place(4.7, 1.0, 2.3, "Trapper", 0, 57.67)
place(-0.5, 1.0, 3.2, "Trapper", 0, 77.54)
place(-2.8, 1.0, 0.7, "Trapper", 0, 96.44)
place(-5.4, 1.0, -1.7, "Trapper", 0, 99.42)
upgrade(4.7, 2.3, 1, -500, 116.38)
upgrade(-0.5, 3.2, 1, -1000, 118.58)
upgrade(3.7, -1.1, 1, -1500, 129.93)
upgrade(-2.8, 0.7, 1, -2000, 136.74)
upgrade(0.3, -3.4, 1, -2500, 148.69)
upgrade(-5.4, -1.7, 1, -3000, 157.78)
upgrade(-0.8, -6.5, 1, -3500, 158.40)
upgrade(4.7, 2.3, 1, -5000, 176.64)
upgrade(3.7, -1.1, 1, -6500, 194.24)
upgrade(0.3, -3.4, 1, -8000, 197.14)
upgrade(-0.8, -6.5, 1, -9500, 214.76)
upgrade(-0.5, 3.2, 1, -11000, 218.10)
upgrade(-2.8, 0.7, 1, -12500, 234.30)
upgrade(-5.4, -1.7, 1, -14000, 236.66)
place(4.6, 1.0, 28.9, "Militant", -14000, 249.77)
upgrade(4.6, 28.9, 1, -14300, 251.74)
upgrade(4.6, 28.9, 1, -17900, 264.34)