-- NOTE: join from a free private server link to unlock Honey Valley map
place(2.666, -6.368, 6.814, "Militant", 680)
upgrade(2.666, -5.018, 6.814, 567)
upgrade(2.666, -5.018, 6.814, 968)
upgrade(2.666, -5.018, 6.814, 3110)
place(5.046, -6.368, 4.874, "Militant", 568)
place(5.046, -6.368, 4.874, "Militant", 581)
place(5.055, -6.368, 4.896, "Militant", 602)
upgrade(5.055, -5.018, 4.896, 1571)
upgrade(5.055, -5.018, 4.896, 1272)
place(2.150, -6.368, 3.847, "Militant", 615)
upgrade(2.150, -5.018, 3.847, 1243)
upgrade(2.150, -5.018, 3.847, 1358)
place(4.307, -6.368, 11.216, "Militant", 508)
place(4.265, -6.368, 11.203, "Militant", 528)
place(4.281, -6.368, 11.301, "Militant", 818)
upgrade(4.281, -5.018, 11.301, 1166)
upgrade(4.281, -5.018, 11.301, 1405)
place(6.709, -6.368, 9.503, "Militant", 1021)
upgrade(6.709, -5.018, 9.503, 421)
upgrade(6.709, -5.018, 9.503, 1818)
upgrade(2.666, -5.018, 6.814, 8007)
upgrade(4.281, -5.018, 11.301, 3013)
upgrade(4.281, -5.018, 11.301, 8851)
upgrade(2.150, -5.018, 3.847, 2887)
upgrade(2.150, -5.018, 3.847, 10038)
upgrade(5.055, -5.018, 4.896, 3157)
upgrade(5.055, -5.018, 4.896, 8257)
upgrade(6.709, -5.018, 9.503, 3183)
upgrade(6.709, -5.018, 9.503, 8215)
place(4.633, -6.368, 1.797, "Militant", 4365)
upgrade(4.633, -5.018, 1.797, 5914)
upgrade(4.633, -5.018, 1.797, 5618)
upgrade(4.633, -5.018, 1.797, 4774)
place(1.568, -6.368, 0.862, "Militant", 4165)
upgrade(1.568, -5.018, 0.862, 3565)
upgrade(1.568, -5.018, 0.862, 3271)
upgrade(1.568, -5.018, 0.862, 4412)
place(7.452, -6.368, 2.908, "Militant", 5665)
upgrade(7.452, -5.018, 2.908, 6204)
upgrade(7.452, -5.018, 2.908, 6764)
upgrade(7.452, -5.018, 2.908, 5915)
upgrade(1.568, -5.018, 0.862, 9165)
upgrade(4.633, -5.018, 1.797, 9158)
upgrade(7.452, -5.018, 2.908, 11165)