-- ZEPHYR_META: {"authorId":"1525067561270513724","authorTag":"gigua1234","category":"community","official":false,"createdAt":"2026-08-14T19:25:25.513Z","updatedAt":"2026-08-14T19:25:25.513Z"}
place(-12.4, 1.0, -0.7, "Pyromancer", 0, 19.77)
upgrade(-12.4, -0.7, 1, -325, 34.90)
upgrade(-12.4, -0.7, 1, -1225, 50.53)
place(-18.3, 1.0, -2.3, "Shotgunner", -1225, 70.26)
upgrade(-18.3, -2.3, 1, -1975, 81.91)
upgrade(-18.3, -2.3, 1, -3475, 98.30)
place(-18.0, 1.0, -4.5, "Shotgunner", -3475, 122.82)
upgrade(-18.0, -4.5, 1, -4225, 131.20)
upgrade(-18.0, -4.5, 1, -5725, 146.51)
place(-18.0, 1.0, -6.8, "Shotgunner", -5725, 159.17)
upgrade(-18.0, -6.8, 1, -6475, 160.70)
upgrade(-18.0, -6.8, 1, -7975, 177.88)
place(-24.1, 1.0, -6.5, "Shotgunner", -7975, 182.77)
upgrade(-24.1, -6.5, 1, -8725, 189.37)
upgrade(-24.1, -6.5, 1, -10225, 199.10)
upgrade(-18.3, -2.3, 1, -16725, 229.64)
upgrade(-18.0, -4.5, 1, -23225, 258.02)
place(-17.8, 1.0, -9.6, "Commander", -23225, 264.76)
upgrade(-17.8, -9.6, 1, -23625, 266.56)
upgrade(-18.0, -6.8, 1, -30125, 283.84)
upgrade(-24.1, -6.5, 1, -36625, 309.07)
place(-24.1, 1.0, -4.1, "Shotgunner", -36625, 314.54)
upgrade(-24.1, -4.1, 1, -37375, 318.42)
upgrade(-24.1, -4.1, 1, -38875, 321.35)
upgrade(-17.8, -9.6, 1, -41325, 329.06)
ability(-17.8, -9.6, "Call Of Arms", 336.97)
place(-24.0, 1.0, -1.7, "Shotgunner", -41325, 338.10)
upgrade(-24.0, -1.7, 1, -42075, 339.90)
upgrade(-24.1, -4.1, 1, -50075, 349.14)
upgrade(-24.0, -1.7, 1, -56575, 359.83)
place(-24.1, 1.0, 0.6, "Shotgunner", -56575, 374.14)
upgrade(-24.1, 0.6, 1, -57325, 375.78)
ability(-17.8, -9.6, "Call Of Arms", 378.20)
upgrade(-24.1, 0.6, 1, -65325, 380.69)
place(-23.8, 1.0, 2.9, "Shotgunner", -65325, 386.89)
upgrade(-23.8, 2.9, 1, -66075, 388.73)
upgrade(-23.8, 2.9, 1, -67575, 389.17)
upgrade(-23.8, 2.9, 1, -74075, 402.40)
place(-14.6, 1.0, -9.6, "Commander", -74075, 415.75)
upgrade(-14.6, -9.6, 1, -74475, 417.22)
upgrade(-14.6, -9.6, 1, -76925, 417.61)
ability(-14.6, -9.6, "Call Of Arms", 421.40)
place(-11.2, 1.0, -9.5, "Commander", -76925, 423.72)
upgrade(-11.2, -9.5, 1, -77325, 426.35)
sell(-11.2, -9.5, 429.30)
place(-19.3, 1.0, 3.4, "Commander", -77325, 433.38)
upgrade(-19.3, 3.4, 1, -77725, 434.87)
upgrade(-19.3, 3.4, 1, -80175, 435.34)
ability(-19.3, 3.4, "Call Of Arms", 436.22)
ability(-14.6, -9.6, "Call Of Arms", 448.96)
ability(-17.8, -9.6, "Call Of Arms", 461.69)
ability(-19.3, 3.4, "Call Of Arms", 473.27)
place(-10.3, 1.0, -2.7, "Shotgunner", -80175, 478.92)
upgrade(-10.3, -2.7, 1, -80925, 480.35)
upgrade(-18.0, -6.8, 1, -103452, 490.19)
ability(-14.6, -9.6, "Call Of Arms", 493.08)
ability(-14.6, -9.6, "Call Of Arms", 494.66)
ability(-19.3, 3.4, "Call Of Arms", 509.99)