-- ZEPHYR_META: {"authorId":"953270431417262151","authorTag":"dark_xzz1","category":"community","official":false,"createdAt":"2026-09-06T03:07:25.486Z","updatedAt":"2026-09-06T03:07:25.486Z"}
place(-6.1, 1.0, -32.7, "Pyromancer", 0, 3.56)
skip(1, 6.73)
upgrade(-6.1, -32.7, 1, -325, 12.18)
skip(2, 17.81)
skip(3, 28.06)
upgrade(-6.1, -32.7, 1, -1325, 29.43)
skip(4, 39.63)
place(-1.1, 0.8, -24.8, "Militant", -1325, 41.99)
upgrade(-1.1, -24.8, 1, -1625, 47.09)
skip(5, 51.61)
skip(6, 66.02)
upgrade(-1.1, -24.8, 1, -2475, 66.94)
skip(7, 80.11)
skip(8, 93.49)
upgrade(-6.1, -32.7, 1, -4475, 95.38)
skip(9, 107.72)
skip(10, 119.75)
upgrade(-1.1, -24.8, 1, -7225, 123.46)
skip(11, 130.58)
place(-3.0, 1.0, -32.6, "Pyromancer", -7225, 135.34)
upgrade(-3.0, -32.6, 1, -7550, 137.82)
skip(12, 142.60)
upgrade(-3.0, -32.6, 1, -8550, 144.63)
skip(13, 155.17)
skip(14, 170.64)
upgrade(-3.0, -32.6, 1, -10550, 172.06)
place(-6.2, 0.8, -22.5, "Militant", -10550, 181.39)
upgrade(-6.2, -22.5, 1, -10850, 183.55)
skip(15, 185.46)
upgrade(-6.2, -22.5, 1, -11700, 186.96)
skip(16, 207.11)
skip(17, 229.56)
upgrade(-6.2, -22.5, 1, -14450, 230.27)
place(0.9, 0.7, -22.4, "Militant", -14450, 234.75)
upgrade(0.9, -22.4, 1, -14750, 237.06)
skip(18, 250.48)
upgrade(0.9, -22.4, 1, -15600, 251.97)
skip(19, 286.73)
upgrade(0.9, -22.4, 1, -18350, 288.03)
place(-6.6, -0.3, -3.4, "Militant", -18350, 291.10)
upgrade(-6.6, -3.4, 1, -18650, 293.59)
skip(20, 304.36)
upgrade(-6.6, -3.4, 1, -19500, 305.65)
skip(21, 320.97)
upgrade(-6.6, -3.4, 1, -22250, 323.50)
skip(22, 341.65)