-- ZEPHYR_META: {"authorId":"1511285231792164965","authorTag":"devxv9_23228","category":"community","official":false,"createdAt":"2026-09-06T02:39:10.083Z","updatedAt":"2026-09-06T02:39:10.083Z"}
place(8.8, 1.0, -17.6, "Soldier", 0, 4.52)
upgrade(8.8, -17.6, 1, -100, 8.51)
place(11.8, 1.0, -17.8, "Scout", -100, 20.14)
place(11.9, 1.0, -14.8, "Scout", -100, 23.20)
place(12.2, 1.0, -20.9, "Scout", -100, 26.72)
place(8.8, 1.0, -14.6, "Soldier", -100, 36.24)
place(9.1, 1.0, -20.6, "Soldier", -100, 39.92)
upgrade(9.1, -20.6, 1, -200, 45.61)
upgrade(8.8, -14.6, 1, -300, 47.74)
place(5.7, 1.0, -17.9, "Minigunner", -300, 87.22)
upgrade(9.1, -20.6, 1, -1000, 93.98)
upgrade(8.8, -17.6, 1, -1700, 107.37)
upgrade(8.8, -14.6, 1, -2400, 108.84)
upgrade(12.2, -20.9, 1, -2450, 119.75)
upgrade(12.2, -20.9, 1, -2825, 122.33)
upgrade(11.8, -17.8, 1, -2875, 123.65)
upgrade(11.8, -17.8, 1, -2925, 124.27)
upgrade(11.9, -14.8, 1, -2975, 126.46)
upgrade(11.9, -14.8, 1, -3350, 127.18)
upgrade(5.7, -17.9, 1, -3700, 130.98)
upgrade(5.7, -17.9, 1, -5200, 144.38)
place(10.0, 1.0, -31.5, "Shotgunner", -5200, 169.50)
upgrade(10.0, -31.5, 1, -5950, 171.58)
upgrade(10.0, -31.5, 1, -7450, 187.71)
place(5.6, 1.0, -14.8, "Crook Boss", -7450, 217.39)
upgrade(5.6, -14.8, 1, -8950, 221.41)
upgrade(5.6, -14.8, 1, -11700, 241.62)
skip(14, 282.66)
skip(15, 309.12)
skip(16, 341.17)
skip(17, 369.36)