-- ZEPHYR_META: {"authorId":"720711136412041218","authorTag":"919_71","category":"community","official":false,"createdAt":"2026-06-28T13:01:38.941Z","updatedAt":"2026-06-28T13:01:38.941Z"}
-- NOTE: Reques full jugger and full operator
place(9.0, 1.0, -6.2, "EvolvedOperator", 0, 0.14)
place(9.0, 1.0, -3.1, "EvolvedOperator", 0, 2.29)
place(8.9, 1.0, -0.1, "EvolvedOperator", 0, 13.25)
place(8.9, 1.0, 3.0, "EvolvedOperator", 0, 29.29)
place(8.9, 1.0, 6.1, "EvolvedOperator", 0, 34.48)
place(11.6, 1.0, -4.7, "EvolvedOperator", 0, 42.88)
place(11.6, 1.0, -1.6, "EvolvedOperator", 0, 44.89)
place(11.7, 1.0, 1.5, "EvolvedOperator", 0, 53.05)
place(11.6, 1.0, 4.6, "EvolvedOperator", 0, 63.31)
place(14.2, 1.0, -3.0, "EvolvedOperator", 0, 67.77)
place(14.4, 1.0, -0.0, "EvolvedOperator", 0, 71.74)
place(14.3, 1.0, 3.1, "EvolvedOperator", 0, 75.61)
place(14.4, 1.0, -6.1, "EvolvedOperator", 0, 86.33)
place(11.8, 1.0, -7.7, "EvolvedOperator", 0, 89.42)
place(14.2, 1.0, 6.1, "EvolvedOperator", 0, 93.56)
upgrade(8.9, 3.0, 1, -325, 98.89)
upgrade(8.9, 3.0, 1, -825, 99.79)
upgrade(11.7, 1.5, 1, -1150, 100.53)
upgrade(11.7, 1.5, 1, -1650, 104.44)
upgrade(14.3, 3.1, 1, -1975, 107.70)
upgrade(14.3, 3.1, 1, -2475, 108.66)
upgrade(11.6, 4.6, 1, -2800, 114.66)
upgrade(11.6, 4.6, 1, -3300, 120.44)
upgrade(11.6, -1.6, 1, -3625, 126.04)
upgrade(11.6, -1.6, 1, -4125, 126.96)
upgrade(14.4, -0.0, 1, -4450, 129.46)
upgrade(14.4, -0.0, 1, -4950, 139.30)
upgrade(8.9, -0.1, 1, -5275, 143.98)
upgrade(8.9, -0.1, 1, -5775, 147.59)
upgrade(11.6, -4.7, 1, -6100, 149.93)
upgrade(11.6, -4.7, 1, -6600, 150.84)
upgrade(14.2, -3.0, 1, -6925, 151.95)
upgrade(14.2, -3.0, 1, -7425, 158.08)
upgrade(9.0, -3.1, 1, -7750, 163.32)
upgrade(9.0, -3.1, 1, -8250, 165.25)
upgrade(11.8, -7.7, 1, -8575, 175.27)
upgrade(11.8, -7.7, 1, -9075, 176.35)
upgrade(14.4, -6.1, 1, -9400, 178.46)
upgrade(14.4, -6.1, 1, -9900, 179.59)
upgrade(9.0, -6.2, 1, -10225, 183.77)
upgrade(9.0, -6.2, 1, -10725, 189.30)
upgrade(14.2, 6.1, 1, -11050, 195.13)
upgrade(14.2, 6.1, 1, -11550, 195.92)
upgrade(8.9, 6.1, 1, -11875, 196.88)
upgrade(8.9, 6.1, 1, -12375, 198.93)
upgrade(11.6, -1.6, 1, -13625, 208.19)
upgrade(11.7, 1.5, 1, -14875, 212.34)
sell(14.2, 6.1, 217.35)
sell(8.9, 6.1, 218.09)
upgrade(11.6, -4.7, 1, -16125, 221.49)
upgrade(11.8, -7.7, 1, -17375, 225.05)
upgrade(14.2, -3.0, 1, -18625, 235.05)
upgrade(9.0, -3.1, 1, -19875, 239.49)
upgrade(9.0, -6.2, 1, -21125, 253.56)
upgrade(14.4, -6.1, 1, -22375, 256.84)
upgrade(14.4, -0.0, 1, -23625, 259.79)
upgrade(8.9, -0.1, 1, -24875, 268.47)
upgrade(8.9, 3.0, 1, -26125, 279.24)
upgrade(14.3, 3.1, 1, -27375, 284.85)
upgrade(11.6, 4.6, 1, -28625, 287.94)
upgrade(11.6, 4.6, 1, -30725, 297.81)
upgrade(11.7, 1.5, 1, -32825, 305.88)
upgrade(11.6, -1.6, 1, -34925, 313.09)
upgrade(11.6, -4.7, 1, -37025, 320.82)
upgrade(11.8, -7.7, 1, -39125, 323.52)
upgrade(8.9, 3.0, 1, -41225, 332.79)
upgrade(8.9, -0.1, 1, -43325, 339.98)
upgrade(9.0, -3.1, 1, -45425, 343.44)
upgrade(9.0, -6.2, 1, -47525, 352.33)
upgrade(14.3, 3.1, 1, -49625, 359.03)
upgrade(14.4, -0.0, 1, -51725, 363.43)
upgrade(14.2, -3.0, 1, -53825, 369.09)
upgrade(14.4, -6.1, 1, -55925, 371.40)
place(-2.6, 1.0, 7.3, "EvolvedOperator", -55925, 394.62)
upgrade(-2.6, 7.3, 1, -56250, 395.52)
upgrade(-2.6, 7.3, 1, -56750, 396.25)
upgrade(-2.6, 7.3, 1, -58000, 397.13)
upgrade(-2.6, 7.3, 1, -60100, 412.74)
place(-11.3, 1.0, -2.7, "EvolvedOperator", -60100, 421.48)
upgrade(-11.3, -2.7, 1, -60425, 422.53)
upgrade(-11.3, -2.7, 1, -60925, 423.41)
upgrade(-11.3, -2.7, 1, -62175, 424.35)
upgrade(-11.3, -2.7, 1, -64275, 425.37)
place(-12.6, 1.0, 13.6, "EvolvedOperator", -64275, 430.66)
upgrade(-12.6, 13.6, 1, -64600, 432.44)
upgrade(-12.6, 13.6, 1, -65100, 433.43)
upgrade(-12.6, 13.6, 1, -66350, 434.66)
upgrade(-12.6, 13.6, 1, -68450, 435.55)
upgrade(8.9, 3.0, 1, -71800, 447.51)
upgrade(8.9, -0.1, 1, -75150, 448.67)
upgrade(9.0, -3.1, 1, -78500, 450.43)
upgrade(9.0, -6.2, 1, -81850, 452.56)
upgrade(11.6, 4.6, 1, -85200, 462.76)
upgrade(11.7, 1.5, 1, -88550, 469.48)
upgrade(11.6, -1.6, 1, -91900, 477.01)
upgrade(11.6, -4.7, 1, -95250, 481.37)
upgrade(11.8, -7.7, 1, -98600, 486.51)
upgrade(14.3, 3.1, 1, -101950, 497.79)
upgrade(14.4, -0.0, 1, -105300, 502.80)
upgrade(14.2, -3.0, 1, -108650, 512.19)
upgrade(14.4, -6.1, 1, -112000, 518.41)
upgrade(11.7, 1.5, 1, -118400, 540.43)
upgrade(11.6, -1.6, 1, -124800, 546.87)
upgrade(11.6, 4.6, 1, -131200, 560.68)
upgrade(11.6, -4.7, 1, -137600, 563.63)
upgrade(11.8, -7.7, 1, -144000, 583.35)
upgrade(8.9, 3.0, 1, -150400, 589.97)
upgrade(8.9, -0.1, 1, -156800, 598.74)
upgrade(9.0, -3.1, 1, -163200, 623.90)
upgrade(9.0, -6.2, 1, -169600, 631.40)
upgrade(14.4, -6.1, 1, -176000, 645.98)
upgrade(14.2, -3.0, 1, -182400, 653.73)
upgrade(14.4, -0.0, 1, -188800, 665.30)
upgrade(14.3, 3.1, 1, -195200, 675.84)
upgrade(-2.6, 7.3, 1, -198550, 692.16)
upgrade(-2.6, 7.3, 1, -204950, 693.14)
upgrade(-12.6, 13.6, 1, -208300, 699.13)
upgrade(-11.3, -2.7, 1, -211650, 706.14)
upgrade(-11.3, -2.7, 1, -218050, 720.76)
upgrade(-12.6, 13.6, 1, -224450, 726.40)
place(3.1, 1.0, 5.1, "DJ Booth", -224450, 730.03)
upgrade(3.1, 5.1, 1, -224750, 731.40)
upgrade(3.1, 5.1, 1, -226000, 732.09)
option(3.1, 5.1, "Track", "Green", 739.99)
upgrade(3.1, 5.1, 1, -229000, 741.59)
upgrade(3.1, 5.1, 1, -237000, 744.95)
place(3.8, 1.0, 1.0, "Engineer", -237000, 749.79)
place(3.8, 1.0, -2.1, "Engineer", -237000, 752.48)
place(0.8, 1.0, 1.7, "Engineer", -237000, 754.90)
place(0.8, 1.0, -1.4, "Engineer", -237000, 757.50)
place(-2.2, 1.0, 2.2, "Engineer", -237000, 761.33)
place(-2.3, 1.0, -0.9, "Engineer", -237000, 763.41)
place(3.3, 1.0, -5.4, "Accelerator", -237000, 769.25)
place(3.6, 1.0, -8.9, "Accelerator", -237000, 771.47)
place(3.7, 1.0, -12.4, "Accelerator", -237000, 774.93)
place(-1.3, 1.0, -4.9, "EvolvedJuggernaut", -237000, 806.14)
place(-3.0, 1.0, -9.0, "Accelerator", -237000, 812.18)
place(0.4, 1.0, -10.4, "Accelerator", -237000, 814.65)
upgrade(3.8, -2.1, 1, -237284, 816.53)
upgrade(3.8, -2.1, 1, -238071, 817.30)
upgrade(3.8, -2.1, 1, -239888, 818.17)
upgrade(3.8, 1.0, 1, -240172, 819.01)
upgrade(3.8, 1.0, 1, -240959, 819.81)
upgrade(3.8, 1.0, 1, -242776, 820.61)
upgrade(0.8, -1.4, 1, -243060, 821.46)
upgrade(0.8, -1.4, 1, -243847, 822.26)
upgrade(0.8, -1.4, 1, -245664, 823.11)
upgrade(0.8, 1.7, 1, -245948, 823.95)
upgrade(0.8, 1.7, 1, -246735, 824.83)
upgrade(0.8, 1.7, 1, -248552, 825.65)
upgrade(-2.3, -0.9, 1, -248836, 826.57)
upgrade(-2.3, -0.9, 1, -249623, 827.32)
upgrade(-2.3, -0.9, 1, -251440, 828.07)
upgrade(-2.2, 2.2, 1, -251724, 829.02)
upgrade(-2.2, 2.2, 1, -252511, 829.93)
upgrade(-2.2, 2.2, 1, -254328, 830.72)
upgrade(3.1, 5.1, 1, -274328, 838.02)
upgrade(3.8, -2.1, 1, -279640, 843.01)
upgrade(3.8, 1.0, 1, -284952, 843.87)
upgrade(0.8, -1.4, 1, -290264, 851.38)
upgrade(0.8, 1.7, 1, -295576, 855.49)
upgrade(-2.3, -0.9, 1, -300888, 860.90)
upgrade(-2.2, 2.2, 1, -306200, 867.28)
upgrade(3.8, -2.1, 1, -316825, 874.01)
upgrade(3.8, 1.0, 1, -327450, 881.43)
upgrade(0.8, -1.4, 1, -338075, 899.92)
upgrade(0.8, 1.7, 1, -348700, 910.38)
upgrade(-2.3, -0.9, 1, -359325, 919.76)
upgrade(-2.2, 2.2, 1, -369950, 933.73)
upgrade(3.3, -5.4, 1, -371650, 948.70)
upgrade(3.6, -8.9, 1, -373350, 951.06)
upgrade(3.7, -12.4, 1, -375050, 953.17)
upgrade(0.4, -10.4, 1, -376750, 956.58)
upgrade(-3.0, -9.0, 1, -378450, 958.04)
upgrade(3.3, -5.4, 1, -383550, 960.67)
upgrade(3.6, -8.9, 1, -388650, 961.91)
upgrade(3.7, -12.4, 1, -393750, 963.10)
upgrade(0.4, -10.4, 1, -398850, 965.90)
upgrade(-3.0, -9.0, 1, -403950, 969.99)
upgrade(3.3, -5.4, 1, -412449, 974.97)
upgrade(3.6, -8.9, 1, -420948, 980.81)
upgrade(3.7, -12.4, 1, -429447, 996.83)
upgrade(0.4, -10.4, 1, -437946, 999.26)
upgrade(-3.0, -9.0, 1, -446445, 1006.59)
upgrade(-1.3, -4.9, 1, -448995, 1008.26)
upgrade(-1.3, -4.9, 1, -454945, 1009.29)
upgrade(-1.3, -4.9, 1, -469565, 1018.10)
upgrade(-1.3, -4.9, 1, -499315, 1053.99)
upgrade(3.3, -5.4, 1, -522690, 1062.08)
upgrade(3.6, -8.9, 1, -546065, 1071.20)
upgrade(3.7, -12.4, 1, -569440, 1079.63)
upgrade(0.4, -10.4, 1, -592815, 1086.53)
upgrade(-3.0, -9.0, 1, -616190, 1092.60)
upgrade(3.8, -2.1, 1, -643815, 1097.73)
upgrade(3.8, 1.0, 1, -671440, 1108.81)
upgrade(0.8, -1.4, 1, -699065, 1115.00)
upgrade(0.8, 1.7, 1, -726690, 1124.55)
upgrade(-2.3, -0.9, 1, -754315, 1132.34)
upgrade(-2.2, 2.2, 1, -781940, 1135.46)
upgrade(-1.3, -4.9, 1, -828690, 1148.92)
upgrade(3.3, -5.4, 1, -871190, 1157.90)
upgrade(3.6, -8.9, 1, -913690, 1171.69)
upgrade(-3.0, -9.0, 1, -956190, 1183.55)
upgrade(0.4, -10.4, 1, -998690, 1190.82)
upgrade(3.7, -12.4, 1, -1041190, 1201.02)
upgrade(-1.3, -4.9, 1, -1126190, 1225.56)
option(3.1, 5.1, "Track", "Red", 1235.01)
upgrade(-1.3, -4.9, 1, -1292440, 1281.62)