-- ZEPHYR_META: {"authorId":"1178574098884993034","authorTag":"uselessman7","category":"community","official":false,"createdAt":"2026-08-03T09:29:21.797Z","updatedAt":"2026-08-03T09:29:21.797Z"}
place(-10.8, 1.5, 28.7, "Farm", 0, 0.31)
place(-11.5, 1.4, 32.6, "Farm", 0, 1.91)
skip(1, 4.82)
upgrade(-11.0, 24.8, 1, -200, 8.03)
upgrade(-10.8, 28.7, 1, -400, 9.58)
upgrade(-11.5, 32.6, 1, -600, 14.39)
skip(2, 16.04)
upgrade(-11.0, 24.8, 1, -1200, 20.71)
skip(3, 27.47)
upgrade(-10.8, 28.7, 1, -1800, 28.57)
upgrade(-11.5, 32.6, 1, -2400, 32.86)
skip(4, 38.97)
place(-11.2, 1.4, 36.3, "Farm", -2400, 40.04)
upgrade(-11.2, 36.3, 1, -2600, 42.45)
place(12.8, 1.2, 27.7, "Boomerang", -2600, 45.85)
skip(5, 50.79)
upgrade(12.8, 27.7, 1, -3000, 53.21)
upgrade(-11.2, 36.3, 1, -3600, 58.02)
place(-15.2, 1.6, 26.0, "Farm", -3600, 60.30)
upgrade(-15.2, 26.0, 1, -3800, 61.94)
skip(6, 63.93)
upgrade(-15.2, 26.0, 1, -4400, 65.73)
upgrade(-11.0, 24.8, 1, -5650, 74.99)
skip(7, 79.16)
upgrade(12.8, 27.7, 1, -6400, 83.59)
upgrade(-11.2, 36.3, 1, -7650, 86.89)
skip(8, 92.89)
upgrade(-11.5, 32.6, 1, -8900, 97.70)
skip(9, 106.94)
upgrade(-10.8, 28.7, 1, -10150, 111.15)
skip(10, 118.85)
upgrade(-15.2, 26.0, 1, -11400, 120.31)
place(5.8, 1.4, 28.8, "Crook Boss", -11400, 124.53)
upgrade(5.8, 28.8, 1, -12900, 126.40)
skip(11, 130.91)
upgrade(5.8, 28.8, 1, -15650, 131.92)
place(-15.0, 1.6, 29.6, "Farm", -15650, 142.79)
skip(12, 143.49)
upgrade(-15.0, 29.6, 1, -15850, 144.36)
upgrade(-15.0, 29.6, 1, -16450, 144.92)
upgrade(-15.0, 29.6, 1, -17700, 145.49)
place(-15.4, 1.5, 33.2, "Farm", -17700, 146.90)
upgrade(-15.4, 33.2, 1, -17900, 148.31)
upgrade(-15.4, 33.2, 1, -18500, 148.79)
upgrade(-15.4, 33.2, 1, -19750, 149.38)
place(-10.4, 1.3, 40.3, "Farm", -19750, 152.49)
upgrade(-10.4, 40.3, 1, -19950, 153.97)
upgrade(-10.4, 40.3, 1, -20550, 154.50)
skip(13, 154.84)
upgrade(-10.4, 40.3, 1, -21800, 156.03)
place(-17.1, 1.4, 36.4, "Farm", -21800, 157.98)
upgrade(-17.1, 36.4, 1, -22000, 159.39)
upgrade(-17.1, 36.4, 1, -23850, 160.61)
place(-5.7, 1.4, 40.1, "Farm", -23850, 162.76)
upgrade(-5.7, 40.1, 1, -24050, 164.18)
upgrade(-5.7, 40.1, 1, -24650, 164.58)
upgrade(-5.7, 40.1, 1, -25900, 165.34)
skip(14, 170.30)
place(2.7, 1.4, 28.5, "Crook Boss", -25900, 175.10)
upgrade(2.7, 28.5, 1, -27400, 176.44)
place(10.6, 1.1, 21.1, "Boomerang", -28900, 181.43)
skip(15, 183.54)
sell(10.6, 21.1, 189.62)
upgrade(12.8, 27.7, 1, -31400, 191.47)
place(9.5, 1.2, 21.9, "Boomerang", -31400, 195.08)
upgrade(9.5, 21.9, 1, -31800, 196.68)
upgrade(9.5, 21.9, 1, -32550, 197.40)
place(2.9, 1.4, 22.2, "Crook Boss", -32550, 201.50)
skip(16, 204.56)
upgrade(2.9, 22.2, 1, -34050, 205.59)
upgrade(2.9, 22.2, 1, -36800, 209.29)
place(5.8, 1.3, 21.6, "Crook Boss", -36800, 213.11)
skip(17, 225.58)
place(-0.6, 1.5, 29.0, "Crook Boss", -36800, 229.53)
upgrade(-0.6, 29.0, 1, -38300, 231.95)
skip(18, 241.67)
upgrade(5.8, 21.6, 1, -42550, 251.41)
place(12.9, 1.2, 22.3, "Boomerang", -45300, 260.48)
upgrade(12.9, 22.3, 1, -45700, 262.05)
upgrade(12.9, 22.3, 1, -46450, 262.56)
skip(19, 278.23)
upgrade(12.9, 22.3, 1, -48950, 280.51)
place(15.8, 0.8, 20.5, "Boomerang", -48950, 284.15)
upgrade(15.8, 20.5, 1, -49350, 285.76)
upgrade(15.8, 20.5, 1, -50100, 286.15)
upgrade(15.8, 20.5, 1, -52600, 286.73)
upgrade(9.5, 21.9, 1, -55100, 291.21)
skip(20, 296.18)
place(16.3, 0.6, 16.8, "Boomerang", -55100, 299.01)
upgrade(16.3, 16.8, 1, -55500, 300.38)
upgrade(16.3, 16.8, 1, -56250, 300.95)
upgrade(16.3, 16.8, 1, -58750, 301.65)
skip(21, 313.32)
skip(22, 333.94)
upgrade(5.8, 28.8, 1, -72750, 336.43)
place(11.7, 0.3, 9.7, "Scout", -72750, 348.65)
skip(23, 354.57)
upgrade(2.7, 28.5, 1, -86750, 359.30)
skip(24, 374.51)
upgrade(15.8, 20.5, 1, -93750, 379.24)
skip(25, 394.54)
upgrade(12.9, 22.3, 1, -100750, 397.69)
upgrade(9.5, 21.9, 1, -107750, 403.58)
skip(26, 405.85)
skip(27, 420.17)
upgrade(12.8, 27.7, 1, -114750, 420.69)
upgrade(16.3, 16.8, 1, -121750, 425.30)
skip(28, 435.81)
sell(5.8, 28.8, 443.13)
sell(2.7, 28.5, 444.85)
sell(-0.6, 29.0, 446.60)
sell(5.8, 21.6, 448.69)
sell(9.5, 21.9, 451.14)