-- ZEPHYR_META: {"authorId":"1376153836561104959","authorTag":"boou_x","category":"community","official":false,"createdAt":"2026-07-10T07:57:03.153Z","updatedAt":"2026-07-10T07:57:03.153Z"}
-- NOTE: HRLLD
place(-5.7, 1.0, 19.9, "Trapper", 0, 15.68)
place(-2.4, 1.0, 19.6, "Trapper", 0, 34.94)
place(0.8, 1.0, 19.8, "Trapper", 0, 54.25)
place(-2.2, 1.0, 14.0, "Trapper", 0, 76.27)
place(-5.3, 1.0, 14.0, "Trapper", 0, 78.33)
place(-8.5, 1.0, 13.7, "Trapper", 0, 94.48)
upgrade(0.8, 19.8, 1, -500, 107.81)
upgrade(-2.2, 14.0, 1, -1000, 115.65)
upgrade(-2.4, 19.6, 1, -1500, 116.33)
upgrade(-5.3, 14.0, 1, -2000, 136.44)
upgrade(-5.7, 19.9, 1, -2500, 137.48)
upgrade(-8.5, 13.7, 1, -3000, 146.39)
upgrade(-9.0, 19.7, 1, -3500, 154.05)
upgrade(0.8, 19.8, 1, -5000, 173.60)
upgrade(-2.2, 14.0, 1, -6500, 190.10)
upgrade(-2.4, 19.6, 1, -8000, 194.61)
upgrade(-5.3, 14.0, 1, -9500, 210.14)
upgrade(-5.7, 19.9, 1, -11000, 214.18)
upgrade(-8.5, 13.7, 1, -12500, 233.52)
upgrade(-9.0, 19.7, 1, -14000, 239.84)