-- ZEPHYR_META: {"authorId":"1101118102231584798","authorTag":"sandcyclone","category":"community","official":false,"createdAt":"2026-07-07T08:50:49.688Z","updatedAt":"2026-07-07T08:50:49.688Z"}
upgrade(-18.3, -8.6, 1, -195101, 1.12)
place(-18.2, 1.0, -6.4, "Brawler", -195101, 9.65)
upgrade(-18.2, -6.4, 1, -195301, 11.64)
upgrade(-18.3, -8.6, 1, -196501, 31.41)
upgrade(-18.2, -6.4, 1, -197701, 43.00)
place(-18.3, 1.0, -4.4, "Brawler", -197701, 48.24)
upgrade(-18.3, -4.4, 1, -197901, 51.56)
upgrade(-18.3, -4.4, 1, -199101, 64.21)
place(-18.2, 1.0, -2.3, "Brawler", -199101, 69.38)
upgrade(-18.2, -2.3, 1, -199301, 71.33)
upgrade(-18.2, -2.3, 1, -200501, 79.96)
place(-15.7, 1.0, -9.0, "Commander", -200501, 88.28)
upgrade(-15.7, -9.0, 1, -200901, 90.03)
upgrade(-15.7, -9.0, 1, -203351, 108.38)
upgrade(-18.3, -8.6, 1, -205851, 124.28)
upgrade(-18.2, -6.4, 1, -208351, 140.61)
upgrade(-18.3, -4.4, 1, -210851, 163.77)
upgrade(-18.2, -2.3, 1, -213351, 173.31)
upgrade(-18.3, -8.6, 1, -216851, 184.63)
upgrade(-18.2, -6.4, 1, -220351, 195.51)
upgrade(-18.3, -4.4, 1, -223851, 212.85)
upgrade(-18.2, -2.3, 1, -227351, 223.91)
upgrade(-18.3, -8.6, 1, -235128, 246.99)
upgrade(-18.2, -6.4, 1, -242905, 271.97)
upgrade(-18.3, -4.4, 1, -250682, 299.44)
upgrade(-18.2, -2.3, 1, -258459, 310.95)
place(-18.0, 1.0, -10.6, "Brawler", -258459, 315.74)
upgrade(-18.0, -10.6, 1, -258659, 317.65)
upgrade(-18.0, -10.6, 1, -259859, 318.50)
upgrade(-18.0, -10.6, 1, -262359, 319.87)
upgrade(-18.0, -10.6, 1, -265859, 324.99)
upgrade(-18.0, -10.6, 1, -273636, 340.13)
place(-19.3, 1.0, -12.2, "Brawler", -273636, 346.77)
upgrade(-19.3, -12.2, 1, -273836, 348.95)
upgrade(-19.3, -12.2, 1, -275036, 349.15)
upgrade(-19.3, -12.2, 1, -277536, 350.66)
upgrade(-19.3, -12.2, 1, -281036, 355.69)
upgrade(-19.3, -12.2, 1, -288813, 371.05)
skip(21, 390.51)
place(-20.4, 1.0, -13.9, "Brawler", -288813, 394.94)
upgrade(-20.4, -13.9, 1, -289013, 396.62)
upgrade(-20.4, -13.9, 1, -291413, 397.13)
upgrade(-20.4, -13.9, 1, -296413, 397.62)
upgrade(-20.4, -13.9, 1, -297413, 397.98)