-- ZEPHYR_META: {"authorId":"1171751722419499080","authorTag":"notsanya1","category":"community","official":false,"createdAt":"2026-07-13T14:36:59.118Z","updatedAt":"2026-07-13T14:36:59.118Z"}
-- NOTE: Modifiers:Exploding,Glass,Hidden,Limitation,Committed
place(-17.8, 1.0, -5.0, "Brawler", -12452, 0.94)
place(-18.0, 1.0, -3.0, "Brawler", -12452, 5.14)
place(-3.2, 1.0, -9.2, "Engineer", -12452, 19.42)
upgrade(-3.2, -9.2, 1, -12777, 24.08)
upgrade(-3.2, -9.2, 1, -13677, 40.83)
place(-4.5, 1.0, -3.2, "Engineer", -13677, 57.67)
upgrade(-4.5, -3.2, 1, -14002, 59.24)
upgrade(-4.5, -3.2, 1, -14902, 75.05)
upgrade(-3.2, -9.2, 1, -16979, 128.30)
upgrade(-18.0, -3.0, 1, -17179, 136.97)
upgrade(-18.0, -3.0, 1, -18379, 137.47)
upgrade(-18.0, -3.0, 1, -20879, 170.72)
upgrade(-17.8, -5.0, 1, -21079, 172.90)
upgrade(-17.8, -5.0, 1, -22279, 178.16)
upgrade(-17.8, -5.0, 1, -24779, 203.31)
place(-12.5, 1.0, -9.2, "Hacker", -24779, 205.41)
upgrade(-12.5, -9.2, 1, -24904, 206.77)
upgrade(-12.5, -9.2, 1, -26241, 224.80)
place(-8.1, 1.0, -9.9, "DJ Booth", -26241, 229.60)
upgrade(-8.1, -9.9, 1, -26541, 231.35)
upgrade(-8.1, -9.9, 1, -27791, 235.50)
upgrade(-8.1, -9.9, 1, -30791, 247.80)
option(-8.1, -9.9, "Track", "Green", 249.55)
ability(-8.1, -9.9, "Drop The Beat", 250.01)
place(-18.1, 1.0, -7.3, "Brawler", -30791, 255.22)
upgrade(-18.1, -7.3, 1, -30971, 256.55)
upgrade(-18.1, -7.3, 1, -32051, 256.99)
upgrade(-18.1, -7.3, 1, -34301, 262.45)
place(-18.1, 1.0, -9.5, "Brawler", -34301, 264.97)
upgrade(-18.1, -9.5, 1, -34481, 266.43)
upgrade(-18.1, -9.5, 1, -35561, 267.06)
upgrade(-18.1, -9.5, 1, -37811, 279.07)
ability(-8.1, -9.9, "Drop The Beat", 282.53)
place(-16.1, 1.0, -9.1, "Brawler", -37811, 284.61)
upgrade(-16.1, -9.1, 1, -37991, 285.79)
upgrade(-16.1, -9.1, 1, -41321, 290.99)
place(-18.1, 1.0, -11.5, "Brawler", -41321, 295.65)
upgrade(-18.1, -11.5, 1, -41501, 296.96)
upgrade(-18.1, -11.5, 1, -42581, 298.04)
upgrade(-18.1, -11.5, 1, -44831, 303.80)
place(-15.9, 1.0, -11.3, "Brawler", -44831, 306.83)
upgrade(-15.9, -11.3, 1, -45011, 308.30)
upgrade(-15.9, -11.3, 1, -46091, 313.44)
upgrade(-15.9, -11.3, 1, -48341, 318.52)
place(-20.2, 1.0, -12.1, "Brawler", -48341, 322.43)
upgrade(-20.2, -12.1, 1, -48521, 323.68)
upgrade(-20.2, -12.1, 1, -51851, 327.60)
place(-18.3, 1.0, -13.6, "Brawler", -51851, 334.31)
upgrade(-18.3, -13.6, 1, -52031, 335.60)
upgrade(-18.3, -13.6, 1, -53111, 336.07)
upgrade(-18.3, -13.6, 1, -55361, 336.70)
place(-16.0, 1.0, -13.4, "Brawler", -55361, 339.34)
upgrade(-16.0, -13.4, 1, -55541, 340.56)
upgrade(-16.0, -13.4, 1, -56621, 340.92)
upgrade(-16.0, -13.4, 1, -58871, 350.11)
upgrade(-3.2, -9.2, 1, -64496, 367.44)
upgrade(-4.5, -3.2, 1, -66365, 373.31)
upgrade(-4.5, -3.2, 1, -71990, 383.66)
place(-7.5, 1.0, -3.3, "Engineer", -71990, 392.73)
upgrade(-7.5, -3.3, 1, -72282, 394.11)
upgrade(-7.5, -3.3, 1, -74961, 395.06)
upgrade(-7.5, -3.3, 1, -80586, 402.92)
place(-0.2, 1.0, -9.3, "Engineer", -80586, 405.62)
upgrade(-0.2, -9.3, 1, -80878, 406.98)
upgrade(-0.2, -9.3, 1, -81688, 407.41)
upgrade(-0.2, -9.3, 1, -83557, 407.81)
ability(-8.1, -9.9, "Drop The Beat", 412.03)
upgrade(-0.2, -9.3, 1, -89182, 416.35)
place(-0.2, 1.0, -12.3, "Engineer", -89182, 420.54)
upgrade(-0.2, -12.3, 1, -89474, 421.71)
upgrade(-0.2, -12.3, 1, -92153, 422.92)
upgrade(-0.2, -12.3, 1, -97778, 436.74)
place(-8.9, 1.0, -0.6, "Engineer", -97778, 442.46)
upgrade(-8.9, -0.6, 1, -98070, 444.25)
upgrade(-8.9, -0.6, 1, -100749, 446.66)
upgrade(-8.9, -0.6, 1, -106374, 457.31)
option(-8.1, -9.9, "Track", "Red", 465.53)
upgrade(-8.1, -9.9, 1, -114374, 470.75)
upgrade(-8.1, -9.9, 1, -134374, 502.43)
upgrade(-18.0, -3.0, 1, -137699, 513.36)
upgrade(-17.8, -5.0, 1, -141024, 518.13)
upgrade(-18.1, -7.3, 1, -144349, 519.37)
upgrade(-18.1, -9.5, 1, -147674, 528.68)
upgrade(-18.1, -11.5, 1, -150999, 529.93)
upgrade(-20.2, -12.1, 1, -154324, 531.30)
upgrade(-18.3, -13.6, 1, -157649, 534.28)
upgrade(-16.0, -13.4, 1, -160974, 537.61)
upgrade(-15.9, -11.3, 1, -164299, 539.10)
upgrade(-16.1, -9.1, 1, -167624, 547.30)
upgrade(-0.2, -9.3, 1, -179499, 565.56)
option(-8.1, -9.9, "Track", "Green", 571.20)
upgrade(-0.2, -9.3, 1, -207124, 592.55)
upgrade(-3.2, -9.2, 1, -217749, 599.54)
upgrade(-3.2, -9.2, 1, -245374, 626.66)
upgrade(-0.2, -12.3, 1, -255999, 629.59)
ability(-8.1, -9.9, "Drop The Beat", 630.51)
option(-8.1, -9.9, "Track", "Red", 657.11)
ability(-8.1, -9.9, "Drop The Beat", 659.34)
upgrade(-0.2, -12.3, 1, -286874, 668.00)
option(-8.1, -9.9, "Track", "Green", 674.03)
upgrade(-4.5, -3.2, 1, -297499, 676.77)
upgrade(-4.5, -3.2, 1, -325124, 698.35)
upgrade(-7.5, -3.3, 1, -335749, 709.65)
upgrade(-7.5, -3.3, 1, -363374, 725.64)
upgrade(-8.9, -0.6, 1, -373999, 731.21)
upgrade(-8.9, -0.6, 1, -401624, 747.94)
ability(-8.1, -9.9, "Drop The Beat", 748.95)
place(-2.3, 1.0, 2.3, "EvolvedJuggernaut", -401624, 753.79)
upgrade(-2.3, 2.3, 1, -404174, 756.17)
upgrade(-2.3, 2.3, 1, -410124, 757.01)
option(-8.1, -9.9, "Track", "Red", 761.67)
upgrade(-2.3, 2.3, 1, -426464, 766.31)
upgrade(-2.3, 2.3, 1, -459714, 780.07)
upgrade(-18.0, -3.0, 1, -467102, 790.45)
upgrade(-17.8, -5.0, 1, -474490, 793.14)
option(-8.1, -9.9, "Track", "Green", 800.08)
upgrade(-18.1, -9.5, 1, -481100, 806.57)
upgrade(-20.2, -12.1, 1, -487710, 808.60)
upgrade(-18.1, -11.5, 1, -494320, 811.32)
upgrade(-18.3, -13.6, 1, -500930, 813.07)
upgrade(-16.1, -9.1, 1, -507540, 815.08)
upgrade(-15.9, -11.3, 1, -514150, 817.15)
upgrade(-16.0, -13.4, 1, -520760, 818.45)
upgrade(-2.3, 2.3, 1, -567510, 839.36)
upgrade(-12.5, -9.2, 1, -573035, 848.31)
upgrade(-12.5, -9.2, 1, -593435, 849.24)
ability(-12.5, -9.2, "Hologram Tower", 863.54)
option(-8.1, -9.9, "Track", "Red", 873.61)
upgrade(-2.3, 2.3, 1, -688435, 899.78)
ability(-8.1, -9.9, "Drop The Beat", 902.74)
upgrade(-2.3, 2.3, 1, -854685, 947.64)
place(1.8, 1.0, -17.4, "Hacker", -854685, 950.15)
upgrade(1.8, -17.4, 1, -854803, 951.68)
upgrade(1.8, -17.4, 1, -856073, 952.72)
upgrade(-12.5, -9.2, 2, -906613, 969.40)
upgrade(1.8, -17.4, 1, -912788, 973.93)
upgrade(1.8, -17.4, 1, -935588, 974.73)
upgrade(1.8, -17.4, 2, -986128, 981.23)
ability(-12.5, -9.2, "Hologram Tower", 988.77)
ability(-12.5, -9.2, "Hologram Tower", 990.10)
ability(-12.5, -9.2, "Hologram Tower", 992.66)
ability(-12.5, -9.2, "Hologram Tower", 997.83)
ability(-12.5, -9.2, "Hologram Tower", 1002.13)
ability(1.8, -17.4, "Hologram Tower", 1003.58)
ability(1.8, -17.4, "Hologram Tower", 1007.53)
ability(1.8, -17.4, "Hologram Tower", 1010.20)
ability(1.8, -17.4, "Hologram Tower", 1012.67)
ability(-8.1, -9.9, "Drop The Beat", 1057.00)
ability(-8.1, -9.9, "Drop The Beat", 1058.04)
ability(-12.5, -9.2, "Hologram Tower", 1060.51)
ability(-12.5, -9.2, "Hologram Tower", 1062.15)
ability(-12.5, -9.2, "Hologram Tower", 1065.08)
ability(-12.5, -9.2, "Hologram Tower", 1067.48)
ability(-12.5, -9.2, "Hologram Tower", 1069.36)
ability(-12.5, -9.2, "Hologram Tower", 1071.16)
ability(1.8, -17.4, "Hologram Tower", 1076.17)
target(-2.3, 2.3, "Last", 1088.73)
target(-2.3, 2.3, "Strongest", 1089.55)
target(2.6, 3.5, "Last", 1092.87)
target(2.6, 3.5, "Strongest", 1093.77)
ability(-8.1, -9.9, "Drop The Beat", 1119.43)
ability(-12.5, -9.2, "Hologram Tower", 1134.23)
ability(1.8, -17.4, "Hologram Tower", 1140.76)
ability(1.8, -17.4, "Hologram Tower", 1144.73)
ability(-8.1, -9.9, "Drop The Beat", 1149.08)
ability(-8.1, -9.9, "Drop The Beat", 1177.94)
ability(-12.5, -9.2, "Hologram Tower", 1198.04)
ability(1.8, -17.4, "Hologram Tower", 1205.01)
ability(1.8, -17.4, "Hologram Tower", 1208.34)
ability(1.8, -17.4, "Hologram Tower", 1212.36)
ability(-8.1, -9.9, "Drop The Beat", 1213.58)
ability(-8.1, -9.9, "Drop The Beat", 1244.11)