-- ZEPHYR_META: {"authorId":"1435979246244728892","authorTag":"concak0552_73783","category":"community","official":false,"createdAt":"2026-09-04T13:30:56.175Z","updatedAt":"2026-09-04T13:30:56.175Z"}
skip(1, 0.89)
skip(1, 2.15)
place(-4.7, 1.0, 6.5, "Pyromancer", 0, 3.99)
skip(1, 4.50)
skip(1, 6.77)
target(-4.7, 6.5, "Random", 8.86)
skip(1, 9.04)
target(-4.7, 6.5, "Farthest", 9.39)
skip(1, 11.32)
skip(1, 13.61)
skip(1, 15.87)
skip(1, 18.20)
upgrade(-4.7, 6.5, 1, -325, 19.59)
skip(1, 20.47)
skip(2, 22.72)
skip(2, 24.99)
skip(2, 27.23)
skip(2, 29.46)
skip(2, 31.73)
skip(2, 33.99)
skip(2, 36.26)
skip(2, 38.59)
skip(2, 40.92)
skip(2, 43.29)
skip(2, 45.53)
place(0.7, 1.0, 6.8, "Soldier", -325, 45.53)
skip(3, 46.82)
upgrade(0.7, 6.8, 1, -425, 46.96)
skip(3, 49.17)
skip(3, 51.46)
skip(3, 53.75)
skip(3, 56.02)
skip(3, 58.32)
skip(3, 60.53)
skip(3, 62.79)
skip(3, 65.06)
skip(3, 67.35)
place(3.8, 1.0, 7.0, "Soldier", -425, 67.31)
upgrade(3.8, 7.0, 1, -525, 68.95)
skip(4, 69.60)
place(-5.4, 1.0, 12.9, "Soldier", -525, 70.81)
skip(4, 71.97)
upgrade(-5.4, 12.9, 1, -625, 72.48)
skip(4, 74.37)
skip(4, 76.90)
skip(4, 79.18)
skip(4, 81.45)
skip(4, 83.71)
skip(4, 86.04)
place(0.9, 1.0, 13.2, "Soldier", -625, 87.78)
skip(4, 88.32)
skip(4, 89.80)
skip(4, 91.74)
upgrade(0.9, 13.2, 1, -725, 92.15)
skip(4, 94.01)
upgrade(0.7, 6.8, 1, -1425, 94.58)
skip(5, 95.16)
skip(5, 97.40)
skip(5, 99.66)
skip(5, 101.91)
skip(5, 104.21)
skip(5, 106.55)
skip(5, 108.97)
skip(5, 111.28)
skip(5, 113.55)
skip(5, 115.91)
upgrade(3.8, 7.0, 1, -2125, 116.31)
skip(5, 118.20)
upgrade(-5.4, 12.9, 1, -2825, 120.17)
skip(6, 120.59)
skip(6, 122.97)
skip(6, 125.38)
skip(6, 127.71)
skip(6, 130.05)
skip(6, 132.50)
skip(6, 134.80)
upgrade(0.9, 13.2, 1, -3525, 136.34)
skip(6, 137.14)
skip(6, 139.40)
skip(6, 141.71)
upgrade(-4.7, 6.5, 1, -4525, 142.74)
skip(6, 144.09)
skip(7, 145.21)
place(-7.7, 1.0, 6.8, "Soldier", -4525, 147.26)
skip(7, 147.71)
upgrade(-7.7, 6.8, 1, -4625, 148.96)
skip(7, 150.23)
skip(7, 152.53)
skip(7, 154.87)
skip(7, 157.21)
skip(7, 159.61)
skip(7, 162.03)
skip(7, 164.34)
skip(7, 166.71)
upgrade(-7.7, 6.8, 1, -5325, 168.20)
skip(7, 169.05)
place(1.3, 1.0, 3.4, "Soldier", -5325, 171.14)
skip(8, 171.83)
upgrade(1.3, 3.4, 1, -5425, 173.08)
skip(8, 174.17)
skip(8, 176.49)
skip(8, 178.90)
place(-5.0, 1.0, 3.3, "Soldier", -6125, 179.11)
upgrade(-5.0, 3.3, 1, -6225, 180.78)
skip(8, 181.23)
skip(8, 183.52)
skip(8, 185.73)
skip(8, 188.02)
skip(8, 190.30)
skip(8, 192.64)
skip(8, 195.00)
upgrade(-5.0, 3.3, 1, -6925, 196.08)
skip(9, 197.28)
skip(9, 199.57)
skip(9, 201.92)
upgrade(-4.7, 6.5, 1, -8925, 202.92)
skip(9, 204.31)
skip(9, 206.64)
place(-10.9, 1.0, 7.0, "Soldier", -8925, 207.81)
skip(9, 208.99)
upgrade(-10.9, 7.0, 1, -9025, 209.51)
skip(9, 211.34)
skip(9, 213.66)
skip(9, 215.93)
skip(9, 218.27)
upgrade(-10.9, 7.0, 1, -9725, 218.59)
skip(9, 220.51)
place(4.7, 1.0, 3.2, "Soldier", -9725, 221.07)
skip(9, 221.90)
upgrade(4.7, 3.2, 1, -9825, 222.52)
skip(10, 223.09)
skip(10, 225.40)
skip(10, 227.76)
skip(10, 230.08)
skip(10, 232.32)
skip(10, 234.73)
skip(10, 236.00)
skip(10, 238.36)
skip(10, 240.11)
skip(10, 241.77)
skip(10, 244.16)
skip(10, 246.61)
upgrade(-7.7, 6.8, 1, -12375, 247.05)
skip(10, 249.00)
skip(10, 251.38)
skip(10, 252.81)
upgrade(0.9, 13.2, 1, -14225, 252.93)
skip(11, 254.02)
skip(11, 256.32)
skip(11, 258.69)
skip(11, 260.01)
skip(11, 262.34)
upgrade(0.7, 6.8, 1, -16075, 263.03)
skip(11, 264.71)
skip(11, 267.02)
skip(11, 269.32)
skip(11, 271.65)
skip(11, 273.93)
skip(11, 276.19)
upgrade(-10.9, 7.0, 1, -17925, 276.49)
skip(11, 278.49)
upgrade(-5.4, 12.9, 1, -19775, 280.64)
skip(12, 280.96)
skip(12, 283.22)
skip(12, 285.58)
skip(12, 286.85)
skip(12, 288.11)
skip(12, 290.52)
skip(12, 292.92)
skip(12, 295.29)
skip(12, 297.53)
upgrade(1.3, 3.4, 1, -21625, 297.57)
skip(12, 299.81)
skip(12, 302.21)
skip(12, 304.53)
skip(13, 305.87)
skip(13, 308.13)
upgrade(-4.7, 6.5, 1, -25402, 308.58)
skip(13, 310.41)
skip(13, 312.71)
skip(13, 315.06)
skip(13, 317.46)
upgrade(3.8, 7.0, 1, -27252, 319.30)
skip(13, 319.73)
skip(13, 322.04)
skip(13, 324.34)
skip(13, 326.63)
upgrade(-5.0, 3.3, 1, -29102, 328.47)
skip(13, 329.03)
skip(13, 331.53)
place(-8.3, 1.0, 13.8, "Soldier", -29102, 332.36)
skip(14, 332.94)
upgrade(-8.3, 13.8, 1, -29202, 334.22)
upgrade(-8.3, 13.8, 1, -29902, 334.52)
upgrade(-8.3, 13.8, 1, -31752, 335.13)
skip(14, 335.29)
skip(14, 336.62)
place(4.0, 1.0, 13.8, "Soldier", -31752, 337.25)
upgrade(4.0, 13.8, 1, -31852, 338.78)
skip(14, 339.07)
upgrade(4.0, 13.8, 1, -32552, 339.21)
skip(14, 341.42)
skip(14, 343.79)
skip(14, 346.14)
skip(14, 348.50)
skip(14, 350.85)
skip(14, 353.19)
upgrade(4.0, 13.8, 1, -34402, 353.19)
place(1.7, 1.0, -0.2, "Soldier", -34402, 355.27)
skip(14, 355.85)
upgrade(1.7, -0.2, 1, -34502, 357.11)
upgrade(1.7, -0.2, 1, -37052, 358.03)
skip(15, 358.30)
place(-5.2, 1.0, 0.0, "Soldier", -37052, 359.83)
skip(15, 360.73)
upgrade(-5.2, 0.0, 1, -37152, 361.72)
upgrade(-5.2, 0.0, 1, -37852, 362.21)
skip(15, 363.21)
skip(15, 365.55)
skip(15, 367.88)
skip(15, 370.22)
upgrade(-5.2, 0.0, 1, -39702, 371.98)
skip(15, 372.53)
skip(15, 374.99)
skip(15, 377.23)
skip(15, 378.52)
skip(15, 380.83)
skip(16, 383.28)
skip(16, 384.62)
skip(16, 386.91)
skip(16, 389.41)
skip(16, 391.83)
skip(16, 394.24)
skip(16, 395.48)
skip(16, 396.76)
skip(16, 398.04)
upgrade(-4.7, 6.5, 1, -50813, 398.11)
skip(16, 399.29)
skip(16, 401.68)
skip(16, 404.06)
skip(16, 406.37)
skip(17, 409.03)
skip(17, 411.45)
skip(17, 412.71)
skip(17, 415.08)
skip(17, 417.43)
skip(17, 419.76)
skip(17, 422.07)
upgrade(-5.4, 12.9, 1, -56813, 422.38)
skip(17, 424.46)
upgrade(0.9, 13.2, 1, -62813, 425.10)
skip(17, 426.92)
upgrade(-8.3, 13.8, 1, -68813, 427.21)
skip(17, 429.28)
upgrade(4.0, 13.8, 1, -74813, 430.99)
skip(17, 431.58)
skip(18, 432.93)
skip(18, 435.32)
skip(18, 437.79)
skip(18, 440.19)
upgrade(0.7, 6.8, 1, -80813, 440.08)
skip(18, 441.49)
skip(18, 443.84)
skip(18, 446.14)
skip(18, 448.50)
skip(18, 450.90)
upgrade(1.3, 3.4, 1, -86813, 452.42)
skip(18, 453.28)
skip(18, 455.66)
skip(18, 458.03)
skip(19, 459.13)
skip(19, 460.43)
skip(19, 461.69)
skip(19, 464.22)
skip(19, 466.62)
upgrade(1.7, -0.2, 1, -92813, 467.30)
skip(19, 468.93)
skip(19, 470.30)
upgrade(-5.2, 0.0, 1, -98813, 470.71)
skip(19, 472.72)
upgrade(-5.0, 3.3, 1, -104813, 473.09)
skip(19, 475.04)
skip(19, 477.40)
skip(19, 479.72)
upgrade(-7.7, 6.8, 1, -110813, 480.19)
skip(19, 482.13)
skip(19, 483.43)
upgrade(-10.9, 7.0, 1, -116813, 484.23)
skip(20, 486.11)
skip(20, 488.57)
skip(20, 491.08)
skip(20, 492.39)
skip(20, 493.60)
skip(20, 494.91)
skip(20, 496.56)
skip(20, 499.09)
upgrade(3.8, 7.0, 1, -122813, 499.35)
skip(20, 500.38)
skip(20, 501.64)
upgrade(4.7, 3.2, 1, -124663, 502.30)
upgrade(4.7, 3.2, 1, -130663, 502.86)
skip(20, 504.09)
place(1.3, 1.0, 16.6, "Pyromancer", -130663, 505.86)
skip(20, 506.41)
upgrade(1.3, 16.6, 1, -130988, 508.22)
skip(20, 508.79)
upgrade(1.3, 16.6, 1, -131988, 508.75)
upgrade(1.3, 16.6, 1, -133988, 509.44)
skip(20, 511.18)
skip(20, 513.51)
upgrade(1.3, 16.6, 1, -137765, 515.26)
skip(20, 515.84)
skip(20, 518.14)