-- NOTE: made with skill tree meaning it might not work, works with hidden, exploding, commited, glass modifiers, no skill tree and no g crook strat soon idk
place(4.324, -6.368, 11.215, "Electroshocker", 672)
upgrade(4.324, -5.018, 11.215, 297)
place(0.548, -6.368, 13.911, "Electroshocker", 486)
upgrade(0.548, -5.018, 13.911, 213)
upgrade(4.324, -5.018, 11.215, 708)
upgrade(0.548, -5.018, 13.911, 756)
place(6.715, -6.368, 9.284, "Electroshocker", 258)
place(6.715, -6.368, 9.284, "Electroshocker", 1013)
upgrade(6.715, -5.018, 9.284, 650)
upgrade(6.715, -5.018, 9.284, 1589)
place(5.289, -6.368, 14.113, "Electroshocker", 1055)
upgrade(5.289, -5.018, 14.113, 700)
upgrade(5.289, -5.018, 14.113, 713)
place(7.620, -6.368, 12.194, "Electroshocker", 1102)
upgrade(7.620, -5.018, 12.194, 769)
upgrade(7.620, -5.018, 12.194, 1069)
place(2.751, -6.368, 6.784, "Electroshocker", 1724)
upgrade(2.751, -5.018, 6.784, 1593)
upgrade(2.751, -5.018, 6.784, 1405)
place(5.004, -6.368, 4.792, "Electroshocker", 2006)
upgrade(5.004, -5.018, 4.792, 1905)
upgrade(5.004, -5.018, 4.792, 1731)
place(2.107, -6.368, 3.834, "Electroshocker", 1664)
upgrade(2.107, -5.018, 3.834, 1331)
upgrade(2.107, -5.018, 3.834, 1189)
place(-1.951, -6.368, 15.659, "Electroshocker", 1887)
upgrade(-1.951, -5.018, 15.659, 1512)
upgrade(-1.951, -5.018, 15.659, 1411)
place(-4.916, -6.368, 16.365, "Electroshocker", 1112)
upgrade(-4.916, -5.018, 16.365, 837)
upgrade(-4.916, -5.018, 16.365, 737)
place(-0.528, -6.368, 0.781, "DJ Booth", 2646)
upgrade(-0.528, -5.003, 0.781, 1796)
upgrade(-0.528, -5.003, 0.781, 1696)
SetDjTrack(-0.528, -5.003, 0.781, "Green", 1519)
upgrade(-0.528, -5.003, 0.781, 3440)
DropTheBeat(-0.528, -5.003, 0.781, 440)
place(7.454, -6.368, 3.007, "Crook Boss", 2005)
upgrade(7.454, -5.018, 3.007, 1305)
upgrade(7.454, -5.018, 3.007, 3611)
DropTheBeat(-0.528, -5.003, 0.781, 1451)
place(4.611, -6.368, 1.802, "Crook Boss", 4427)
upgrade(4.611, -5.018, 1.802, 2427)
upgrade(4.611, -5.018, 1.802, 3302)
place(9.035, -6.368, 0.389, "Crook Boss", 3597)
upgrade(9.035, -5.018, 0.389, 1897)
upgrade(9.035, -5.018, 0.389, 3872)
place(6.168, -6.368, -0.781, "Crook Boss", 6678)
upgrade(6.168, -5.018, -0.781, 5372)
upgrade(6.168, -5.018, -0.781, 4827)
place(3.135, -6.368, -0.925, "Crook Boss", 3192)
upgrade(3.135, -5.018, -0.925, 2192)
DropTheBeat(-0.528, -5.003, 0.781, 1167)
upgrade(3.135, -5.018, -0.925, 4100)
DropTheBeat(-0.528, -5.003, 0.781, 5629)
upgrade(-0.528, -5.003, 0.781, 8420)
DropTheBeat(-0.528, -5.003, 0.781, 15856)
upgrade(-0.528, -5.003, 0.781, 23306)
upgrade(2.751, -5.018, 6.784, 3306)
upgrade(2.751, -5.018, 6.784, 5397)
DropTheBeat(-0.528, -5.003, 0.781, 2394)
upgrade(2.107, -5.018, 3.834, 4875)
upgrade(2.107, -5.018, 3.834, 10150)
upgrade(5.004, -5.018, 4.792, 4753)
upgrade(5.004, -5.018, 4.792, 6057)
DropTheBeat(-0.528, -5.003, 0.781, 3760)
upgrade(2.751, -5.018, 6.784, 16109)
DropTheBeat(-0.528, -5.003, 0.781, 12615)
upgrade(5.004, -5.018, 4.792, 14490)
upgrade(2.107, -5.018, 3.834, 15493)
upgrade(4.324, -5.018, 11.215, 3649)
upgrade(4.324, -5.018, 11.215, 6124)
upgrade(6.715, -5.018, 9.284, 4390)
upgrade(6.715, -5.018, 9.284, 5772)
upgrade(5.289, -5.018, 14.113, 2375)
upgrade(5.289, -5.018, 14.113, 5450)
upgrade(7.620, -5.018, 12.194, 3036)
DropTheBeat(-0.528, -5.003, 0.781, 911)
upgrade(7.620, -5.018, 12.194, 7286)
upgrade(4.324, -5.018, 11.215, 18384)
upgrade(6.715, -5.018, 9.284, 16137)
DropTheBeat(-0.528, -5.003, 0.781, 13043)
upgrade(5.289, -5.018, 14.113, 14918)
upgrade(7.620, -5.018, 12.194, 14736)
upgrade(0.548, -5.018, 13.911, 3002)
upgrade(0.548, -5.018, 13.911, 9877)
upgrade(-1.951, -5.018, 15.659, 7806)
upgrade(-1.951, -5.018, 15.659, 5681)
upgrade(-4.916, -5.018, 16.365, 4084)
upgrade(-4.916, -5.018, 16.365, 5559)
DropTheBeat(-0.528, -5.003, 0.781, 17262)
upgrade(0.548, -5.018, 13.911, 19137)
upgrade(-1.951, -5.018, 15.659, 14743)
DropTheBeat(-0.528, -5.003, 0.781, 16338)
upgrade(-4.916, -5.018, 16.365, 20873)
upgrade(3.135, -5.018, -0.925, 25031)
upgrade(3.135, -5.018, -0.925, 42877)
DropTheBeat(-0.528, -5.003, 0.781, 1877)
upgrade(6.168, -5.018, -0.781, 16252)
DropTheBeat(-0.528, -5.003, 0.781, 38188)
upgrade(6.168, -5.018, -0.781, 48063)
upgrade(4.611, -5.018, 1.802, 22885)
DropTheBeat(-0.528, -5.003, 0.781, 24203)
upgrade(4.611, -5.018, 1.802, 46106)
DropTheBeat(-0.528, -5.003, 0.781, 19606)
upgrade(9.035, -5.018, 0.389, 30081)
upgrade(9.035, -5.018, 0.389, 45075)
upgrade(7.454, -5.018, 3.007, 36775)
DropTheBeat(-0.528, -5.003, 0.781, 30150)
upgrade(7.454, -5.018, 3.007, 45932)
place(-7.132, -6.368, -2.319, "Turret", 13477)
upgrade(-7.132, -5.738, -2.319, 10194)
upgrade(-7.132, -5.738, -2.319, 8465)
DropTheBeat(-0.528, -5.003, 0.781, 11290)
SetDjTrack(-0.528, -5.003, 0.781, "Red", 13240)
upgrade(-7.132, -5.738, -2.319, 20740)
upgrade(-7.132, -5.738, -2.319, 36740)
DropTheBeat(-0.528, -5.003, 0.781, 15990)
SetDjTrack(-0.528, -5.003, 0.781, "Green", 76604)
DropTheBeat(-0.528, -5.003, 0.781, 76604)
upgrade(-7.132, -5.738, -2.319, 78554)
place(-3.710, -6.368, -4.460, "Turret", 45299)
upgrade(-3.710, -5.738, -4.460, 37049)
upgrade(-3.710, -5.738, -4.460, 45142)
upgrade(-3.710, -5.738, -4.460, 53410)
upgrade(-3.710, -5.738, -4.460, 41410)
DropTheBeat(-0.528, -5.003, 0.781, 57439)
upgrade(-3.710, -5.738, -4.460, 69464)
place(13.898, -6.368, -0.869, "Turret", 40137)
upgrade(13.898, -5.738, -0.869, 38037)
upgrade(13.898, -5.738, -0.869, 36692)
upgrade(13.898, -5.738, -0.869, 35420)
upgrade(13.898, -5.738, -0.869, 50265)
upgrade(13.898, -5.738, -0.869, 67537)
place(-0.030, -6.368, -3.457, "Accelerator", 42158)
upgrade(-0.030, -5.018, -3.457, 61681)
upgrade(-0.030, -5.018, -3.457, 60458)
upgrade(-0.030, -5.018, -3.457, 55358)
upgrade(-0.030, -5.018, -3.457, 46859)
SetDjTrack(-0.528, -5.003, 0.781, "Red", 23484)
DropTheBeat(-0.528, -5.003, 0.781, 23484)
upgrade(-0.030, -5.018, -3.457, 78484)
place(3.428, -6.368, -4.169, "Accelerator", 28984)
upgrade(3.428, -5.018, -4.169, 41484)
upgrade(3.428, -5.018, -4.169, 49559)
upgrade(3.428, -5.018, -4.169, 43859)
upgrade(3.428, -5.018, -4.169, 34360)
SetDjTrack(-0.528, -5.003, 0.781, "Green", 14339)
DropTheBeat(-0.528, -5.003, 0.781, 14339)
upgrade(3.428, -5.018, -4.169, 71589)
place(6.933, -6.368, -3.942, "Accelerator", 49161)
upgrade(6.933, -5.018, -3.942, 45387)
upgrade(6.933, -5.018, -3.942, 44287)
upgrade(6.933, -5.018, -3.942, 42559)
upgrade(6.933, -5.018, -3.942, 34990)
DropTheBeat(-0.528, -5.003, 0.781, 48590)
upgrade(6.933, -5.018, -3.942, 55865)
place(2.070, -6.368, -12.491, "Accelerator", 42365)
upgrade(2.070, -5.018, -12.491, 42365)
upgrade(2.070, -5.018, -12.491, 40665)
upgrade(2.070, -5.018, -12.491, 43051)
upgrade(2.070, -5.018, -12.491, 34566)
DropTheBeat(-0.528, -5.003, 0.781, 17459)
upgrade(2.070, -5.018, -12.491, 53504)
SetDjTrack(-0.528, -5.003, 0.781, "Red", 20488)
place(-1.450, -6.368, -12.499, "Accelerator", 42293)
upgrade(-1.450, -5.018, -12.499, 41007)
upgrade(-1.450, -5.018, -12.499, 44107)
upgrade(-1.450, -5.018, -12.499, 44407)
upgrade(-1.450, -5.018, -12.499, 40859)
upgrade(-1.450, -5.018, -12.499, 60582)
DropTheBeat(-0.528, -5.003, 0.781, 63113)
DropTheBeat(-0.528, -5.003, 0.781, 370613)
DropTheBeat(-0.528, -5.003, 0.781, 483113)
DropTheBeat(-0.528, -5.003, 0.781, 570613)