-- NOTE: IF script doesnt clone on wave 40 clone accelerators with bottom path hacker and crooks with top path hacker; works with exploding hidden comitted glass and limitation (only if you have re-enforcements lvl 3) mods; normal crook/no skill tree version NEVER coming😢
place(0.564, -6.368, 13.903, "Electroshocker", 672)
upgrade(0.564, -5.018, 13.903, 297)
place(-2.025, -6.368, 15.631, "Electroshocker", 612)
upgrade(-2.025, -5.018, 15.631, 237)
upgrade(0.564, -5.018, 13.903, 708)
upgrade(-2.025, -5.018, 15.631, 756)
place(4.249, -6.368, 11.173, "Electroshocker", 1013)
upgrade(4.249, -5.018, 11.173, 650)
upgrade(4.249, -5.018, 11.173, 734)
place(6.666, -6.368, 9.285, "Electroshocker", 895)
upgrade(6.666, -5.018, 9.285, 638)
upgrade(6.666, -5.018, 9.285, 713)
place(2.659, -6.368, 6.727, "Electroshocker", 1184)
upgrade(2.659, -5.018, 6.727, 829)
upgrade(2.659, -5.018, 6.727, 1069)
place(-4.949, -6.368, 16.385, "Hacker", 1600)
upgrade(-4.949, -4.965, 16.385, 700)
upgrade(-4.949, -4.965, 16.385, 2184)
place(5.318, -6.368, 14.076, "Electroshocker", 3505)
upgrade(5.318, -5.018, 14.076, 3130)
upgrade(5.318, -5.018, 14.076, 2930)
place(7.665, -6.368, 12.149, "Electroshocker", 2460)
upgrade(7.665, -5.018, 12.149, 2315)
upgrade(7.665, -5.018, 12.149, 2115)
place(5.162, -6.368, 4.826, "Electroshocker", 2345)
upgrade(5.162, -5.018, 4.826, 2085)
upgrade(5.162, -5.018, 4.826, 1885)
place(2.315, -6.368, 3.733, "Electroshocker", 3054)
upgrade(2.315, -5.018, 3.733, 2792)
upgrade(2.315, -5.018, 3.733, 2594)
place(7.515, -6.368, 2.887, "Electroshocker", 4636)
upgrade(7.515, -5.018, 2.887, 4612)
upgrade(7.515, -5.018, 2.887, 4412)
place(-0.616, -6.368, 0.880, "DJ Booth", 4172)
upgrade(-0.616, -5.003, 0.880, 3322)
upgrade(-0.616, -5.003, 0.880, 3022)
upgrade(-0.616, -5.003, 0.880, 3162)
SetDjTrack(-0.616, -5.003, 0.880, "Green", 644)
DropTheBeat(-0.616, -5.003, 0.880, 2693)
place(9.041, -6.368, 0.213, "Crook Boss", 7796)
upgrade(9.041, -5.018, 0.213, 5911)
upgrade(9.041, -5.018, 0.213, 4901)
place(9.635, -6.368, -2.750, "Crook Boss", 3221)
upgrade(9.635, -5.018, -2.750, 1221)
upgrade(9.635, -5.018, -2.750, 4168)
place(4.638, -6.368, 1.834, "Crook Boss", 3355)
upgrade(4.638, -5.018, 1.834, 1430)
upgrade(4.638, -5.018, 1.834, 4115)
DropTheBeat(-0.616, -5.003, 0.880, 2575)
place(6.176, -6.368, -0.771, "Crook Boss", 8310)
upgrade(6.176, -5.018, -0.771, 7115)
upgrade(6.176, -5.018, -0.771, 5990)
place(6.716, -6.368, -3.776, "Crook Boss", 6558)
upgrade(6.716, -5.018, -3.776, 4558)
upgrade(6.716, -5.018, -3.776, 3433)
place(-3.898, -6.368, -1.516, "Hacker", 4884)
upgrade(-3.898, -4.965, -1.516, 5670)
upgrade(-3.898, -4.965, -1.516, 6063)
DropTheBeat(-0.616, -5.003, 0.880, 4860)
upgrade(-0.616, -5.003, 0.880, 9636)
DropTheBeat(-0.616, -5.003, 0.880, 9016)
DropTheBeat(-0.616, -5.003, 0.880, 16705)
upgrade(-0.616, -5.003, 0.880, 22955)
upgrade(2.659, -5.018, 6.727, 5371)
upgrade(2.659, -5.018, 6.727, 5826)
upgrade(2.315, -5.018, 3.733, 2499)
upgrade(2.315, -5.018, 3.733, 9574)
upgrade(5.162, -5.018, 4.826, 6706)
upgrade(5.162, -5.018, 4.826, 5928)
upgrade(7.515, -5.018, 2.887, 3679)
upgrade(7.515, -5.018, 2.887, 6274)
DropTheBeat(-0.616, -5.003, 0.880, 3519)
upgrade(2.315, -5.018, 3.733, 15198)
upgrade(2.659, -5.018, 6.727, 15057)
upgrade(5.162, -5.018, 4.826, 19432)
DropTheBeat(-0.616, -5.003, 0.880, 7195)
upgrade(7.515, -5.018, 2.887, 15061)
upgrade(4.249, -5.018, 11.173, 3096)
upgrade(4.249, -5.018, 11.173, 5566)
DropTheBeat(-0.616, -5.003, 0.880, 2582)
upgrade(6.666, -5.018, 9.285, 11507)
upgrade(6.666, -5.018, 9.285, 12783)
upgrade(5.318, -5.018, 14.076, 13185)
upgrade(5.318, -5.018, 14.076, 11060)
upgrade(7.665, -5.018, 12.149, 14447)
upgrade(7.665, -5.018, 12.149, 12385)
upgrade(4.249, -5.018, 11.173, 4341)
upgrade(5.318, -5.018, 14.076, 17373)
DropTheBeat(-0.616, -5.003, 0.880, 7558)
upgrade(6.666, -5.018, 9.285, 18358)
upgrade(7.665, -5.018, 12.149, 18823)
upgrade(0.564, -5.018, 13.903, 5583)
upgrade(0.564, -5.018, 13.903, 7708)
upgrade(-2.025, -5.018, 15.631, 7395)
upgrade(-2.025, -5.018, 15.631, 7340)
DropTheBeat(-0.616, -5.003, 0.880, 18393)
upgrade(0.564, -5.018, 13.903, 20418)
upgrade(-2.025, -5.018, 15.631, 17524)
upgrade(4.638, -5.018, 1.834, 20864)
DropTheBeat(-0.616, -5.003, 0.880, 29568)
upgrade(4.638, -5.018, 1.834, 45587)
upgrade(6.176, -5.018, -0.771, 15737)
upgrade(6.176, -5.018, -0.771, 51895)
upgrade(9.041, -5.018, 0.213, 19465)
DropTheBeat(-0.616, -5.003, 0.880, 48372)
upgrade(9.041, -5.018, 0.213, 52330)
upgrade(9.635, -5.018, -2.750, 14910)
DropTheBeat(-0.616, -5.003, 0.880, 17424)
upgrade(9.635, -5.018, -2.750, 49449)
upgrade(6.716, -5.018, -3.776, 20374)
upgrade(6.716, -5.018, -3.776, 42742)
upgrade(-4.949, -4.965, 16.385, 41700)
upgrade(-4.949, -4.965, 16.385, 36175)
DropTheBeat(-0.616, -5.003, 0.880, 29369)
upgrade(-4.949, -4.965, 16.385, 52222)
upgrade(-3.898, -4.965, -1.516, 19002)
upgrade(-3.898, -4.965, -1.516, 25977)
SetDjTrack(-0.616, -5.003, 0.880, "Red", 17827)
upgrade(-3.898, -4.965, -1.516, 72077)
SetDjTrack(-0.616, -5.003, 0.880, "Green", 48191)
place(3.473, -6.368, -4.385, "Accelerator", 137236)
upgrade(3.473, -5.018, -4.385, 135113)
upgrade(3.473, -5.018, -4.385, 133436)
upgrade(3.473, -5.018, -4.385, 130650)
upgrade(3.473, -5.018, -4.385, 122359)
upgrade(3.473, -5.018, -4.385, 104311)
place(-0.077, -6.368, -4.548, "Accelerator", 67564)
upgrade(-0.077, -5.018, -4.548, 65532)
upgrade(-0.077, -5.018, -4.548, 64144)
upgrade(-0.077, -5.018, -4.548, 59050)
upgrade(-0.077, -5.018, -4.548, 50678)
DropTheBeat(-0.616, -5.003, 0.880, 30292)
upgrade(-0.077, -5.018, -4.548, 64392)
place(-5.396, -6.368, -4.462, "Accelerator", 84167)
upgrade(-5.396, -5.018, -4.462, 85050)
upgrade(-5.396, -5.018, -4.462, 83841)
upgrade(-5.396, -5.018, -4.462, 79583)
upgrade(-5.396, -5.018, -4.462, 73984)
upgrade(-5.396, -5.018, -4.462, 80626)
place(13.877, -6.368, -0.912, "Accelerator", 81393)
upgrade(13.877, -5.018, -0.912, 73893)
upgrade(13.877, -5.018, -0.912, 72195)
upgrade(13.877, -5.018, -0.912, 67108)
upgrade(13.877, -5.018, -0.912, 63465)
upgrade(13.877, -5.018, -0.912, 60219)
place(16.792, -6.368, -2.930, "Accelerator", 117969)
upgrade(16.792, -5.018, -2.930, 110469)
upgrade(16.792, -5.018, -2.930, 108774)
upgrade(16.792, -5.018, -2.930, 107113)
upgrade(16.792, -5.018, -2.930, 101269)
upgrade(16.792, -5.018, -2.930, 77899)
SetDjTrack(-0.616, -5.003, 0.880, "Red", 245462)
DropTheBeat(-0.616, -5.003, 0.880, 746539)