-- NOTE: obviously you get more coins and gems with timescale; works with exploding comitted glass hidden and limitation (if you have re-enforcements lvl 4) mods; normal crook boss and no skill tree version is NEVER coming unless i turn off skill tree while making hacker version
place(4.302, -6.368, 11.107, "Electroshocker", 672)
upgrade(4.302, -5.018, 11.107, 297)
place(0.558, -6.368, 13.943, "Electroshocker", 588)
upgrade(0.558, -5.018, 13.943, 213)
upgrade(4.302, -5.018, 11.107, 708)
upgrade(0.558, -5.018, 13.943, 756)
place(6.704, -6.368, 9.244, "Electroshocker", 1011)
upgrade(6.704, -5.018, 9.244, 638)
upgrade(6.704, -5.018, 9.244, 734)
place(5.295, -6.368, 14.022, "Electroshocker", 895)
upgrade(5.295, -5.018, 14.022, 528)
upgrade(5.295, -5.018, 14.022, 713)
place(7.654, -6.368, 12.127, "Electroshocker", 1084)
upgrade(7.654, -5.018, 12.127, 749)
upgrade(7.654, -5.018, 12.127, 1069)
place(2.675, -6.368, 6.871, "Electroshocker", 1961)
upgrade(2.675, -5.018, 6.871, 1810)
upgrade(2.675, -5.018, 6.871, 1611)
place(5.042, -6.368, 4.942, "Electroshocker", 2255)
upgrade(5.042, -5.018, 4.942, 2180)
upgrade(5.042, -5.018, 4.942, 1980)
place(2.223, -6.368, 3.879, "Electroshocker", 1413)
upgrade(2.223, -5.018, 3.879, 1138)
upgrade(2.223, -5.018, 3.879, 938)
place(-2.000, -6.368, 15.636, "Electroshocker", 738)
upgrade(-2.000, -5.018, 15.636, 463)
upgrade(-2.000, -5.018, 15.636, 1481)
place(-4.978, -6.368, 16.387, "Electroshocker", 961)
upgrade(-4.978, -5.018, 16.387, 785)
upgrade(-4.978, -5.018, 16.387, 886)
place(-0.449, -6.368, 0.890, "DJ Booth", 2895)
upgrade(-0.449, -5.003, 0.890, 2245)
upgrade(-0.449, -5.003, 0.890, 2036)
SetDjTrack(-0.449, -5.003, 0.890, "Green", 1104)
upgrade(-0.449, -5.003, 0.890, 3662)
DropTheBeat(-0.449, -5.003, 0.890, 662)
place(7.396, -6.368, 3.066, "Crook Boss", 2527)
upgrade(7.396, -5.018, 3.066, 1124)
DropTheBeat(-0.449, -5.003, 0.890, 2933)
upgrade(7.396, -5.018, 3.066, 4133)
place(4.597, -6.368, 1.913, "Crook Boss", 2273)
upgrade(4.597, -5.018, 1.913, 1784)
upgrade(4.597, -5.018, 1.913, 3524)
DropTheBeat(-0.449, -5.003, 0.890, 1423)
place(9.031, -6.368, 0.471, "Crook Boss", 4673)
upgrade(9.031, -5.018, 0.471, 3019)
upgrade(9.031, -5.018, 0.471, 3294)
place(6.192, -6.368, -0.653, "Crook Boss", 3634)
upgrade(6.192, -5.018, -0.653, 2578)
upgrade(6.192, -5.018, -0.653, 3475)
place(3.167, -6.368, -0.823, "Crook Boss", 3516)
upgrade(3.167, -5.018, -0.823, 2244)
DropTheBeat(-0.449, -5.003, 0.890, 2520)
upgrade(3.167, -5.018, -0.823, 3120)
upgrade(-0.449, -5.003, 0.890, 8663)
DropTheBeat(-0.449, -5.003, 0.890, 708)
DropTheBeat(-0.449, -5.003, 0.890, 12461)
DropTheBeat(-0.449, -5.003, 0.890, 19844)
upgrade(-0.449, -5.003, 0.890, 21094)
upgrade(2.675, -5.018, 6.871, 6094)
upgrade(2.675, -5.018, 6.871, 6043)
upgrade(2.223, -5.018, 3.879, 2786)
DropTheBeat(-0.449, -5.003, 0.890, 3663)
upgrade(2.223, -5.018, 3.879, 6138)
upgrade(5.042, -5.018, 4.942, 2541)
upgrade(5.042, -5.018, 4.942, 5416)
DropTheBeat(-0.449, -5.003, 0.890, 3448)
upgrade(2.223, -5.018, 3.879, 15930)
DropTheBeat(-0.449, -5.003, 0.890, 12836)
DropTheBeat(-0.449, -5.003, 0.890, 15436)
DropTheBeat(-0.449, -5.003, 0.890, 15436)
upgrade(2.675, -5.018, 6.871, 17311)
upgrade(5.042, -5.018, 4.942, 19173)
upgrade(4.302, -5.018, 11.107, 5579)
upgrade(4.302, -5.018, 11.107, 8054)
upgrade(6.704, -5.018, 9.244, 6327)
DropTheBeat(-0.449, -5.003, 0.890, 5802)
upgrade(6.704, -5.018, 9.244, 9468)
upgrade(5.295, -5.018, 14.022, 4180)
upgrade(5.295, -5.018, 14.022, 7243)
upgrade(7.654, -5.018, 12.127, 3858)
upgrade(7.654, -5.018, 12.127, 6873)
DropTheBeat(-0.449, -5.003, 0.890, 8814)
upgrade(4.302, -5.018, 11.107, 17189)
upgrade(6.704, -5.018, 9.244, 15442)
DropTheBeat(-0.449, -5.003, 0.890, 3148)
upgrade(7.654, -5.018, 12.127, 21935)
DropTheBeat(-0.449, -5.003, 0.890, 18541)
upgrade(5.295, -5.018, 14.022, 23076)
upgrade(0.558, -5.018, 13.943, 11682)
upgrade(0.558, -5.018, 13.943, 9558)
upgrade(-2.000, -5.018, 15.636, 10160)
upgrade(-2.000, -5.018, 15.636, 8035)
upgrade(-4.978, -5.018, 16.387, 5963)
upgrade(-4.978, -5.018, 16.387, 9639)
DropTheBeat(-0.449, -5.003, 0.890, 12942)
upgrade(0.558, -5.018, 13.943, 14817)
upgrade(-2.000, -5.018, 15.636, 15423)
DropTheBeat(-0.449, -5.003, 0.890, 10368)
upgrade(-4.978, -5.018, 16.387, 17382)
upgrade(3.167, -5.018, -0.823, 17159)
upgrade(3.167, -5.018, -0.823, 44888)
DropTheBeat(-0.449, -5.003, 0.890, 2388)
upgrade(6.192, -5.018, -0.653, 20494)
upgrade(4.597, -5.018, 1.913, 15250)
DropTheBeat(-0.449, -5.003, 0.890, 39513)
DropTheBeat(-0.449, -5.003, 0.890, 43502)
DropTheBeat(-0.449, -5.003, 0.890, 47048)
upgrade(6.192, -5.018, -0.653, 56303)
upgrade(4.597, -5.018, 1.913, 49401)
DropTheBeat(-0.449, -5.003, 0.890, 13794)
DropTheBeat(-0.449, -5.003, 0.890, 21078)
upgrade(7.396, -5.018, 3.066, 31756)
upgrade(7.396, -5.018, 3.066, 45550)
DropTheBeat(-0.449, -5.003, 0.890, 11050)
upgrade(9.031, -5.018, 0.471, 23915)
upgrade(9.031, -5.018, 0.471, 46500)
place(-7.189, -6.368, -2.282, "Turret", 18663)
upgrade(-7.189, -5.738, -2.282, 14662)
upgrade(-7.189, -5.738, -2.282, 13902)
DropTheBeat(-0.449, -5.003, 0.890, 8145)
SetDjTrack(-0.449, -5.003, 0.890, "Red", 14267)
upgrade(-7.189, -5.738, -2.282, 24215)
upgrade(-7.189, -5.738, -2.282, 35215)
SetDjTrack(-0.449, -5.003, 0.890, "Green", 78784)
DropTheBeat(-0.449, -5.003, 0.890, 80079)
upgrade(-7.189, -5.738, -2.282, 82029)
place(-3.780, -6.368, -4.455, "Turret", 51274)
upgrade(-3.780, -5.738, -4.455, 48524)
upgrade(-3.780, -5.738, -4.455, 45818)
upgrade(-3.780, -5.738, -4.455, 39486)
upgrade(-3.780, -5.738, -4.455, 36387)
DropTheBeat(-0.449, -5.003, 0.890, 60914)
upgrade(-3.780, -5.738, -4.455, 65439)
place(13.959, -6.368, -0.960, "Turret", 66179)
upgrade(13.959, -5.738, -0.960, 57929)
upgrade(13.959, -5.738, -0.960, 55191)
upgrade(13.959, -5.738, -0.960, 48802)
upgrade(13.959, -5.738, -0.960, 34293)
upgrade(13.959, -5.738, -0.960, 66408)
SetTarget(5.295, -5.018, 14.022, "Last")
SetTarget(0.558, -5.018, 13.943, "Last")
SetTarget(-2.000, -5.018, 15.636, "Last")
SetTarget(4.302, -5.018, 11.107, "Last")
SetTarget(6.704, -5.018, 9.244, "Last")
SetTarget(7.654, -5.018, 12.127, "Last")
DropTheBeat(-0.449, -5.003, 0.890, 40633)
SetDjTrack(-0.449, -5.003, 0.890, "Red", 43133)
place(-0.142, -6.368, -3.422, "Accelerator", 88133)
upgrade(-0.142, -5.018, -3.422, 80633)
upgrade(-0.142, -5.018, -3.422, 78733)
upgrade(-0.142, -5.018, -3.422, 73081)
upgrade(-0.142, -5.018, -3.422, 63534)
upgrade(-0.142, -5.018, -3.422, 84909)
place(3.332, -6.368, -4.070, "Accelerator", 68113)
SetDjTrack(-0.449, -5.003, 0.890, "Green", 63113)
upgrade(3.332, -5.018, -4.070, 68113)
upgrade(3.332, -5.018, -4.070, 68113)
upgrade(3.332, -5.018, -4.070, 66313)
upgrade(3.332, -5.018, -4.070, 65311)
upgrade(3.332, -5.018, -4.070, 51939)
SetTarget(5.295, -5.018, 14.022, "First")
SetTarget(7.654, -5.018, 12.127, "First")
SetTarget(6.704, -5.018, 9.244, "First")
SetTarget(4.302, -5.018, 11.107, "First")
place(6.853, -6.368, -3.920, "Accelerator", 70539)
upgrade(6.853, -5.018, -3.920, 67334)
upgrade(6.853, -5.018, -3.920, 67432)
upgrade(6.853, -5.018, -3.920, 64827)
upgrade(6.853, -5.018, -3.920, 59732)
upgrade(6.853, -5.018, -3.920, 55100)
SetTarget(0.558, -5.018, 13.943, "First")
SetTarget(-2.000, -5.018, 15.636, "First")
place(2.085, -6.368, -12.495, "Accelerator", 45465)
upgrade(2.085, -5.018, -12.495, 37965)
upgrade(2.085, -5.018, -12.495, 36266)
upgrade(2.085, -5.018, -12.495, 23772)
upgrade(2.085, -5.018, -12.495, 23772)
upgrade(2.085, -5.018, -12.495, 30166)
DropTheBeat(-0.449, -5.003, 0.890, 26559)
upgrade(2.085, -5.018, -12.495, 54669)
SetDjTrack(-0.449, -5.003, 0.890, "Red", 13640)
place(-1.460, -6.368, -12.488, "Accelerator", 50067)
upgrade(-1.460, -5.018, -12.488, 44569)
upgrade(-1.460, -5.018, -12.488, 42687)
upgrade(-1.460, -5.018, -12.488, 45067)
upgrade(-1.460, -5.018, -12.488, 44457)
upgrade(-1.460, -5.018, -12.488, 61862)
DropTheBeat(-0.449, -5.003, 0.890, 115495)
DropTheBeat(-0.449, -5.003, 0.890, 127969)
DropTheBeat(-0.449, -5.003, 0.890, 305495)
DropTheBeat(-0.449, -5.003, 0.890, 537995)
DropTheBeat(-0.449, -5.003, 0.890, 600495)