place(-4.888, 1.000, 6.637, "Cowboy", 1000)
place(0.273, 1.000, 7.526, "Cowboy", 550)
place(-5.182, 1.000, 3.926, "Cowboy", 270)
place(-5.106, 1.000, 3.905, "Cowboy", 826)
place(0.522, 1.000, 4.781, "Cowboy", 465)
upgrade(0.522, 2.350, 4.781, 159)
place(-7.517, 1.000, 6.635, "Cowboy", 840)
upgrade(-7.517, 2.350, 6.635, 350)
upgrade(-4.888, 2.350, 6.637, 240)
upgrade(-5.106, 2.350, 3.905, 190)
upgrade(0.273, 2.350, 7.526, 158)
upgrade(0.522, 2.350, 4.781, 991)
upgrade(-4.888, 2.350, 6.637, 2245)
upgrade(-5.106, 2.350, 3.905, 1395)
upgrade(0.273, 2.350, 7.526, 695)
upgrade(-7.517, 2.350, 6.635, 874)
place(0.805, 1.000, 1.943, "Minigunner", 2041)
upgrade(0.805, 2.350, 1.943, 470)
place(0.971, 1.000, -1.112, "Minigunner", 2771)
upgrade(0.971, 2.350, -1.112, 921)
place(0.904, 1.000, -4.369, "Minigunner", 2435)
upgrade(0.904, 2.350, -4.369, 689)
place(2.927, 1.000, 6.575, "Minigunner", 2311)
upgrade(2.927, 2.350, 6.575, 461)
place(3.536, 1.000, 3.396, "Minigunner", 4324)
place(3.837, 1.000, 0.335, "Minigunner", 2508)
upgrade(3.837, 2.350, 0.335, 734)
upgrade(3.536, 2.350, 3.396, 597)
upgrade(0.805, 2.350, 1.943, 1962)
upgrade(0.971, 2.350, -1.112, 2993)
upgrade(0.904, 2.350, -4.369, 1533)
upgrade(3.837, 2.350, 0.335, 1982)
upgrade(3.536, 2.350, 3.396, 1732)
upgrade(2.927, 2.350, 6.575, 2953)
place(-8.796, 1.000, -4.535, "DJ Booth", 2136)
upgrade(-8.796, 2.365, -4.535, 1286)
upgrade(-8.796, 2.365, -4.535, 1146)
upgrade(-8.796, 2.365, -4.535, 1646)
upgrade(-8.796, 2.365, -4.535, 5934)
SetDjTrack(-8.796, 2.365, -4.535, "Green", 2934)
place(-5.346, 1.000, 1.063, "Commander", 3704)
upgrade(-5.346, 2.700, 1.063, 3662)
upgrade(-5.346, 2.700, 1.063, 3519)
place(-5.597, 1.000, -7.146, "Minigunner", 3023)
upgrade(-5.597, 2.350, -7.146, 1903)
upgrade(-5.597, 2.350, -7.146, 1633)
place(-8.400, 1.000, -8.601, "Minigunner", 3509)
place(-11.346, 1.000, -7.781, "Minigunner", 2532)
upgrade(-11.346, 2.350, -7.781, 682)
upgrade(-8.400, 2.350, -8.601, 802)
upgrade(-11.346, 2.350, -7.781, 1472)
upgrade(-8.400, 2.350, -8.601, 1601)
place(-6.839, 4.600, -2.575, "Ranger", 5452)
place(-9.882, 4.600, -2.913, "Ranger", 5761)
place(-12.590, 4.600, -1.247, "Ranger", 5617)
CommanderAbility(-5.346, 2.700, 1.063, 2636)
DropTheBeat(-8.796, 2.365, -4.535, 3415)
upgrade(-12.590, 5.950, -1.247, 6836)
upgrade(-9.882, 5.950, -2.913, 5616)
upgrade(-6.839, 5.950, -2.575, 6616)
place(-12.381, 4.600, 1.871, "Ranger", 7374)
upgrade(-12.381, 5.950, 1.871, 5033)
place(-9.841, 4.600, 0.181, "Ranger", 9918)
place(-12.436, 4.600, 4.964, "Ranger", 9677)
place(-9.792, 4.600, 3.477, "Ranger", 6077)
upgrade(-9.792, 5.950, 3.477, 759)
DropTheBeat(-8.796, 2.365, -4.535, 1167)
CommanderAbility(-5.346, 2.700, 1.063, 2117)
place(-7.030, 4.600, 5.073, "Ranger", 3756)
place(-7.030, 4.600, 5.073, "Ranger", 4904)
upgrade(-7.030, 5.950, 5.073, 1484)
place(-5.232, 1.000, -2.146, "Commander", 3720)
upgrade(-5.232, 2.700, -2.146, 7935)
upgrade(-5.232, 2.700, -2.146, 7575)
DropTheBeat(-8.796, 2.365, -4.535, 9765)
CommanderAbility(-5.232, 2.700, -2.146, 10382)
CommanderAbility(-5.346, 2.700, 1.063, 11737)
sell(-5.597, 2.350, -7.146)
place(-5.697, 1.000, -7.126, "Commander", 15314)
upgrade(-5.697, 2.700, -7.126, 15169)
upgrade(-5.697, 2.700, -7.126, 14824)
upgrade(-7.030, 5.950, 5.073, 15106)
upgrade(-9.792, 5.950, 3.477, 13853)
upgrade(-12.436, 5.950, 4.964, 9703)
upgrade(-12.381, 5.950, 1.871, 8464)
CommanderAbility(-5.346, 2.700, 1.063, 5159)
upgrade(-9.841, 5.950, 0.181, 7150)
upgrade(-9.882, 5.950, -2.913, 7744)
CommanderAbility(-5.232, 2.700, -2.146, 5282)
DropTheBeat(-8.796, 2.365, -4.535, 6355)
upgrade(2.927, 2.350, 6.575, 4285)
upgrade(2.927, 2.350, 6.575, 3242)
upgrade(2.927, 2.350, 6.575, 3122)
upgrade(2.927, 2.350, 6.575, 3115)