place(-2.941, 1.000, 39.919, "Military Base", 600)
upgrade(-2.941, 1.863, 39.919, 550)
place(1.062, 1.000, 32.848, "Military Base", 720)
place(11.821, 3.600, 28.893, "Military Base", 640)
place(17.275, 1.000, 21.881, "Military Base", 730)
place(20.442, 1.000, 13.778, "Military Base", 822)
place(-1.421, 6.656, 23.390, "Mortar", 1472)
place(-2.252, 6.656, 23.740, "Mortar", 1766)
upgrade(1.062, 1.863, 32.848, 366)
upgrade(1.062, 1.863, 32.848, 1120)
upgrade(17.275, 1.863, 21.881, 1260)
upgrade(17.275, 1.863, 21.881, 960)
upgrade(11.821, 4.463, 28.893, 451)
upgrade(11.821, 4.463, 28.893, 1068)
upgrade(20.442, 1.863, 13.778, 468)
upgrade(20.442, 1.863, 13.778, 1163)
upgrade(-2.252, 8.006, 23.740, 1941)
upgrade(-2.252, 8.006, 23.740, 1274)
upgrade(11.821, 4.463, 28.893, 3250)
place(-3.289, 1.000, 39.579, "Military Base", 1680)
upgrade(-3.289, 1.863, 39.579, 1140)
upgrade(-3.289, 1.863, 39.579, 840)
place(1.345, 1.000, 32.614, "Military Base", 1700)
upgrade(1.345, 1.863, 32.614, 1100)
upgrade(1.345, 1.863, 32.614, 800)
upgrade(-3.289, 1.863, 39.579, 4394)
upgrade(1.345, 1.863, 32.614, 3654)
upgrade(17.275, 1.863, 21.881, 3735)
upgrade(20.442, 1.863, 13.778, 3087)
upgrade(-2.252, 8.006, 23.740, 7675)