place(7.681, 1.037, -24.317, "Trapper", 600)
upgrade(7.681, 2.387, -24.317, 535)
place(9.838, 1.037, -19.371, "Trapper", 651)
upgrade(9.838, 2.387, -19.371, 872)
place(4.271, 1.000, -36.271, "Pyromancer", 1171)
upgrade(4.271, 2.350, -36.271, 329)
upgrade(4.271, 2.350, -36.271, 1006)
place(2.964, 1.037, -25.263, "Scout", 1310)
upgrade(2.964, 2.387, -25.263, 1185)
upgrade(2.964, 2.387, -25.263, 1135)
place(2.803, 1.037, -21.361, "Scout", 770)
upgrade(2.803, 2.387, -21.361, 665)
upgrade(2.803, 2.387, -21.361, 549)
place(-0.113, 1.037, -26.594, "Scout", 384)
upgrade(-0.113, 2.387, -26.594, 302)
upgrade(-0.113, 2.387, -26.594, 1118)
place(-1.158, 1.000, -36.253, "Pyromancer", 1016)
upgrade(-1.158, 2.350, -36.253, 344)
upgrade(-1.158, 2.350, -36.253, 993)
place(12.564, 1.037, -17.649, "Trapper", 683)
upgrade(12.564, 2.387, -17.649, 1122)
place(12.738, 1.037, -24.544, "Trapper", 950)
upgrade(12.738, 2.387, -24.544, 520)
place(-0.076, 1.037, -23.192, "Scout", 1843)
upgrade(-0.076, 2.387, -23.192, 2044)
upgrade(-0.076, 2.387, -23.192, 2024)
place(-0.138, 1.037, -20.024, "Scout", 1649)
upgrade(-0.138, 2.387, -20.024, 1524)
upgrade(-0.138, 2.387, -20.024, 1474)
place(3.342, 1.037, -18.309, "Scout", 1099)
upgrade(3.342, 2.387, -18.309, 974)
upgrade(3.342, 2.387, -18.309, 924)
upgrade(3.342, 2.387, -18.309, 1388)
upgrade(2.803, 2.387, -21.361, 1626)
upgrade(-0.138, 2.387, -20.024, 2126)
upgrade(-0.076, 2.387, -23.192, 1388)
upgrade(2.964, 2.387, -25.263, 2636)
place(12.797, 1.037, -14.599, "Trapper", 1487)
place(18.139, 1.037, -15.110, "Trapper", 987)
place(18.165, 1.037, -12.072, "Trapper", 587)
upgrade(12.797, 2.387, -14.599, 503)
upgrade(18.139, 2.387, -15.110, 853)
upgrade(18.165, 2.387, -12.072, 2093)
upgrade(7.681, 2.387, -24.317, 2061)
SetTrap(7.681, 2.387, -24.317, "Landmine", 561)
upgrade(-0.113, 2.387, -26.594, 1442)
upgrade(4.271, 2.350, -36.271, 4031)
place(-1.941, 1.037, 4.661, "Pyromancer", 2075)
upgrade(-1.941, 2.387, 4.661, 1260)
upgrade(-1.941, 2.387, 4.661, 1020)
place(-12.304, 1.037, 8.599, "Pyromancer", 3007)
upgrade(-12.304, 2.387, 8.599, 2157)
upgrade(-12.304, 2.387, 8.599, 1832)
sell(-12.304, 2.387, 8.599)
upgrade(12.797, 2.387, -14.599, 4596)
upgrade(18.165, 2.387, -12.072, 3496)
upgrade(18.139, 2.387, -15.110, 2528)
SetTrap(18.139, 2.387, -15.110, "Landmine", 4236)
SetTrap(18.165, 2.387, -12.072, "Landmine", 4236)
upgrade(-1.158, 2.350, -36.253, 4559)
upgrade(2.964, 2.387, -25.263, 6264)
upgrade(-0.113, 2.387, -26.594, 4064)
upgrade(-0.076, 2.387, -23.192, 3464)
upgrade(2.803, 2.387, -21.361, 2489)
upgrade(3.342, 2.387, -18.309, 4591)
upgrade(-0.138, 2.387, -20.024, 2391)