-- ZEPHYR_META: {"authorId":"762993477117411358","authorTag":"vinno4249","category":"community","official":false,"createdAt":"2026-06-20T12:11:08.136Z","updatedAt":"2026-06-20T12:11:08.136Z"}
place(-1.8, 1.0, 17.9, "Soldier", 0, 1.29)
upgrade(-1.8, 17.9, 1, -100, 3.06)
place(1.2, 1.0, 17.8, "Soldier", -100, 14.35)
upgrade(1.2, 17.8, 1, -200, 19.72)
place(-4.9, 1.0, 17.9, "Soldier", -200, 23.95)
upgrade(-4.9, 17.9, 1, -300, 29.70)
upgrade(-1.8, 17.9, 1, -1000, 40.29)
upgrade(-4.9, 17.9, 1, -1700, 56.80)
upgrade(1.2, 17.8, 1, -2400, 74.55)
place(-12.4, 1.0, 25.8, "Shotgunner", -2400, 96.93)
skip(6, 98.70)
place(6.8, 1.0, 25.9, "Shotgunner", -2400, 102.66)
place(-10.4, 1.0, 26.3, "Shotgunner", -2400, 125.49)
place(7.4, 1.0, 28.0, "Shotgunner", -2400, 141.33)
upgrade(7.4, 28.0, 1, -3040, 149.92)
upgrade(6.8, 25.9, 1, -3680, 150.59)
upgrade(-10.4, 26.3, 1, -4320, 153.89)
upgrade(-12.4, 25.8, 1, -4960, 166.03)
place(12.7, 1.0, 28.2, "Shotgunner", -4960, 169.57)
upgrade(12.7, 28.2, 1, -5600, 170.46)
place(12.1, 1.0, 26.2, "Shotgunner", -5600, 186.66)
upgrade(12.1, 26.2, 1, -6240, 187.56)
place(-12.6, 1.1, 31.0, "Shotgunner", -6240, 199.82)
upgrade(-12.6, 31.0, 1, -6880, 202.44)
place(-14.8, 1.1, 30.5, "Shotgunner", -6880, 207.04)
upgrade(-14.8, 30.5, 1, -7520, 207.62)
upgrade(-10.4, 26.3, 1, -9070, 224.29)
skip(12, 231.96)
upgrade(-12.4, 25.8, 1, -10620, 233.08)
upgrade(-12.6, 31.0, 1, -12170, 238.93)
upgrade(-14.8, 30.5, 1, -13720, 249.91)
upgrade(7.4, 28.0, 1, -15270, 251.41)
upgrade(6.8, 25.9, 1, -16820, 252.83)
upgrade(12.7, 28.2, 1, -18370, 271.08)
upgrade(12.1, 26.2, 1, -19920, 283.37)
upgrade(12.1, 26.2, 1, -25920, 314.28)
upgrade(-10.4, 26.3, 1, -31920, 324.75)
upgrade(-12.4, 25.8, 1, -37920, 333.99)
upgrade(-12.6, 31.0, 1, -43920, 353.97)
upgrade(-14.8, 30.5, 1, -49920, 372.37)
upgrade(7.4, 28.0, 1, -55920, 388.54)
upgrade(6.8, 25.9, 1, -61920, 397.86)
upgrade(12.7, 28.2, 1, -67920, 407.08)
skip(19, 407.51)
upgrade(-1.8, 17.9, 1, -69770, 409.17)
upgrade(-4.9, 17.9, 1, -71620, 410.46)
upgrade(1.2, 17.8, 1, -73470, 414.13)
upgrade(1.2, 17.8, 1, -79470, 434.31)
upgrade(-1.8, 17.9, 1, -85470, 436.28)
upgrade(-4.9, 17.9, 1, -91470, 439.83)
place(-0.1, 1.0, 20.7, "Soldier", -91470, 446.98)
upgrade(-0.1, 20.7, 1, -91570, 447.65)
upgrade(-0.1, 20.7, 1, -100120, 448.05)
place(-3.2, 1.0, 20.6, "Soldier", -100120, 449.20)
upgrade(-3.2, 20.6, 1, -100220, 449.71)
upgrade(-3.2, 20.6, 1, -108770, 450.11)