place(4.657, 1.037, -30.449, "Trapper", 550)
place(-0.272, 1.037, -28.525, "Trapper", 831)
place(3.972, 1.037, -25.354, "Engineer", 1040)
upgrade(3.972, 2.387, -25.354, 440)
place(7.220, 1.037, -24.384, "Engineer", 996)
upgrade(7.220, 2.387, -24.384, 420)
place(0.838, 1.037, -25.522, "Trapper", 920)
upgrade(3.972, 2.387, -25.354, 1603)
upgrade(7.220, 2.387, -24.384, 1673)
upgrade(-0.272, 2.387, -28.525, 1192)
upgrade(0.838, 2.387, -25.522, 1880)
upgrade(4.657, 2.387, -30.449, 1380)
upgrade(7.220, 2.387, -24.384, 2413)
upgrade(3.972, 2.387, -25.354, 2394)
place(8.102, 1.037, -21.389, "Engineer", 2831)
upgrade(8.102, 2.387, -21.389, 2233)
upgrade(8.102, 2.387, -21.389, 1222)
upgrade(8.102, 2.387, -21.389, 883)
upgrade(8.102, 2.387, -21.389, 2999)
place(12.916, 1.037, -24.405, "Engineer", 1122)
upgrade(12.916, 2.387, -24.405, 622)
upgrade(12.916, 2.387, -24.405, 272)
upgrade(12.916, 2.387, -24.405, 1237)
upgrade(0.838, 2.387, -25.522, 2004)
SetTrap(0.838, 2.387, -25.522, "Landmine", 804)
upgrade(-0.272, 2.387, -28.525, 1554)
SetTrap(-0.272, 2.387, -28.525, "Landmine", 454)
upgrade(4.657, 2.387, -30.449, 4129)
SetTrap(4.657, 2.387, -30.449, "Landmine", 3029)
place(10.572, 1.037, -19.049, "Engineer", 4423)
upgrade(10.572, 2.387, -19.049, 3823)
upgrade(10.572, 2.387, -19.049, 3483)
upgrade(10.572, 2.387, -19.049, 2474)
upgrade(10.572, 2.387, -19.049, 1899)
upgrade(4.657, 2.387, -30.449, 7048)