-- ZEPHYR_META: {"authorId":"769554957141278750","authorTag":"gelo.mindgoinbrrr","category":"community","official":false,"createdAt":"2026-09-03T11:22:20.192Z","updatedAt":"2026-09-03T11:22:20.192Z"}
-- NOTE: Uses special towers and modifiers
place(-17.5, 2.0, -3.6, "EvolvedOperator", 0, 0.39)
place(17.4, 2.0, -3.2, "EvolvedOperator", 0, 10.27)
place(-17.7, 2.0, -1.0, "EvolvedOperator", 0, 23.36)
place(17.2, 2.1, -0.5, "EvolvedOperator", 0, 34.05)
place(-17.8, 2.0, 1.5, "EvolvedOperator", 0, 44.12)
place(17.3, 2.0, 2.2, "EvolvedOperator", 0, 50.54)
place(-12.9, 2.0, 0.1, "Hacker", 0, 67.32)
upgrade(-12.9, 0.1, 1, -125, 80.14)
upgrade(-12.9, 0.1, 1, -1462, 96.39)
place(12.5, 2.0, 0.7, "Hacker", -1462, 118.02)
upgrade(12.5, 0.7, 1, -1587, 120.38)
upgrade(12.5, 0.7, 1, -2924, 143.65)
upgrade(-17.5, -3.6, 1, -3249, 163.12)
upgrade(-17.5, -3.6, 1, -3949, 164.27)
upgrade(17.4, -3.2, 1, -4274, 179.82)
upgrade(17.2, -0.5, 1, -4599, 193.08)
upgrade(17.3, 2.2, 1, -4924, 195.62)
upgrade(-17.7, -1.0, 1, -5249, 198.67)
upgrade(-17.8, 1.5, 1, -5574, 200.33)
upgrade(17.4, -3.2, 1, -6274, 205.71)
upgrade(17.2, -0.5, 1, -6974, 214.48)
upgrade(-17.7, -1.0, 1, -7674, 217.57)
upgrade(-17.8, 1.5, 1, -8374, 221.41)
upgrade(17.3, 2.2, 1, -9074, 227.01)
upgrade(17.4, -3.2, 1, -10324, 243.54)
upgrade(-17.5, -3.6, 1, -11574, 249.09)
upgrade(-17.7, -1.0, 1, -12824, 266.93)
upgrade(17.2, -0.5, 1, -14074, 269.57)
upgrade(-17.8, 1.5, 1, -15324, 277.05)
upgrade(17.3, 2.2, 1, -16574, 284.94)
upgrade(17.4, -3.2, 1, -18524, 296.98)
upgrade(-17.5, -3.6, 1, -20474, 311.00)
upgrade(17.2, -0.5, 1, -22424, 316.88)
upgrade(17.3, 2.2, 1, -24374, 339.06)
upgrade(-17.7, -1.0, 1, -26324, 341.32)
upgrade(-17.8, 1.5, 1, -28274, 345.55)
place(0.1, 2.0, -2.9, "DJ Booth", -28274, 369.79)
upgrade(0.1, -2.9, 1, -28574, 371.64)
upgrade(0.1, -2.9, 1, -32824, 374.57)
option(0.1, -2.9, "Track", "Green", 379.36)
upgrade(12.5, 0.7, 1, -38674, 394.86)
upgrade(-12.9, 0.1, 1, -44524, 412.71)
upgrade(12.5, 0.7, 1, -66124, 460.41)
upgrade(-12.9, 0.1, 1, -87724, 491.50)
place(-11.9, 2.0, -2.8, "Engineer", -87724, 500.19)
upgrade(-11.9, -2.8, 1, -88016, 502.40)
upgrade(-11.9, -2.8, 1, -88826, 503.64)
upgrade(-11.9, -2.8, 1, -90695, 505.14)
place(-6.3, 2.0, -2.5, "Engineer", -90695, 515.17)
upgrade(-6.3, -2.5, 1, -90987, 516.88)
upgrade(-6.3, -2.5, 1, -91797, 517.45)
upgrade(-6.3, -2.5, 1, -93666, 518.37)
place(-6.2, 2.0, 0.6, "Engineer", -93666, 521.32)
upgrade(-6.2, 0.6, 1, -93958, 523.39)
upgrade(-6.2, 0.6, 1, -94768, 523.96)
upgrade(-6.2, 0.6, 1, -96637, 524.83)
place(12.3, 2.0, -2.8, "Engineer", -96637, 541.71)
upgrade(12.3, -2.8, 1, -96929, 543.77)
upgrade(12.3, -2.8, 1, -97739, 544.20)
upgrade(12.3, -2.8, 1, -99608, 546.54)
place(6.3, 2.0, 0.0, "Engineer", -99608, 552.28)
upgrade(6.3, 0.0, 1, -99900, 554.27)
upgrade(6.3, 0.0, 1, -100710, 554.88)
upgrade(6.3, 0.0, 1, -102579, 555.71)
place(6.1, 2.0, 3.2, "Engineer", -102579, 560.25)
upgrade(6.1, 3.2, 1, -102871, 562.36)
upgrade(6.1, 3.2, 1, -105550, 563.89)
upgrade(0.1, -2.9, 1, -113550, 580.55)
upgrade(0.1, -2.9, 1, -133550, 581.78)
option(0.1, -2.9, "Track", "Red", 592.63)
upgrade(6.1, 3.2, 1, -139487, 614.31)
upgrade(6.1, 3.2, 1, -151362, 615.00)
upgrade(12.3, -2.8, 1, -157299, 617.76)
upgrade(12.3, -2.8, 1, -169174, 618.75)
upgrade(6.3, 0.0, 1, -175111, 621.47)
upgrade(6.3, 0.0, 1, -186986, 626.80)
upgrade(-6.3, -2.5, 1, -192923, 637.31)
upgrade(-6.3, -2.5, 1, -204798, 652.22)
upgrade(-11.9, -2.8, 1, -210735, 657.75)
upgrade(-11.9, -2.8, 1, -222610, 661.27)
upgrade(-6.2, 0.6, 1, -228547, 670.69)
upgrade(-6.2, 0.6, 1, -240422, 673.44)
upgrade(6.3, 0.0, 1, -271297, 687.92)
upgrade(6.1, 3.2, 1, -302172, 701.97)
upgrade(-6.3, -2.5, 1, -333047, 719.71)
upgrade(-6.2, 0.6, 1, -363922, 728.11)
upgrade(-11.9, -2.8, 1, -394797, 740.21)
upgrade(12.3, -2.8, 1, -425672, 747.46)
upgrade(12.5, 0.7, 1, -482672, 764.22)
upgrade(-12.9, 0.1, 1, -539672, 783.07)
place(0.4, 2.0, 6.6, "EvolvedJuggernaut", -539672, 797.25)
upgrade(0.4, 6.6, 1, -542332, 801.26)
upgrade(0.4, 6.6, 1, -548982, 802.63)
upgrade(0.4, 6.6, 1, -565322, 806.27)
upgrade(0.4, 6.6, 2, -603322, 808.60)
upgrade(0.4, 6.6, 2, -693572, 838.49)
upgrade(0.4, 6.6, 2, -817072, 849.03)
upgrade(0.4, 6.6, 2, -1035572, 906.46)
upgrade(17.4, -3.2, 1, -1038897, 933.87)
upgrade(17.4, -3.2, 1, -1045547, 935.93)
upgrade(17.2, -0.5, 1, -1048872, 938.50)
upgrade(17.2, -0.5, 1, -1055522, 939.31)
upgrade(17.3, 2.2, 1, -1058847, 942.33)
upgrade(17.3, 2.2, 1, -1065497, 943.13)
upgrade(-17.8, 1.5, 1, -1068822, 949.89)
upgrade(-17.8, 1.5, 1, -1075472, 950.76)
upgrade(-17.7, -1.0, 1, -1078797, 956.56)
upgrade(-17.7, -1.0, 1, -1085447, 957.49)
upgrade(-17.5, -3.6, 1, -1088772, 962.51)
upgrade(-17.5, -3.6, 1, -1095422, 963.33)
ability(12.5, 0.7, "Hologram Tower", 968.75)
ability(-12.9, 0.1, "Hologram Tower", 992.83)
ability(-12.9, 0.1, "Hologram Tower", 1009.53)
ability(12.5, 0.7, "Hologram Tower", 1051.47)