-- ZEPHYR_META: {"authorId":"813398570148691978","authorTag":"fadhil4662","createdAt":"2026-06-10T07:54:20.777Z","updatedAt":"2026-06-10T07:54:20.777Z"}
place(22.2, 2.0, -6.7, "Assassin", 0, 0.30)
place(-22.1, 2.0, -7.6, "Assassin", 0, 1.97)
upgrade(-22.1, -7.6, 1, -450, 18.31)
upgrade(21.8, -7.4, 1, -900, 21.91)
upgrade(21.8, -7.4, 1, -1650, 34.73)
upgrade(-22.1, -7.6, 1, -2400, 47.64)
place(-21.7, 2.0, -0.1, "Shotgunner", -2400, 68.95)
upgrade(-21.7, -0.1, 1, -3040, 75.26)
place(22.2, 2.0, 1.7, "Shotgunner", -3040, 82.89)
upgrade(22.2, 1.7, 1, -3680, 92.10)
place(22.0, 2.0, 4.2, "Shotgunner", -3680, 111.25)
upgrade(22.0, 4.2, 1, -4320, 124.10)
place(-22.0, 2.0, 2.0, "Shotgunner", -4320, 129.43)
upgrade(-22.0, 2.0, 1, -4960, 145.58)
place(-21.8, 2.0, -2.4, "Shotgunner", -4960, 149.93)
upgrade(-21.8, -2.4, 1, -5600, 152.49)
place(20.0, 2.0, 2.2, "Shotgunner", -5600, 162.49)
upgrade(20.0, 2.2, 1, -6240, 165.06)
place(19.9, 2.0, 4.3, "Shotgunner", -6240, 169.93)
upgrade(19.9, 4.3, 1, -6880, 172.38)
place(-19.9, 2.0, 1.5, "Shotgunner", -6880, 188.01)
upgrade(-19.9, 1.5, 1, -7520, 190.46)
place(-19.4, 2.0, -0.6, "Shotgunner", -7520, 193.18)
upgrade(-19.4, -0.6, 1, -8160, 195.86)
upgrade(-19.4, -0.6, 1, -9710, 206.18)
upgrade(-21.8, -2.4, 1, -11260, 209.39)
upgrade(22.2, 1.7, 1, -12810, 215.57)
upgrade(22.0, 4.2, 1, -14360, 233.63)
upgrade(20.0, 2.2, 1, -15910, 236.35)
upgrade(19.9, 4.3, 1, -17460, 239.69)
upgrade(-21.7, -0.1, 1, -19010, 251.16)
upgrade(-19.9, 1.5, 1, -20560, 258.24)
upgrade(-22.0, 2.0, 1, -22110, 260.93)
place(-18.8, 2.0, -3.1, "Commander", -22110, 266.69)
upgrade(-18.8, -3.1, 1, -22510, 270.10)
place(19.8, 2.0, -0.5, "Commander", -22510, 274.17)
upgrade(19.8, -0.5, 1, -22910, 277.41)
upgrade(22.2, 1.7, 1, -28910, 302.26)
upgrade(-22.0, 2.0, 1, -34910, 309.96)
upgrade(-21.7, -0.1, 1, -40910, 331.19)
upgrade(22.0, 4.2, 1, -46910, 344.68)
upgrade(19.9, 4.3, 1, -52910, 355.40)
upgrade(20.0, 2.2, 1, -58910, 368.96)
upgrade(-21.8, -2.4, 1, -64910, 376.39)
upgrade(-19.4, -0.6, 1, -70910, 382.63)
upgrade(-19.9, 1.5, 1, -76910, 399.42)
upgrade(-19.9, 1.5, 1, -95410, 418.37)
upgrade(22.2, 1.7, 1, -113910, 445.38)
upgrade(22.0, 4.2, 1, -132410, 459.25)
upgrade(-19.4, -0.6, 1, -150910, 476.20)
upgrade(20.0, 2.2, 1, -169410, 505.38)
upgrade(19.9, 4.3, 1, -187910, 530.40)
upgrade(-21.8, -2.4, 1, -206410, 535.64)
upgrade(-21.7, -0.1, 1, -224910, 553.22)
upgrade(-22.0, 2.0, 1, -243410, 559.70)
upgrade(-22.1, -7.6, 1, -245810, 564.38)
upgrade(21.8, -7.4, 1, -248210, 569.35)
upgrade(-22.1, -7.6, 1, -254560, 576.51)
upgrade(21.8, -7.4, 1, -260910, 582.70)
place(-22.0, 2.0, -4.7, "Assassin", -260910, 587.10)
upgrade(-22.0, -4.7, 1, -261360, 590.23)
upgrade(-22.0, -4.7, 1, -262110, 591.59)
upgrade(-22.0, -4.7, 1, -264510, 592.82)
upgrade(-22.0, -4.7, 1, -270860, 594.19)
place(-27.7, 2.0, -7.4, "Assassin", -270860, 597.97)
upgrade(-27.7, -7.4, 1, -271310, 600.98)
upgrade(-27.7, -7.4, 1, -272060, 601.85)
upgrade(-27.7, -7.4, 1, -274460, 609.35)
upgrade(-27.7, -7.4, 1, -280810, 625.10)
place(-27.8, 2.0, -4.1, "Assassin", -280810, 635.93)
place(-27.6, 2.0, -1.3, "Assassin", -288810, 662.15)
upgrade(-27.8, -4.1, 1, -288810, 672.43)
upgrade(-27.8, -4.1, 1, -288810, 672.75)
upgrade(-27.8, -4.1, 1, -288810, 673.15)
place(-0.3, 2.0, 2.1, "EvolvedJuggernaut", -288810, 680.93)
upgrade(-0.3, 2.1, 1, -291810, 685.07)
upgrade(-0.3, 2.1, 1, -298810, 686.52)
upgrade(-0.3, 2.1, 1, -316010, 687.79)