place(-12.828, 1.000, -2.977, "Trapper", 696)
SetTarget(-12.828, 2.350, -2.977, "Last")
SetTarget(-12.828, 2.350, -2.977, "Strongest")
place(2.663, 1.000, 2.649, "Scout", 537)
upgrade(2.663, 2.350, 2.649, 287)
place(5.769, 1.000, 2.530, "Scout", 197)
place(5.928, 1.000, 2.773, "Scout", 615)
place(8.976, 1.000, 2.817, "Scout", 365)
place(3.598, 1.000, 5.919, "Scout", 243)
place(3.299, 1.000, 6.130, "Scout", 275)
place(6.398, 1.000, 5.952, "Scout", 589)
place(9.480, 1.000, 5.940, "Scout", 354)
place(5.133, 1.000, 8.712, "Scout", 204)
place(5.256, 1.000, 9.015, "Scout", 270)
place(8.391, 1.000, 8.741, "Scout", 811)
place(3.050, 1.000, -2.906, "Scout", 561)
place(6.241, 1.000, -3.019, "Scout", 311)
place(-3.214, 1.000, 2.963, "Scout", 233)
place(6.012, 1.000, 11.950, "Scout", 1218)
place(9.106, 1.000, 12.121, "Scout", 968)
place(3.178, 1.000, -6.316, "Scout", 718)
place(-3.377, 1.000, -3.077, "Scout", 528)
place(-2.992, 1.000, 3.042, "Scout", 318)
upgrade(9.106, 2.350, 12.121, 328)
upgrade(6.012, 2.350, 11.950, 178)
upgrade(8.391, 2.350, 8.741, 875)
upgrade(5.256, 2.350, 9.015, 949)
upgrade(9.480, 2.350, 5.940, 799)
upgrade(6.398, 2.350, 5.952, 649)
upgrade(3.299, 2.350, 6.130, 411)
upgrade(8.976, 2.350, 2.817, 349)
upgrade(5.928, 2.350, 2.773, 199)
upgrade(3.178, 2.350, -6.316, 175)
upgrade(6.241, 2.350, -3.019, 465)
upgrade(3.050, 2.350, -2.906, 315)
upgrade(-3.377, 2.350, -3.077, 996)
upgrade(-2.992, 2.350, 3.042, 846)
upgrade(-2.992, 2.350, 3.042, 696)
upgrade(-3.377, 2.350, -3.077, 636)
upgrade(3.050, 2.350, -2.906, 1577)
upgrade(3.178, 2.350, -6.316, 977)
upgrade(6.241, 2.350, -3.019, 677)
upgrade(-12.828, 2.350, -2.977, 868)
upgrade(-12.828, 2.350, -2.977, 1675)
upgrade(2.663, 2.350, 2.649, 1308)
upgrade(5.928, 2.350, 2.773, 708)
upgrade(8.976, 2.350, 2.817, 1592)
upgrade(3.299, 2.350, 6.130, 992)
upgrade(6.398, 2.350, 5.952, 792)
upgrade(9.480, 2.350, 5.940, 732)
upgrade(8.391, 2.350, 8.741, 1602)
upgrade(5.256, 2.350, 9.015, 1002)
upgrade(6.012, 2.350, 11.950, 802)
upgrade(9.106, 2.350, 12.121, 602)
place(-3.372, 1.000, 6.057, "Trapper", 602)
upgrade(-3.372, 2.350, 6.057, 702)
upgrade(-3.372, 2.350, 6.057, 1856)
upgrade(-2.992, 2.350, 3.042, 2356)
upgrade(-3.377, 2.350, -3.077, 2947)
upgrade(3.178, 2.350, -6.316, 2499)
upgrade(3.050, 2.350, -2.906, 2476)
upgrade(6.241, 2.350, -3.019, 2426)
upgrade(2.663, 2.350, 2.649, 2375)
upgrade(5.928, 2.350, 2.773, 2838)
upgrade(8.976, 2.350, 2.817, 3059)
upgrade(9.480, 2.350, 5.940, 3238)
upgrade(6.398, 2.350, 5.952, 2987)
upgrade(3.299, 2.350, 6.130, 2337)
upgrade(8.391, 2.350, 8.741, 3400)
upgrade(9.106, 2.350, 12.121, 5141)
upgrade(6.012, 2.350, 11.950, 2891)
upgrade(5.256, 2.350, 9.015, 5041)
upgrade(-3.372, 2.350, 6.057, 10190)
sell(6.012, 2.350, 11.950)
sell(9.106, 2.350, 12.121)
sell(8.391, 2.350, 8.741)
sell(5.256, 2.350, 9.015)
sell(3.299, 2.350, 6.130)
sell(6.398, 2.350, 5.952)
sell(9.480, 2.350, 5.940)
sell(8.976, 2.350, 2.817)
sell(5.928, 2.350, 2.773)
sell(2.663, 2.350, 2.649)
sell(6.241, 2.350, -3.019)
sell(3.050, 2.350, -2.906)
sell(3.178, 2.350, -6.316)
sell(-3.372, 2.350, 6.057)
sell(-3.377, 2.350, -3.077)
sell(-2.992, 2.350, 3.042)
sell(-12.828, 2.350, -2.977)