-- ZEPHYR_META: {"authorId":"1367869060792193104","authorTag":"yeskingxambatukam","createdAt":"2026-06-10T15:41:12.837Z","updatedAt":"2026-06-10T15:41:12.837Z"}
place(21.9, 2.0, -7.2, "Assassin", 0, 3.27)
place(-21.7, 2.0, -7.8, "Assassin", 0, 10.85)
skip(1, 21.39)
skip(2, 47.03)
upgrade(21.9, -7.2, 1, -450, 48.78)
skip(3, 72.71)
upgrade(-21.7, -7.8, 1, -900, 73.87)
skip(4, 98.97)
place(-22.0, 2.0, 1.6, "Shotgunner", -900, 105.35)
place(22.5, 2.0, 0.5, "Shotgunner", -900, 123.45)
skip(6, 143.06)
upgrade(-22.0, 1.6, 1, -1540, 147.41)
upgrade(22.5, 0.5, 1, -2180, 151.07)
place(-21.4, 2.0, 3.7, "Shotgunner", -2180, 173.20)
place(22.1, 2.0, 3.2, "Shotgunner", -2180, 177.36)
place(-21.6, 2.0, 6.1, "Shotgunner", -2180, 197.98)
place(21.8, 2.0, 5.3, "Shotgunner", -2180, 205.58)
upgrade(-21.4, 3.7, 1, -2820, 215.20)
upgrade(22.1, 3.2, 1, -3460, 217.97)
place(-19.3, 2.0, 5.7, "Shotgunner", -3460, 230.93)
place(19.1, 2.0, 5.7, "Shotgunner", -3460, 238.65)
upgrade(19.1, 5.7, 1, -4100, 239.85)
place(-21.5, 2.0, -1.0, "Shotgunner", -4100, 256.63)
upgrade(-21.5, -1.0, 1, -4740, 262.00)
upgrade(-21.6, 6.1, 1, -5380, 265.46)
upgrade(21.8, 5.3, 1, -6020, 270.86)
upgrade(-19.3, 5.7, 1, -6660, 278.27)
upgrade(-21.5, -1.0, 1, -8210, 286.85)
upgrade(22.5, 0.5, 1, -9760, 290.41)
upgrade(-22.0, 1.6, 1, -11310, 295.18)
upgrade(-21.4, 3.7, 1, -12860, 312.68)
upgrade(22.1, 3.2, 1, -14410, 315.79)
upgrade(21.8, 5.3, 1, -15960, 327.74)
skip(14, 332.12)
upgrade(-21.6, 6.1, 1, -17510, 336.29)
upgrade(-19.3, 5.7, 1, -19060, 338.61)
upgrade(19.1, 5.7, 1, -20610, 346.68)
place(19.6, 2.0, -2.0, "Commander", -20610, 354.51)
place(-18.5, 2.0, -1.5, "Commander", -20610, 358.02)
skip(15, 358.74)
upgrade(-18.5, -1.5, 1, -21010, 359.44)
upgrade(19.6, -2.0, 1, -21410, 362.54)
upgrade(-21.5, -1.0, 1, -27410, 376.10)
upgrade(22.1, 3.2, 1, -33410, 386.99)
upgrade(-22.0, 1.6, 1, -39410, 411.60)
upgrade(-21.4, 3.7, 1, -45410, 449.94)
upgrade(-21.6, 6.1, 1, -51410, 451.80)
upgrade(21.8, 5.3, 1, -57410, 456.92)
upgrade(19.1, 5.7, 1, -63410, 470.56)
upgrade(22.5, 0.5, 1, -69410, 479.67)
upgrade(-22.0, 1.6, 1, -87910, 506.15)
upgrade(-19.3, 5.7, 1, -93910, 515.89)
upgrade(-21.6, 6.1, 1, -112410, 518.94)