-- ZEPHYR_META: {"authorId":"959007004435841086","authorTag":"dragon_ninja.","createdAt":"2026-06-14T14:50:24.053Z","updatedAt":"2026-06-14T14:50:24.053Z"}
-- NOTE: no note
place(1.5, 1.0, -22.1, "Militant", 0, 1.25)
upgrade(1.5, -22.1, 1, -300, 23.35)
upgrade(1.5, -22.1, 1, -1150, 40.94)
place(4.6, 1.0, -22.1, "Militant", -1150, 61.51)
upgrade(4.6, -22.1, 1, -1450, 63.41)
upgrade(4.6, -22.1, 1, -2300, 78.08)
place(1.1, 1.0, -19.1, "Militant", -2300, 95.09)
upgrade(1.1, -19.1, 1, -2600, 104.73)
upgrade(1.1, -19.1, 1, -3450, 105.89)
place(4.3, 1.0, -18.8, "Militant", -3450, 140.60)
upgrade(4.3, -18.8, 1, -3750, 144.26)
upgrade(4.3, -18.8, 1, -4600, 145.28)
place(1.1, 1.0, -16.0, "Militant", -4600, 155.23)
upgrade(1.1, -16.0, 1, -4900, 156.68)
upgrade(1.1, -16.0, 1, -5750, 157.46)
place(4.1, 1.0, -15.8, "Militant", -5750, 171.10)
upgrade(4.1, -15.8, 1, -6050, 172.75)
upgrade(4.1, -15.8, 1, -6900, 173.80)
place(7.6, 1.0, -21.9, "Militant", -6900, 200.54)
upgrade(7.6, -21.9, 1, -7200, 202.14)
upgrade(7.6, -21.9, 1, -8050, 202.77)
place(7.5, 1.0, -18.8, "Militant", -8050, 205.41)
upgrade(7.5, -18.8, 1, -8350, 207.00)
upgrade(7.5, -18.8, 1, -9200, 213.27)
place(7.3, 1.0, -15.6, "Militant", -9200, 219.14)
upgrade(7.3, -15.6, 1, -9500, 220.37)
upgrade(7.3, -15.6, 1, -10350, 221.01)
upgrade(7.6, -21.9, 1, -13100, 247.33)
upgrade(4.3, -18.8, 1, -15850, 294.76)
upgrade(4.6, -22.1, 1, -18600, 299.79)
upgrade(1.5, -22.1, 1, -21350, 307.54)
upgrade(1.1, -19.1, 1, -24100, 335.06)
upgrade(7.5, -18.8, 1, -26850, 369.13)
upgrade(1.1, -16.0, 1, -29600, 392.17)
upgrade(4.1, -15.8, 1, -32350, 399.96)
upgrade(7.3, -15.6, 1, -35100, 402.90)
upgrade(4.3, -18.8, 1, -43100, 425.11)
upgrade(1.1, -19.1, 1, -51100, 458.45)
upgrade(7.5, -18.8, 1, -59100, 494.35)
upgrade(1.1, -16.0, 1, -67100, 499.72)
upgrade(4.1, -15.8, 1, -75100, 505.85)
upgrade(7.3, -15.6, 1, -83100, 511.68)
upgrade(1.5, -22.1, 1, -91100, 515.01)