-- ZEPHYR_META: {"authorId":"1457243400079278161","authorTag":"markcaroni2","category":"community","official":false,"createdAt":"2026-07-12T18:24:31.575Z","updatedAt":"2026-07-12T18:24:31.575Z"}
place(-5.3, 1.0, -29.4, "Soldier", 0, 1.49)
upgrade(-5.3, -29.4, 1, -150, 3.89)
place(-5.0, 1.0, -26.2, "Soldier", -150, 17.53)
upgrade(-5.0, -26.2, 1, -300, 18.55)
place(-5.0, 1.0, -23.2, "Soldier", -300, 32.68)
upgrade(-5.0, -23.2, 1, -450, 33.79)
place(-7.8, 1.0, -27.6, "Soldier", -450, 42.66)
upgrade(-7.8, -27.6, 1, -600, 46.25)
place(0.6, 1.0, -29.4, "Soldier", -600, 49.66)
upgrade(0.6, -29.4, 1, -750, 50.67)
place(0.2, 1.0, -26.4, "Soldier", -750, 61.49)
upgrade(0.2, -26.4, 1, -900, 62.38)
place(0.2, 1.0, -23.3, "Soldier", -900, 65.08)
upgrade(0.2, -23.3, 1, -1050, 66.32)
place(3.0, 1.0, -27.6, "Soldier", -1050, 83.62)
upgrade(3.0, -27.6, 1, -1200, 84.75)
upgrade(3.0, -27.6, 1, -2000, 86.97)
upgrade(0.6, -29.4, 1, -2800, 100.64)
upgrade(0.2, -26.4, 1, -3600, 102.70)
upgrade(0.2, -23.3, 1, -4400, 122.62)
upgrade(-5.0, -23.2, 1, -5200, 124.94)
upgrade(-5.0, -26.2, 1, -6000, 128.99)
upgrade(-5.3, -29.4, 1, -6800, 138.43)
upgrade(-7.8, -27.6, 1, -7600, 140.06)
upgrade(0.6, -29.4, 1, -11350, 177.44)
upgrade(-5.3, -29.4, 1, -15100, 200.79)
upgrade(-5.0, -26.2, 1, -18850, 216.35)
upgrade(0.2, -26.4, 1, -22600, 241.27)
upgrade(-5.0, -23.2, 1, -26350, 267.80)
upgrade(-7.8, -27.6, 1, -30100, 288.50)
upgrade(0.2, -23.3, 1, -33850, 297.17)
upgrade(3.0, -27.6, 1, -37600, 317.87)
place(-7.8, 1.0, -24.6, "Soldier", -37600, 322.81)
upgrade(-7.8, -24.6, 1, -37750, 324.41)
upgrade(-7.8, -24.6, 1, -42300, 334.29)
place(3.1, 1.0, -24.5, "Soldier", -42300, 339.03)
upgrade(3.1, -24.5, 1, -42450, 340.59)
upgrade(3.1, -24.5, 1, -43250, 341.55)
upgrade(3.1, -24.5, 1, -47000, 346.15)
place(-5.1, 1.0, -20.1, "Soldier", -47000, 352.07)
upgrade(-5.1, -20.1, 1, -47150, 353.48)
upgrade(-5.1, -20.1, 1, -47950, 354.00)
upgrade(-5.1, -20.1, 1, -51700, 369.05)
place(-7.9, 1.0, -21.5, "Soldier", -51700, 371.80)
upgrade(-7.9, -21.5, 1, -51850, 373.14)
upgrade(-7.9, -21.5, 1, -56400, 377.53)
place(-0.0, 1.0, -20.3, "Soldier", -56400, 382.76)
upgrade(-0.0, -20.3, 1, -56550, 386.95)
upgrade(-0.0, -20.3, 1, -57350, 391.44)
upgrade(-0.0, -20.3, 1, -61100, 398.39)
place(2.9, 1.0, -21.2, "Soldier", -61100, 402.55)
upgrade(2.9, -21.2, 1, -61250, 404.02)
upgrade(2.9, -21.2, 1, -65800, 404.51)