place(12.494, 1.037, -18.937, "Scout", 600)
upgrade(12.494, 2.387, -18.937, 537)
place(12.737, 1.037, -15.832, "Trapper", 588)
upgrade(12.737, 2.387, -15.832, 614)
place(17.942, 1.037, -16.979, "Trapper", 1015)
upgrade(17.942, 2.387, -16.979, 515)
place(18.271, 1.037, -13.858, "Trapper", 971)
upgrade(18.271, 2.387, -13.858, 533)
upgrade(12.737, 2.387, -15.832, 2014)
place(12.568, 1.037, -12.555, "Trapper", 642)
upgrade(12.568, 2.387, -12.555, 1516)
upgrade(17.942, 2.387, -16.979, 2199)
upgrade(18.271, 2.387, -13.858, 1575)
upgrade(12.494, 2.387, -18.937, 1500)
upgrade(12.568, 2.387, -12.555, 1971)
place(18.466, 1.037, -10.750, "Trapper", 1165)
place(18.427, 1.037, -10.779, "Trapper", 1235)
upgrade(18.427, 2.387, -10.779, 735)
upgrade(18.427, 2.387, -10.779, 1987)
place(18.019, 1.037, -20.958, "Trapper", 487)
place(18.407, 1.037, -20.963, "Trapper", 859)
upgrade(18.407, 2.387, -20.963, 587)
upgrade(18.407, 2.387, -20.963, 2175)
place(4.698, 1.037, -30.878, "Assassin", 675)
place(6.927, 1.037, -30.698, "Assassin", 575)
upgrade(6.927, 2.387, -30.698, 575)
upgrade(6.927, 2.387, -30.698, 775)
upgrade(4.698, 2.387, -30.878, 1677)
upgrade(4.698, 2.387, -30.878, 2065)
place(9.106, 1.037, -30.191, "Assassin", 1315)
upgrade(9.106, 2.387, -30.191, 1515)
upgrade(9.106, 2.387, -30.191, 1515)
place(11.267, 1.037, -29.785, "Assassin", 1315)
upgrade(11.267, 2.387, -29.785, 2743)
upgrade(11.267, 2.387, -29.785, 2293)
place(10.956, 1.037, -9.732, "Trapper", 3835)
upgrade(11.267, 2.387, -29.785, 4310)
upgrade(9.106, 2.387, -30.191, 3638)
upgrade(6.927, 2.387, -30.698, 3038)
upgrade(4.698, 2.387, -30.878, 2888)
