-- ZEPHYR_META: {"authorId":"813398570148691978","authorTag":"fadhil4662","category":"community","official":false,"createdAt":"2026-08-05T09:30:40.930Z","updatedAt":"2026-08-05T09:30:40.930Z"}
-- NOTE: I made with max tree skills
place(-18.0, 1.0, -2.1, "Brawler", 0, 0.24)
upgrade(-18.0, -2.1, 1, -200, 2.22)
place(-18.7, 1.0, -4.1, "Brawler", -200, 12.17)
upgrade(-18.7, -4.1, 1, -400, 15.39)
place(-17.9, 1.0, -7.2, "Brawler", -400, 22.22)
upgrade(-17.9, -7.2, 1, -600, 24.96)
upgrade(-17.9, -7.2, 1, -1800, 34.37)
upgrade(-18.7, -4.1, 1, -3000, 54.60)
upgrade(-17.9, -7.2, 1, -5500, 73.81)
upgrade(-18.0, -2.1, 1, -6700, 90.18)
upgrade(-18.7, -4.1, 1, -9200, 107.70)
upgrade(-18.0, -2.1, 1, -11700, 123.57)
place(-18.2, 1.0, -9.7, "Brawler", -11700, 131.06)
upgrade(-18.2, -9.7, 1, -11900, 133.49)
upgrade(-18.2, -9.7, 1, -13100, 142.92)
upgrade(-18.2, -9.7, 1, -15600, 162.09)
place(-12.3, 1.0, -3.1, "Shotgunner", -15600, 168.11)
upgrade(-12.3, -3.1, 1, -16240, 170.75)
upgrade(-12.3, -3.1, 1, -17790, 175.67)
place(-15.9, 1.0, -9.0, "Brawler", -17790, 182.16)
upgrade(-15.9, -9.0, 1, -17990, 184.32)
upgrade(-15.9, -9.0, 1, -19190, 185.47)
upgrade(-15.9, -9.0, 1, -21690, 190.08)
upgrade(-17.9, -7.2, 1, -25190, 203.38)
place(-12.5, 1.0, -1.0, "Shotgunner", -25190, 212.57)
upgrade(-12.5, -1.0, 1, -25830, 214.67)
upgrade(-12.5, -1.0, 1, -26470, 214.92)
place(-10.2, 1.0, -3.6, "Shotgunner", -26470, 217.91)
upgrade(-10.2, -3.6, 1, -27110, 222.84)
upgrade(-10.2, -3.6, 1, -28660, 227.58)
place(-13.9, 1.0, -9.1, "Brawler", -28660, 236.36)
upgrade(-13.9, -9.1, 1, -28860, 239.32)
upgrade(-13.9, -9.1, 1, -29060, 239.77)
upgrade(-17.9, -7.2, 1, -36837, 252.14)
upgrade(-13.9, -9.1, 1, -39337, 259.76)
upgrade(-18.7, -4.1, 1, -42837, 273.82)
upgrade(-18.0, -2.1, 1, -46337, 279.28)
upgrade(-12.3, -3.1, 1, -52337, 293.14)
upgrade(-18.2, -9.7, 1, -55837, 301.50)
upgrade(-15.9, -9.0, 1, -59337, 307.23)
upgrade(-13.9, -9.1, 1, -62837, 315.89)
place(-7.8, 1.0, -3.5, "Shotgunner", -62837, 319.32)
upgrade(-7.8, -3.5, 1, -63477, 322.20)
upgrade(-18.7, -4.1, 1, -71894, 333.91)
upgrade(-10.2, -3.6, 1, -77894, 349.18)
upgrade(-12.5, -1.0, 1, -83894, 354.94)
upgrade(-18.0, -2.1, 1, -91671, 375.80)
upgrade(-7.8, -3.5, 1, -97671, 389.61)
place(-12.6, 1.0, 1.9, "Shotgunner", -97671, 396.07)
upgrade(-12.6, 1.9, 1, -98311, 399.33)
upgrade(-12.6, 1.9, 1, -98951, 399.65)
upgrade(-12.6, 1.9, 1, -104951, 401.37)
upgrade(-12.3, -3.1, 1, -123451, 419.78)
upgrade(-15.9, -9.0, 1, -131228, 427.70)
upgrade(-13.9, -9.1, 1, -139005, 444.32)
place(-4.3, 1.0, -3.2, "Brawler", -139005, 454.42)
upgrade(-4.3, -3.2, 1, -139205, 456.86)
upgrade(-4.3, -3.2, 1, -139605, 457.18)
place(-2.3, 1.0, 2.7, "Brawler", -139605, 459.88)
upgrade(-2.3, 2.7, 1, -139805, 463.28)
upgrade(-2.3, 2.7, 1, -140005, 463.94)
upgrade(-2.3, 2.7, 1, -141205, 464.71)
upgrade(-2.3, 2.7, 1, -144705, 466.93)
upgrade(-10.2, -3.6, 1, -163205, 484.14)
upgrade(-12.5, -1.0, 1, -181705, 495.85)
upgrade(-12.6, 1.9, 1, -200205, 526.13)
upgrade(-7.8, -3.5, 1, -218705, 540.75)
place(1.3, 1.0, 3.4, "EvolvedJuggernaut", -218705, 551.53)
upgrade(1.3, 3.4, 1, -221705, 557.88)
upgrade(1.3, 3.4, 1, -228705, 564.60)
upgrade(1.3, 3.4, 1, -245905, 582.18)