-- ZEPHYR_META: {"authorId":"1487694984940490867","authorTag":"bamboo1._.","category":"community","official":false,"createdAt":"2026-06-28T20:20:17.189Z","updatedAt":"2026-06-28T20:20:17.189Z"}
place(-1.6, 1.0, 20.9, "Soldier", -200, 0.53)
upgrade(-1.6, 20.9, 1, -300, 2.33)
place(-3.6, 1.0, 18.5, "Soldier", -300, 28.61)
place(-0.3, 1.0, 17.8, "Soldier", -300, 36.33)
upgrade(-0.3, 17.8, 1, -400, 44.18)
upgrade(-3.6, 18.5, 1, -500, 46.26)
upgrade(-1.6, 20.9, 1, -1200, 66.91)
upgrade(-3.6, 18.5, 1, -1900, 68.08)
upgrade(-0.3, 17.8, 1, -2600, 84.78)
place(-12.1, 1.0, 25.3, "Shotgunner", -2600, 114.39)
place(6.2, 1.0, 23.3, "Shotgunner", -2600, 128.14)
upgrade(-12.1, 25.3, 1, -3240, 139.76)
upgrade(6.2, 23.3, 1, -3880, 140.47)
place(-9.7, 1.0, 25.1, "Shotgunner", -3880, 163.44)
place(6.0, 1.0, 25.9, "Shotgunner", -3880, 172.81)
upgrade(-9.7, 25.1, 1, -4520, 176.19)
upgrade(6.0, 25.9, 1, -5160, 182.11)
upgrade(-12.1, 25.3, 1, -6710, 186.97)
upgrade(6.2, 23.3, 1, -8260, 202.86)
upgrade(-9.7, 25.1, 1, -9810, 216.34)
upgrade(6.0, 25.9, 1, -11360, 222.77)
place(-12.4, 1.0, 22.4, "Shotgunner", -11360, 231.70)
place(3.8, 1.0, 23.8, "Shotgunner", -11360, 247.77)
upgrade(-12.4, 22.4, 1, -12000, 250.29)
upgrade(3.8, 23.8, 1, -12640, 251.95)
upgrade(3.8, 23.8, 1, -14190, 256.24)
place(13.5, 1.0, 25.7, "Shotgunner", -14190, 266.35)
upgrade(13.5, 25.7, 1, -14830, 272.27)
upgrade(13.5, 25.7, 1, -16380, 274.69)
place(-10.0, 1.0, 22.7, "Shotgunner", -16380, 281.92)
upgrade(-10.0, 22.7, 1, -17020, 284.42)
upgrade(-10.0, 22.7, 1, -18570, 304.00)
upgrade(-12.4, 22.4, 1, -20120, 311.30)
upgrade(-1.6, 20.9, 1, -21970, 313.32)
upgrade(-3.6, 18.5, 1, -23820, 330.33)
upgrade(-0.3, 17.8, 1, -25670, 335.93)
upgrade(-12.1, 25.3, 1, -31670, 358.45)
upgrade(6.0, 25.9, 1, -37670, 366.13)
upgrade(-9.7, 25.1, 1, -43670, 390.30)
upgrade(13.5, 25.7, 1, -49670, 406.75)
upgrade(-12.4, 22.4, 1, -55670, 415.86)
upgrade(6.2, 23.3, 1, -61670, 433.00)
upgrade(-10.0, 22.7, 1, -67670, 443.52)
upgrade(3.8, 23.8, 1, -73670, 459.80)
sell(-10.0, 22.7, 468.30)
place(8.6, 1.0, 16.4, "Shotgunner", -73670, 471.96)
upgrade(8.6, 16.4, 1, -74310, 473.93)
sell(-12.4, 22.4, 477.28)
place(8.7, 0.9, 13.8, "Shotgunner", -81860, 479.70)
upgrade(8.7, 13.8, 1, -82500, 482.03)
place(14.9, 1.0, 17.5, "Shotgunner", -90050, 485.04)
upgrade(14.9, 17.5, 1, -90690, 486.81)
upgrade(14.9, 17.5, 1, -116740, 487.18)