-- ZEPHYR_META: {"authorId":"1050130997204754452","authorTag":"ripperhub","createdAt":"2026-06-09T19:22:42.903Z","updatedAt":"2026-06-09T19:22:42.903Z"}
upgrade(1.7, -10.5, 1, -300, 34.38)
upgrade(1.7, -10.5, 1, -1150, 60.69)
place(-0.3, 1.0, -8.0, "Militant", -1150, 86.02)
upgrade(-0.3, -8.0, 1, -1450, 88.38)
upgrade(-0.3, -8.0, 1, -2300, 106.43)
place(0.2, 1.0, -4.9, "Militant", -2300, 130.70)
upgrade(0.2, -4.9, 1, -2600, 132.46)
upgrade(0.2, -4.9, 1, -3450, 173.74)
place(2.8, 1.0, -3.0, "Militant", -3450, 180.52)
upgrade(2.8, -3.0, 1, -4600, 182.73)
place(4.1, 0.9, -12.7, "Militant", -4600, 187.80)
upgrade(4.1, -12.7, 1, -4900, 200.09)
upgrade(4.1, -12.7, 1, -5750, 202.79)
place(5.9, 1.0, -2.9, "Militant", -5750, 211.68)
upgrade(5.9, -2.9, 1, -6050, 226.52)
upgrade(5.9, -2.9, 1, -6900, 227.23)
place(1.0, 1.0, -13.4, "Militant", -6900, 238.51)
upgrade(1.0, -13.4, 1, -7200, 245.30)
upgrade(1.0, -13.4, 1, -8050, 250.85)
upgrade(-0.3, -8.0, 1, -10800, 276.08)
upgrade(0.2, -4.9, 1, -13550, 302.17)
upgrade(1.0, -13.4, 1, -16300, 322.70)
upgrade(4.1, -12.7, 1, -19050, 346.45)
upgrade(2.8, -3.0, 1, -21800, 358.91)
upgrade(5.9, -2.9, 1, -24550, 379.85)
upgrade(1.7, -10.5, 1, -27300, 383.04)
upgrade(-0.3, -8.0, 1, -35300, 428.66)
upgrade(1.7, -10.5, 1, -43300, 452.18)
upgrade(0.2, -4.9, 1, -51300, 504.41)
upgrade(2.8, -3.0, 1, -59300, 511.75)
upgrade(5.9, -2.9, 1, -67300, 517.38)
upgrade(4.1, -12.7, 1, -75300, 522.33)
place(6.0, 1.0, 1.3, "Militant", -75300, 525.66)
upgrade(6.0, 1.3, 1, -75600, 527.23)
upgrade(6.0, 1.3, 1, -79200, 527.88)