-- ZEPHYR_META: {"authorId":"953270431417262151","authorTag":"dark_xzz1","category":"community","official":false,"createdAt":"2026-09-25T04:26:04.873Z","updatedAt":"2026-09-25T04:26:04.873Z"}
place(5.0, 1.0, 9.2, "Militant", 0, 5.93)
upgrade(5.0, 9.2, 1, -300, 20.58)
upgrade(5.0, 9.2, 1, -1150, 63.44)
place(2.8, 1.0, -2.9, "Ace Pilot", -1150, 100.61)
upgrade(2.8, -2.9, 1, -1375, 104.00)
upgrade(2.8, -2.9, 1, -2000, 106.69)
upgrade(2.8, -2.9, 1, -3500, 120.09)
upgrade(2.8, -2.9, 1, -6500, 178.56)
skip(8, 183.81)
skip(9, 219.32)
skip(10, 245.29)
skip(11, 271.34)
upgrade(2.8, -2.9, 1, -13500, 286.16)
skip(12, 296.67)
place(8.7, 5.1, -10.7, "Mortar", -13500, 300.61)
upgrade(8.7, -10.7, 1, -14000, 303.38)
upgrade(8.7, -10.7, 1, -16250, 313.63)
skip(13, 321.76)
place(11.4, 5.1, -9.1, "Mortar", -16250, 324.82)
upgrade(11.4, -9.1, 1, -16750, 328.73)
skip(14, 346.98)
upgrade(11.4, -9.1, 1, -19000, 348.47)
upgrade(8.7, -10.7, 1, -23250, 389.17)
upgrade(11.4, -9.1, 1, -27500, 408.48)
place(2.8, 1.0, 5.3, "Ace Pilot", -27500, 420.99)
upgrade(2.8, 5.3, 1, -27725, 424.23)
upgrade(2.8, 5.3, 1, -28350, 425.35)
upgrade(2.8, 5.3, 1, -29850, 427.39)
skip(16, 442.86)
upgrade(2.8, 5.3, 1, -32850, 445.07)
skip(17, 469.86)
upgrade(2.8, 5.3, 1, -39850, 481.52)
place(11.6, 1.0, 12.3, "Ace Pilot", -39850, 487.96)
upgrade(11.6, 12.3, 1, -40075, 490.98)
upgrade(11.6, 12.3, 1, -40700, 493.32)
upgrade(11.6, 12.3, 1, -42200, 497.79)
skip(18, 501.92)
upgrade(11.6, 12.3, 1, -45200, 504.03)
upgrade(11.6, 12.3, 1, -52200, 530.86)
skip(19, 538.53)
upgrade(5.0, 9.2, 1, -54950, 545.80)