-- ZEPHYR_META: {"authorId":"1514236893640917094","authorTag":"skarnyth.","category":"community","official":false,"createdAt":"2026-07-18T14:40:46.307Z","updatedAt":"2026-07-18T14:40:46.307Z"}
upgrade(-6.8, -32.1, 1, -325, 6.06)
upgrade(-6.8, -32.1, 1, -1225, 19.20)
upgrade(-6.8, -32.1, 1, -4002, 71.76)
place(-4.2, -0.1, -7.7, "Crook Boss", -4002, 99.94)
upgrade(-4.2, -7.7, 1, -5602, 110.85)
upgrade(-4.2, -7.7, 1, -8802, 142.37)
upgrade(-6.8, -32.1, 1, -16302, 226.49)
place(4.0, 1.4, 31.9, "Crook Boss", -16302, 260.75)
upgrade(4.0, 31.9, 1, -17902, 262.20)
sell(-6.8, -32.1, 292.83)
upgrade(4.0, 31.9, 1, -21102, 295.48)
place(5.4, 1.4, 37.0, "Scout", -21102, 297.32)
place(-0.9, 1.5, 31.7, "Minigunner", -21102, 298.99)
upgrade(-0.9, 31.7, 1, -22102, 300.04)
upgrade(5.4, 37.0, 1, -22152, 304.10)
upgrade(5.4, 37.0, 1, -22527, 304.47)
upgrade(5.4, 37.0, 1, -23877, 304.94)
upgrade(-0.9, 31.7, 1, -28677, 325.78)