-- ZEPHYR_META: {"authorId":"816049257441525811","authorTag":"juanllmz","category":"community","official":false,"createdAt":"2026-07-28T04:16:19.291Z","updatedAt":"2026-07-28T04:16:19.291Z"}
place(11.3, 0.9, -7.4, "Cowboy", -200, 74.71)
upgrade(11.3, -7.4, 1, -400, 97.58)
place(8.9, 0.9, -6.7, "Cowboy", -400, 118.59)
place(12.1, 0.9, -4.9, "Cowboy", -400, 123.23)
upgrade(12.1, -4.9, 1, -600, 146.87)
upgrade(8.9, -6.7, 1, -800, 152.55)
upgrade(11.3, -7.4, 1, -1400, 167.51)
upgrade(13.3, -14.4, 1, -2000, 186.66)
upgrade(13.3, -14.4, 1, -4000, 231.31)
upgrade(11.3, -7.4, 1, -6000, 263.89)
upgrade(8.9, -6.7, 1, -6600, 275.80)
upgrade(8.9, -6.7, 1, -8600, 295.16)
upgrade(12.1, -4.9, 1, -9200, 316.20)
upgrade(12.1, -4.9, 1, -11200, 328.59)
place(13.6, 0.9, -2.9, "Cowboy", -11200, 353.11)
place(6.7, 0.9, -5.2, "Cowboy", -11200, 356.01)
upgrade(13.6, -2.9, 1, -11400, 357.61)
upgrade(6.7, -5.2, 1, -11600, 358.51)
place(16.7, 0.9, -9.4, "Cowboy", -11600, 366.49)
place(8.2, 1.0, -11.9, "Cowboy", -11600, 368.57)
upgrade(8.2, -11.9, 1, -11800, 369.60)
upgrade(16.7, -9.4, 1, -12000, 371.00)
upgrade(16.7, -9.4, 1, -12600, 371.69)
upgrade(8.2, -11.9, 1, -13200, 381.07)
upgrade(13.6, -2.9, 1, -13800, 395.91)
upgrade(6.7, -5.2, 1, -14400, 399.69)
upgrade(8.2, -11.9, 1, -16400, 409.51)
upgrade(16.7, -9.4, 1, -18400, 430.46)
upgrade(13.6, -2.9, 1, -20400, 438.75)
place(9.7, 0.9, -3.1, "Crook Boss", -20400, 467.57)
upgrade(9.7, -3.1, 1, -21900, 474.25)
upgrade(9.7, -3.1, 1, -24650, 484.25)
place(11.8, 0.9, -0.7, "Crook Boss", -24650, 513.29)
upgrade(11.8, -0.7, 1, -26150, 534.66)
upgrade(11.8, -0.7, 1, -28900, 537.58)
place(4.5, 1.0, -3.4, "Crook Boss", -28900, 557.48)
upgrade(4.5, -3.4, 1, -30400, 571.33)
upgrade(4.5, -3.4, 1, -33150, 586.44)
place(7.2, 0.9, 0.2, "Crook Boss", -33150, 595.69)
upgrade(7.2, 0.2, 1, -34650, 604.66)
upgrade(7.2, 0.2, 1, -37400, 615.97)
place(5.4, 1.0, -12.4, "Crook Boss", -37400, 640.94)
upgrade(5.4, -12.4, 1, -38900, 642.24)
upgrade(5.4, -12.4, 1, -41650, 645.30)
upgrade(13.6, -2.9, 1, -44650, 664.90)
upgrade(11.3, -7.4, 1, -47650, 667.75)
upgrade(8.9, -6.7, 1, -50650, 679.21)
upgrade(6.7, -5.2, 1, -52650, 693.67)
upgrade(6.7, -5.2, 1, -55650, 695.20)
upgrade(16.7, -9.4, 1, -58650, 701.67)
upgrade(12.1, -4.9, 1, -61650, 719.98)
upgrade(8.2, -11.9, 1, -64650, 745.06)
upgrade(13.3, -14.4, 1, -67650, 745.88)
upgrade(9.7, -3.1, 1, -81650, 779.99)
upgrade(11.8, -0.7, 1, -95650, 817.10)
upgrade(5.4, -12.4, 1, -109650, 842.47)