-- ZEPHYR_META: {"authorId":"953270431417262151","authorTag":"dark_xzz1","category":"community","official":false,"createdAt":"2026-09-21T14:25:13.334Z","updatedAt":"2026-09-21T14:25:13.334Z"}
timescale(1.00, 1.07)
skip(0, 3.08)
place(9.0, 1.0, 10.7, "Ace Pilot", 0, 12.85)
skip(1, 28.36)
upgrade(9.0, 10.7, 1, -225, 30.57)
skip(2, 54.00)
upgrade(9.0, 10.7, 1, -850, 70.89)
upgrade(9.0, 10.7, 1, -2350, 109.38)
skip(5, 132.65)
skip(7, 190.06)
upgrade(9.0, 10.7, 1, -5350, 192.38)
skip(8, 215.61)
skip(9, 245.39)
skip(10, 286.18)
skip(11, 311.60)
upgrade(9.0, 10.7, 1, -12350, 314.99)
skip(12, 337.71)
place(3.0, 1.0, -2.9, "Pulse Trooper", -12350, 341.09)
upgrade(3.0, -2.9, 1, -13050, 343.58)
skip(13, 363.39)
upgrade(3.0, -2.9, 1, -16650, 364.74)
skip(14, 389.73)
upgrade(3.0, -2.9, 1, -21550, 398.58)
skip(15, 416.06)
place(6.9, 1.0, 13.2, "Militant", -21550, 443.88)
upgrade(6.9, 13.2, 1, -21850, 448.43)
upgrade(6.9, 13.2, 1, -22700, 449.18)
upgrade(6.9, 13.2, 1, -25450, 449.79)
place(6.0, 1.0, 10.0, "Militant", -25450, 456.10)
upgrade(6.0, 10.0, 1, -25750, 458.32)
upgrade(6.0, 10.0, 1, -26600, 458.99)
upgrade(6.0, 10.0, 1, -29350, 460.44)
skip(16, 477.03)
place(2.9, 1.0, 2.7, "Ace Pilot", -29350, 503.25)
upgrade(2.9, 2.7, 1, -29575, 506.05)
upgrade(2.9, 2.7, 1, -30200, 506.67)
upgrade(2.9, 2.7, 1, -31700, 517.63)
upgrade(2.9, 2.7, 1, -34700, 524.23)
upgrade(2.9, 2.7, 1, -41700, 537.38)
place(-2.7, 1.0, 2.6, "Freezer", -41700, 596.64)
upgrade(-2.7, 2.6, 1, -42000, 599.37)
upgrade(-2.7, 2.6, 1, -42450, 600.02)
upgrade(-2.7, 2.6, 1, -44150, 600.76)
upgrade(-2.7, 2.6, 1, -48650, 601.51)
place(-2.6, 1.0, -2.6, "Freezer", -48650, 605.68)
upgrade(-2.6, -2.6, 1, -48950, 608.77)
upgrade(-2.6, -2.6, 1, -49400, 609.53)
upgrade(-2.6, -2.6, 1, -51100, 610.43)
upgrade(-2.6, -2.6, 1, -55600, 611.67)
skip(19, 613.23)
skip(20, 666.13)
upgrade(6.0, 10.0, 1, -63600, 668.58)
upgrade(6.9, 13.2, 1, -71600, 671.92)
skip(21, 695.46)
place(3.7, 1.0, 6.0, "Commander", -71600, 701.26)
upgrade(3.7, 6.0, 1, -72000, 703.18)
upgrade(3.7, 6.0, 1, -74450, 703.76)
upgrade(3.7, 6.0, 1, -78950, 704.50)
ability(3.7, 6.0, "Call Of Arms", 712.01)
skip(22, 722.92)
place(2.9, 1.0, -6.9, "Ace Pilot", -78950, 727.69)
upgrade(2.9, -6.9, 1, -79175, 730.12)
upgrade(2.9, -6.9, 1, -79800, 730.82)
upgrade(2.9, -6.9, 1, -81300, 731.57)
upgrade(2.9, -6.9, 1, -84300, 732.42)
upgrade(2.9, -6.9, 1, -91300, 733.96)
ability(3.7, 6.0, "Call Of Arms", 745.32)
skip(23, 756.58)
upgrade(3.0, -2.9, 1, -99800, 764.52)
ability(3.0, -2.9, "Sweeper", 777.87)
ability(3.7, 6.0, "Call Of Arms", 779.67)
upgrade(3.0, -2.9, 1, -116800, 815.85)
ability(3.7, 6.0, "Call Of Arms", 830.62)
ability(3.0, -2.9, "Sweeper", 837.18)
place(10.0, 1.0, 13.9, "Militant", -116800, 848.37)
upgrade(10.0, 13.9, 1, -117100, 850.80)
upgrade(10.0, 13.9, 1, -117950, 851.43)
upgrade(10.0, 13.9, 1, -120700, 851.97)
upgrade(10.0, 13.9, 1, -128700, 852.64)
ability(3.7, 6.0, "Call Of Arms", 864.39)
ability(3.7, 6.0, "Call Of Arms", 896.24)
ability(3.0, -2.9, "Sweeper", 897.27)