-- ZEPHYR_META: {"authorId":"1408213507555463199","authorTag":"scriptdlc","createdAt":"2026-06-10T14:25:36.745Z","updatedAt":"2026-06-10T14:25:36.745Z"}
-- NOTE: by dlc
place(-124.2, -44.5, 17.6, "Scout", -25325, 1.99)
skip(1, 2.01)
place(-132.6, -44.5, 0.3, "Scout", -25325, 3.96)
skip(1, 4.20)
place(-132.6, -44.5, 22.4, "Scout", -25325, 5.85)
skip(1, 6.42)
skip(1, 8.67)
skip(1, 10.89)
skip(1, 13.12)
skip(1, 15.35)
skip(2, 17.64)
skip(2, 19.87)
skip(2, 22.10)
skip(2, 24.35)
skip(2, 26.57)
skip(2, 28.80)
skip(2, 31.03)
place(-124.2, -44.5, 13.8, "Freezer", -25325, 32.59)
skip(2, 33.29)
skip(3, 35.52)
place(-135.1, -42.5, 12.4, "Sniper", -25325, 35.90)
skip(3, 37.77)
skip(3, 39.98)
skip(3, 42.22)
skip(3, 44.45)
skip(3, 46.69)
skip(3, 48.91)
skip(4, 51.12)
skip(4, 53.35)
skip(4, 55.58)
skip(4, 57.80)
skip(4, 60.04)
skip(4, 62.25)
skip(4, 64.48)
skip(5, 66.72)
skip(5, 68.95)
skip(5, 71.18)
skip(5, 73.42)
skip(5, 75.64)
skip(5, 77.88)
place(-132.6, -44.5, 18.8, "Pyromancer", -25325, 79.85)
skip(5, 80.12)
skip(5, 82.37)
upgrade(-132.6, 18.8, 1, -25650, 84.10)
skip(5, 84.63)
skip(5, 86.84)
skip(5, 89.04)
place(-132.7, -44.5, 14.1, "Freezer", -25650, 89.86)
upgrade(-132.7, 14.1, 1, -25950, 90.99)
skip(5, 91.23)
upgrade(-124.2, 13.8, 1, -26250, 92.85)
skip(6, 93.44)
skip(6, 95.62)
skip(6, 97.80)
skip(6, 99.98)
upgrade(-124.2, 17.6, 1, -26300, 100.38)
upgrade(-124.2, 17.6, 1, -26675, 101.04)
skip(6, 102.22)
upgrade(-132.6, 0.3, 1, -26725, 102.87)
skip(6, 104.44)
upgrade(-132.6, 22.4, 1, -26775, 104.57)
skip(6, 106.62)
upgrade(-132.7, 14.1, 1, -27225, 108.88)
skip(7, 108.90)
upgrade(-132.6, 18.8, 1, -28225, 110.80)
skip(7, 111.07)
skip(7, 113.22)
skip(7, 115.40)
skip(7, 117.60)
skip(7, 119.78)
skip(7, 121.99)
skip(7, 124.17)
skip(8, 126.35)
skip(8, 128.52)
skip(8, 130.70)
skip(8, 132.90)
skip(8, 135.10)
skip(8, 137.29)
skip(8, 139.49)
skip(8, 141.68)
skip(8, 143.85)
skip(9, 146.05)
skip(9, 148.23)
skip(9, 150.44)
skip(9, 152.62)
place(-133.0, -44.5, 10.4, "Freezer", -28225, 154.87)
skip(9, 154.89)
upgrade(-133.0, 10.4, 1, -28525, 156.28)
upgrade(-133.0, 10.4, 1, -28975, 156.49)
upgrade(-133.0, 10.4, 1, -30675, 156.93)
skip(9, 157.07)
skip(9, 159.28)
skip(9, 161.45)
place(-135.4, -42.5, 15.7, "Sniper", -30675, 161.63)
skip(9, 163.67)
upgrade(-135.4, 15.7, 1, -30875, 165.54)
skip(9, 165.84)
upgrade(-135.4, 15.7, 1, -31625, 165.89)
upgrade(-135.1, 12.4, 1, -31825, 167.58)
skip(9, 168.05)
upgrade(-135.1, 12.4, 1, -32575, 168.43)
skip(10, 170.25)
skip(10, 172.43)
skip(10, 174.65)
skip(10, 176.87)
skip(10, 179.05)
skip(10, 181.25)
skip(10, 183.43)
skip(11, 185.62)
skip(11, 187.82)
skip(11, 190.01)
skip(11, 192.20)
skip(11, 194.38)
skip(11, 196.57)
skip(11, 198.77)
skip(11, 200.97)
skip(11, 203.15)
skip(11, 205.23)
upgrade(-132.7, 14.1, 1, -34275, 206.49)
skip(11, 207.38)
upgrade(-124.2, 13.8, 1, -34725, 209.31)
skip(12, 209.58)
upgrade(-124.2, 13.8, 1, -36425, 209.72)
skip(12, 211.78)
upgrade(-124.2, 17.6, 1, -37775, 212.32)
skip(12, 214.05)
upgrade(-132.6, 22.4, 1, -38150, 214.73)
skip(12, 216.21)
skip(12, 218.41)
skip(12, 220.62)
skip(12, 222.80)
place(-133.1, -44.5, 7.0, "Pyromancer", -38150, 223.95)
skip(12, 225.00)
skip(12, 227.18)
upgrade(-133.1, 7.0, 1, -38475, 229.30)
skip(12, 229.38)
upgrade(-133.1, 7.0, 1, -39475, 230.01)
skip(12, 231.58)
skip(13, 233.77)
skip(13, 235.95)
skip(13, 238.15)
skip(13, 240.35)
skip(13, 242.53)
skip(13, 244.73)
skip(13, 246.92)
skip(13, 249.12)
skip(13, 251.32)
upgrade(-132.6, 18.8, 1, -41475, 251.86)
skip(13, 253.47)
skip(13, 255.65)
upgrade(-133.1, 7.0, 1, -43475, 255.87)
skip(14, 257.86)
skip(14, 260.06)
skip(14, 262.24)
skip(14, 264.45)
skip(14, 266.67)
skip(14, 268.88)
skip(14, 271.08)
skip(14, 273.29)
skip(14, 275.48)
skip(14, 277.72)
skip(14, 279.90)
upgrade(-124.2, 13.8, 1, -47975, 279.92)
skip(14, 282.05)
skip(15, 284.26)
upgrade(-132.6, 0.3, 1, -48350, 284.67)
skip(15, 286.46)
skip(15, 288.65)
skip(15, 290.84)
skip(15, 293.05)
skip(15, 295.22)
place(-125.0, -44.5, 21.2, "Demoman", -48350, 297.74)
skip(15, 297.77)
skip(15, 299.61)
upgrade(-125.0, 21.2, 1, -48600, 300.60)
skip(15, 301.81)
skip(15, 304.01)
place(-132.7, -44.5, 3.9, "Demoman", -48600, 304.77)
upgrade(-132.7, 3.9, 1, -48850, 305.46)
upgrade(-132.7, 3.9, 1, -49800, 305.89)
skip(16, 306.22)
upgrade(-125.0, 21.2, 1, -50750, 307.76)
skip(16, 308.43)
skip(16, 310.65)
skip(16, 312.85)
skip(16, 315.03)
skip(16, 317.21)
skip(16, 319.42)
skip(16, 321.61)
skip(16, 323.81)
skip(16, 326.00)
upgrade(-125.0, 21.2, 1, -53250, 327.89)
skip(16, 328.22)
skip(16, 330.43)
skip(17, 332.63)
skip(17, 334.81)
skip(17, 337.01)
skip(17, 339.21)
skip(17, 341.41)
skip(17, 343.61)
skip(17, 345.83)
skip(17, 348.01)
upgrade(-132.7, 3.9, 1, -55750, 349.71)
skip(17, 350.23)
skip(17, 352.33)
skip(17, 354.49)
skip(18, 356.68)
upgrade(-135.1, 12.4, 1, -57750, 358.27)
upgrade(-135.4, 15.7, 1, -59750, 358.80)
skip(18, 358.91)
skip(18, 361.11)
upgrade(-132.6, 0.3, 1, -61100, 361.80)
skip(18, 363.33)
skip(18, 365.51)
skip(18, 367.73)
place(-121.4, -44.5, 41.7, "Pyromancer", -61100, 369.13)
skip(18, 369.96)
upgrade(-121.4, 41.7, 1, -61425, 370.27)
upgrade(-121.4, 41.7, 1, -62425, 370.52)
skip(18, 372.18)
place(-115.2, -44.5, 35.7, "Pyromancer", -62425, 374.05)
skip(18, 374.41)
skip(18, 376.60)
skip(18, 378.78)
skip(18, 380.99)
skip(19, 383.18)
skip(19, 385.39)
skip(19, 387.60)
place(-124.7, -44.5, 30.4, "Demoman", -62425, 388.60)
upgrade(-124.7, 30.4, 1, -62675, 389.79)
skip(19, 389.85)
upgrade(-124.7, 30.4, 1, -63625, 389.94)
skip(19, 392.02)
skip(19, 394.24)
skip(19, 396.42)
skip(19, 398.63)
skip(19, 400.84)
skip(19, 402.92)
skip(19, 405.11)
upgrade(-132.7, 14.1, 1, -70625, 405.53)
skip(19, 407.33)
skip(20, 409.55)
skip(20, 411.74)
upgrade(-133.0, 10.4, 1, -75125, 412.26)
skip(20, 413.96)
skip(20, 416.17)
skip(20, 418.37)
skip(20, 420.56)
skip(20, 422.77)
place(-132.6, -44.5, 31.0, "Pyromancer", -75125, 424.43)
skip(20, 424.98)
upgrade(-132.6, 31.0, 1, -76450, 425.52)
upgrade(-132.6, 31.0, 1, -78450, 425.74)
skip(20, 427.23)
skip(20, 429.33)
skip(20, 431.49)
skip(21, 433.71)
skip(21, 435.92)
skip(21, 438.14)
skip(21, 440.37)
upgrade(-125.0, 21.2, 1, -84450, 440.97)
skip(21, 442.56)
skip(21, 444.77)
skip(21, 446.98)
skip(21, 449.20)
skip(21, 451.39)
skip(21, 453.60)
skip(21, 455.74)
skip(21, 457.95)
skip(22, 460.13)
skip(22, 462.35)
skip(22, 464.55)
upgrade(-132.7, 3.9, 1, -90450, 466.35)
skip(22, 466.73)
upgrade(-132.6, 0.3, 1, -92650, 468.15)
skip(22, 468.93)
upgrade(-124.2, 17.6, 1, -94850, 470.20)
skip(22, 471.14)
skip(22, 473.34)
skip(22, 475.55)
skip(22, 477.73)
upgrade(-132.6, 18.8, 1, -98600, 478.48)
skip(22, 479.93)
skip(22, 482.09)
skip(22, 484.29)
skip(23, 486.47)
upgrade(-132.6, 31.0, 1, -102350, 488.43)
skip(23, 488.73)
skip(23, 490.91)
upgrade(-121.4, 41.7, 1, -111850, 492.38)
skip(23, 493.14)
skip(23, 495.34)
skip(23, 497.53)
upgrade(-115.2, 35.7, 1, -112175, 497.57)
upgrade(-115.2, 35.7, 1, -115175, 497.90)
skip(23, 499.74)
skip(23, 501.97)
skip(23, 504.20)
skip(23, 506.25)
skip(23, 508.45)
place(-124.7, -44.5, 42.9, "Demoman", -115175, 508.97)
upgrade(-124.7, 42.9, 1, -115425, 510.21)
upgrade(-124.7, 42.9, 1, -121375, 510.52)
skip(24, 510.67)
skip(24, 512.88)
skip(24, 515.09)
skip(24, 517.29)
skip(24, 519.47)
skip(24, 521.66)
skip(24, 523.84)
skip(24, 526.04)
skip(24, 528.24)
skip(24, 530.44)
skip(24, 532.49)
skip(24, 534.70)
upgrade(-135.4, 15.7, 1, -126375, 534.98)
upgrade(-135.1, 12.4, 1, -131375, 535.53)
skip(24, 536.92)
skip(25, 539.15)
upgrade(-132.6, 22.4, 1, -132725, 539.22)
skip(25, 541.36)
skip(25, 543.56)
place(-123.6, -44.5, 33.5, "Freezer", -134925, 544.09)
upgrade(-123.6, 33.5, 1, -135225, 544.71)
upgrade(-123.6, 33.5, 1, -141875, 545.08)
skip(25, 545.80)
skip(25, 548.03)
place(-115.2, -39.5, 13.0, "Sniper", -141875, 548.89)
skip(25, 550.27)
place(-117.6, -36.9, 14.3, "Sniper", -141875, 550.68)
skip(25, 552.49)
skip(25, 554.71)
skip(25, 556.91)
skip(25, 559.14)
skip(25, 561.27)
skip(25, 563.46)
skip(26, 565.66)
skip(26, 567.88)
skip(26, 570.11)
skip(26, 572.31)
upgrade(-117.6, 14.3, 1, -142075, 572.48)
upgrade(-117.6, 14.3, 1, -144825, 572.86)
upgrade(-115.2, 13.0, 1, -150775, 573.35)
upgrade(-115.2, 13.0, 1, -153525, 573.62)
upgrade(-115.2, 13.0, 1, -156525, 574.02)
skip(26, 574.58)
place(-118.9, -44.5, 44.3, "Demoman", -156525, 576.44)
skip(26, 576.78)
upgrade(-118.9, 44.3, 1, -156775, 576.89)
skip(26, 579.03)
upgrade(-118.9, 44.3, 1, -157725, 581.22)
skip(26, 581.29)
skip(26, 583.48)
place(-122.0, -44.5, 37.5, "Demoman", -157725, 583.74)
upgrade(-122.0, 37.5, 1, -157975, 584.87)
upgrade(-122.0, 37.5, 1, -161425, 585.14)
skip(26, 585.73)
place(-118.9, -44.5, 39.9, "Demoman", -161425, 587.86)
skip(26, 587.94)
upgrade(-118.9, 39.9, 1, -162625, 588.38)
upgrade(-118.9, 39.9, 1, -169575, 588.72)
skip(26, 590.18)
skip(27, 592.39)
skip(27, 594.63)
upgrade(-118.9, 44.3, 1, -172075, 595.86)
skip(27, 596.87)
skip(27, 599.06)
skip(27, 601.26)
place(-121.6, -44.5, 30.4, "Pyromancer", -172075, 603.15)
skip(27, 603.51)
upgrade(-121.6, 30.4, 1, -172400, 603.67)
upgrade(-121.6, 30.4, 1, -175400, 603.94)
skip(27, 605.76)
skip(27, 609.88)
skip(27, 610.18)
skip(27, 612.27)
skip(27, 614.50)
skip(28, 616.69)
skip(28, 618.89)
skip(28, 621.09)
skip(28, 623.29)
skip(28, 625.50)
skip(28, 627.73)
upgrade(-121.6, 30.4, 1, -179150, 628.23)
upgrade(-121.6, 30.4, 1, -182900, 628.52)
skip(28, 629.97)
skip(28, 632.15)
skip(28, 634.36)
place(-121.1, -44.5, 22.4, "Demoman", -182900, 636.71)
skip(28, 636.74)
upgrade(-121.1, 22.4, 1, -183150, 637.73)
upgrade(-121.1, 22.4, 1, -192600, 638.03)
upgrade(-121.1, 22.4, 1, -198600, 638.31)
skip(28, 638.83)
place(-135.9, -44.5, 22.7, "Demoman", -192600, 640.50)
skip(28, 641.02)
upgrade(-135.9, 22.7, 1, -193800, 641.62)
upgrade(-135.9, 22.7, 1, -194750, 641.89)
skip(29, 643.29)
upgrade(-135.9, 22.7, 1, -200750, 644.13)
skip(29, 645.52)
skip(29, 647.76)
skip(29, 650.00)
place(-132.6, -44.5, 42.7, "Demoman", -200750, 650.56)
upgrade(-132.6, 42.7, 1, -201000, 651.70)
skip(29, 652.24)
skip(29, 654.43)
skip(29, 656.66)
upgrade(-132.6, 42.7, 1, -204450, 657.87)
skip(29, 658.89)
skip(29, 661.10)
skip(29, 663.19)
skip(29, 665.34)
upgrade(-132.6, 42.7, 1, -210450, 666.46)
skip(30, 667.60)
skip(30, 669.82)
place(-134.1, -44.5, 33.6, "Pyromancer", -210450, 671.38)
skip(30, 672.07)
upgrade(-134.1, 33.6, 1, -210775, 672.90)
upgrade(-134.1, 33.6, 1, -213775, 673.11)
upgrade(-134.1, 33.6, 1, -219525, 673.34)
skip(30, 674.39)
skip(30, 676.60)
skip(30, 678.81)
upgrade(-134.1, 33.6, 1, -223275, 678.90)
skip(30, 681.07)
skip(30, 683.28)
skip(30, 685.47)
skip(30, 687.66)
skip(30, 689.89)
skip(30, 692.07)
skip(30, 694.29)
skip(30, 696.49)
skip(30, 698.71)
skip(30, 700.90)
place(-135.9, -44.5, 30.5, "Freezer", -223275, 703.24)
skip(30, 703.29)
upgrade(-135.9, 30.5, 1, -223575, 703.94)
upgrade(-135.9, 30.5, 1, -225725, 704.13)
upgrade(-135.9, 30.5, 1, -230225, 704.35)
skip(30, 705.14)
skip(30, 707.34)
skip(30, 709.53)
upgrade(-135.9, 30.5, 1, -230225, 710.47)
skip(30, 711.77)
skip(30, 713.97)
skip(30, 716.19)
skip(30, 718.39)
skip(30, 720.59)
skip(30, 722.79)
skip(30, 725.00)
skip(30, 727.19)
skip(30, 729.42)
sell(-132.6, 0.3, 730.08)
skip(30, 731.65)
sell(-132.7, 3.9, 731.63)
sell(-133.1, 7.0, 733.09)
skip(30, 733.91)
sell(-133.0, 10.4, 735.17)
skip(30, 736.12)
skip(30, 744.80)
skip(30, 745.06)
place(-119.2, -44.5, 35.1, "Pyromancer", -230225, 746.69)
skip(30, 747.24)
upgrade(-119.2, 35.1, 1, -230550, 747.87)
upgrade(-119.2, 35.1, 1, -235550, 748.14)
upgrade(-119.2, 35.1, 1, -239300, 748.44)
skip(30, 749.52)
skip(30, 751.74)
skip(30, 753.96)
place(-111.8, -44.5, 36.0, "Pyromancer", -239300, 754.66)
upgrade(-111.8, 36.0, 1, -239625, 755.10)
upgrade(-111.8, 36.0, 1, -242625, 755.40)
upgrade(-111.8, 36.0, 1, -261375, 755.68)
skip(30, 756.21)
place(-111.0, -44.5, 32.8, "Pyromancer", -253875, 758.45)
skip(30, 758.47)
upgrade(-111.0, 32.8, 1, -254200, 758.92)
upgrade(-111.0, 32.8, 1, -257200, 759.19)
skip(30, 760.66)
skip(30, 762.85)
skip(30, 765.04)
skip(30, 767.27)
skip(30, 769.47)
skip(30, 771.71)
sell(-132.6, 42.7, 773.04)
skip(30, 773.92)
place(-114.3, -44.5, 31.5, "Pyromancer", -259200, 776.39)
skip(30, 776.42)
upgrade(-114.3, 31.5, 1, -259525, 776.91)
upgrade(-114.3, 31.5, 1, -264525, 777.20)
upgrade(-114.3, 31.5, 1, -268275, 777.48)
skip(30, 778.39)
skip(30, 780.59)
skip(30, 782.79)
skip(30, 784.98)
skip(30, 787.19)
skip(30, 789.41)
skip(30, 791.59)
skip(30, 793.80)
skip(30, 796.01)
skip(30, 798.19)
skip(30, 800.40)
skip(30, 802.60)
skip(30, 804.84)
skip(30, 807.01)
skip(30, 809.25)
skip(30, 811.49)
skip(30, 813.69)
skip(30, 815.90)
skip(30, 818.10)
skip(30, 820.32)
skip(30, 822.54)
skip(30, 824.77)
skip(30, 826.98)
skip(30, 829.18)
skip(30, 831.36)
upgrade(-124.7, 30.4, 1, -274275, 832.24)
skip(30, 833.60)
skip(30, 835.84)
skip(30, 838.02)
skip(30, 840.23)
skip(30, 842.45)
skip(30, 844.67)
skip(30, 846.92)
skip(30, 849.14)
skip(30, 851.33)
skip(30, 853.53)