place(13.8, 1.0, 24.6, "Soldier", 600)
upgrade(13.8, 2.3, 24.6, 174)
place(16.8, 1.0, 24.4, "Soldier", 470)
upgrade(16.8, 2.3, 24.4, 633)
place(10.6, 1.0, 24.7, "Soldier", 507)
upgrade(10.6, 2.3, 24.7, 165)
place(17.3, 1.0, 27.6, "Soldier", 1576)
upgrade(17.3, 2.3, 27.6, 1014)
upgrade(17.3, 2.3, 27.6, 988)
place(13.9, 1.0, 27.8, "Soldier", 1337)
upgrade(13.9, 2.3, 27.8, 1023)
upgrade(13.9, 2.3, 27.8, 187)
place(10.7, 1.0, 27.9, "Soldier", 1417)
upgrade(10.7, 2.3, 27.9, 993)
upgrade(10.7, 2.3, 27.9, 843)
upgrade(16.8, 2.3, 24.4, 1871)
upgrade(13.8, 2.3, 24.6, 1283)
upgrade(10.6, 2.3, 24.7, 1895)
place(11.9, 0.9, 13.8, "DJ Booth", 2142)
upgrade(11.9, 2.3, 13.8, 1112)
upgrade(11.9, 2.3, 13.8, 1040)
upgrade(11.9, 2.3, 13.8, 1111)
upgrade(11.9, 2.3, 13.8, 1132)
SetDjTrack(11.9, 2.3, 13.8, "Green", 1532)
place(10.5, 1.0, 21.7, "Soldier", 4807)
upgrade(10.5, 2.3, 21.7, 4697)
upgrade(10.5, 2.3, 21.7, 4559)
place(9.0, 1.0, 19.1, "Soldier", 4619)
upgrade(9.0, 2.3, 19.1, 5617)
upgrade(9.0, 2.3, 19.1, 5479)
place(7.4, 1.0, 21.8, "Soldier", 5039)
upgrade(7.4, 2.3, 21.8, 4889)
upgrade(7.4, 2.3, 21.8, 4751)
place(7.4, 1.0, 25.1, "Soldier", 4534)
upgrade(7.4, 2.3, 25.1, 4461)
upgrade(7.4, 2.3, 25.1, 4324)
place(7.6, 1.0, 28.2, "Soldier", 4683)
upgrade(7.6, 2.3, 28.2, 5943)
upgrade(7.6, 2.3, 28.2, 5948)
place(5.8, 1.0, 19.0, "Soldier", 5907)
upgrade(5.8, 2.3, 19.0, 6357)
upgrade(5.8, 2.3, 19.0, 6357)
place(4.4, 1.0, 22.0, "Soldier", 7356)
upgrade(4.4, 2.3, 22.0, 7365)
upgrade(4.4, 2.3, 22.0, 7351)
place(4.1, 1.0, 25.2, "Soldier", 7011)
upgrade(4.1, 2.3, 25.2, 7361)
upgrade(4.1, 2.3, 25.2, 7321)
place(4.4, 1.0, 28.3, "Soldier", 7283)
upgrade(4.4, 2.3, 28.3, 7633)
upgrade(4.4, 2.3, 28.3, 7484)
place(12.7, 4.1, 8.5, "Ranger", 8842)
upgrade(12.7, 5.4, 8.5, 4749)
upgrade(12.7, 5.4, 8.5, 5362)
place(9.2, 4.1, 8.2, "Ranger", 6881)
upgrade(9.2, 5.5, 8.2, 4881)
upgrade(9.2, 5.5, 8.2, 3795)
upgrade(9.2, 5.5, 8.2, 5394)
place(14.4, 4.4, 5.9, "Ranger", 6265)
upgrade(14.4, 5.8, 5.9, 2665)
upgrade(14.4, 5.8, 5.9, 1284)
place(-21.8, 1.0, -0.5, "Soldier", 10852)
upgrade(-21.8, 2.4, -0.5, 11602)
upgrade(-21.8, 2.4, -0.5, 11452)
upgrade(-21.8, 2.4, -0.5, 10953)
upgrade(-21.8, 2.4, -0.5, 7202)
upgrade(-21.8, 2.4, -0.5, 7202)
upgrade(-21.8, 2.4, -0.5, 7202)