-- ZEPHYR_META: {"authorId":"1096013871778648086","authorTag":"_poshel_nahui","createdAt":"2026-06-17T06:49:33.724Z","updatedAt":"2026-06-17T06:49:33.724Z"}
-- NOTE: no
upgrade(0.4, -21.1, 1, -150, 5.61)
upgrade(0.4, -21.1, 1, -950, 20.52)
place(0.6, 1.0, -18.0, "Soldier", -950, 35.48)
upgrade(0.6, -18.0, 1, -1100, 37.53)
upgrade(0.6, -18.0, 1, -1900, 53.10)
place(-5.0, 1.0, -21.0, "Soldier", -1900, 59.36)
upgrade(-5.0, -21.0, 1, -2050, 70.09)
upgrade(-5.0, -21.0, 1, -2850, 71.15)
place(-5.1, 1.0, -17.9, "Soldier", -2850, 93.08)
upgrade(-5.1, -17.9, 1, -3000, 94.50)
upgrade(-5.1, -17.9, 1, -3800, 95.02)
place(0.5, 1.0, -24.2, "Soldier", -3800, 106.85)
upgrade(0.5, -24.2, 1, -3950, 113.13)
upgrade(0.5, -24.2, 1, -4750, 113.87)
place(-5.0, 1.0, -24.0, "Soldier", -4750, 118.04)
upgrade(-5.0, -24.0, 1, -4900, 119.57)
upgrade(-5.0, -24.0, 1, -5700, 136.59)
place(3.6, 1.0, -24.2, "Soldier", -5700, 139.21)
upgrade(3.6, -24.2, 1, -5850, 140.43)
upgrade(3.6, -24.2, 1, -6650, 143.88)
place(3.4, 1.0, -21.1, "Soldier", -6650, 153.73)
upgrade(3.4, -21.1, 1, -6800, 155.04)
place(3.6, 1.0, -18.1, "Soldier", -7600, 157.81)
upgrade(3.6, -18.1, 1, -7750, 159.30)
upgrade(3.6, -18.1, 1, -8550, 175.19)
place(-8.1, 1.0, -23.9, "Soldier", -8550, 178.31)
upgrade(-8.1, -23.9, 1, -8700, 179.53)
place(-8.1, 1.0, -20.8, "Soldier", -9500, 182.66)
upgrade(-8.1, -20.8, 1, -9650, 184.32)
upgrade(-8.1, -20.8, 1, -10450, 196.77)
place(-8.2, 1.0, -17.7, "Soldier", -10450, 199.28)
upgrade(-8.2, -17.7, 1, -10600, 200.52)
upgrade(-8.2, -17.7, 1, -11400, 200.93)
place(0.7, 1.0, -14.9, "Soldier", -11400, 205.32)
upgrade(0.7, -14.9, 1, -11550, 206.86)
upgrade(0.7, -14.9, 1, -12350, 217.60)
place(3.7, 1.0, -15.1, "Soldier", -12350, 224.21)
upgrade(3.7, -15.1, 1, -12500, 225.32)
place(-5.0, 1.0, -14.8, "Soldier", -13300, 227.72)
upgrade(-5.0, -14.8, 1, -13450, 228.92)
place(-8.1, 1.0, -14.7, "Soldier", -14250, 234.45)
upgrade(-8.1, -14.7, 1, -14400, 236.49)
upgrade(-8.1, -14.7, 1, -15200, 239.75)
upgrade(0.5, -24.2, 1, -18950, 264.61)
upgrade(-5.0, -24.0, 1, -22700, 289.61)
upgrade(-8.1, -23.9, 1, -26450, 300.67)
upgrade(3.6, -24.2, 1, -30200, 312.76)
upgrade(-5.0, -21.0, 1, -33950, 333.77)
upgrade(0.4, -21.1, 1, -37700, 338.56)
upgrade(3.4, -21.1, 1, -41450, 360.83)
upgrade(-8.1, -20.8, 1, -45200, 364.00)
upgrade(0.6, -18.0, 1, -48950, 383.77)
upgrade(-5.1, -17.9, 1, -52700, 387.61)
upgrade(3.6, -18.1, 1, -56450, 408.50)
upgrade(-8.2, -17.7, 1, -60200, 418.90)
upgrade(0.7, -14.9, 1, -63950, 421.59)
upgrade(-5.0, -14.8, 1, -67700, 422.92)
upgrade(-8.1, -14.7, 1, -71450, 424.68)
upgrade(3.7, -15.1, 1, -75200, 427.16)
upgrade(0.5, -24.2, 1, -87200, 435.55)