-- ZEPHYR_META: {"authorId":"1257262151048106045","authorTag":"coprosion","category":"community","official":false,"createdAt":"2026-07-08T16:18:44.134Z","updatedAt":"2026-07-08T16:18:44.134Z"}
timescale(1.50, 6.73)
timescale(2.00, 7.55)
skip(0, 25.41)
place(0.3, 0.9, -37.3, "Soldier", 0, 29.76)
upgrade(0.3, -37.3, 1, -150, 45.51)
upgrade(0.3, -37.3, 1, -950, 48.29)
place(3.3, 0.9, -38.0, "Soldier", -950, 67.70)
upgrade(3.3, -38.0, 1, -1100, 77.31)
upgrade(3.3, -38.0, 1, -1900, 83.10)
place(0.3, 1.0, -34.1, "Soldier", -1900, 90.35)
upgrade(0.3, -34.1, 1, -2050, 92.66)
upgrade(0.3, -34.1, 1, -2850, 94.23)
place(3.4, 1.0, -34.9, "Soldier", -2850, 115.82)
upgrade(3.4, -34.9, 1, -3000, 117.54)
upgrade(3.4, -34.9, 1, -3800, 118.51)
place(0.4, 1.0, -30.8, "Soldier", -3800, 131.19)
upgrade(0.4, -30.8, 1, -3950, 132.87)
upgrade(0.4, -30.8, 1, -4750, 135.26)
place(3.5, 1.0, -31.6, "Soldier", -4750, 138.60)
upgrade(3.5, -31.6, 1, -4900, 151.50)
upgrade(3.5, -31.6, 1, -5700, 152.90)
place(-4.5, 0.9, -36.7, "Soldier", -5700, 157.91)
upgrade(-4.5, -36.7, 1, -5850, 166.20)
upgrade(-4.5, -36.7, 1, -6650, 167.61)
place(-7.6, 0.9, -36.1, "Soldier", -6650, 170.92)
upgrade(-7.6, -36.1, 1, -6800, 172.96)
upgrade(-7.6, -36.1, 1, -7600, 174.72)
place(-5.1, 1.0, -33.5, "Soldier", -7600, 180.37)
upgrade(-5.1, -33.5, 1, -7750, 186.04)
upgrade(-5.1, -33.5, 1, -8550, 187.55)
place(-8.4, 0.9, -32.9, "Soldier", -8550, 193.91)
upgrade(-8.4, -32.9, 1, -8700, 197.80)
upgrade(-8.4, -32.9, 1, -9500, 199.57)
place(-5.0, 1.0, -30.2, "Soldier", -9500, 205.19)
upgrade(-5.0, -30.2, 1, -9650, 207.98)
upgrade(-5.0, -30.2, 1, -10450, 209.13)
place(-8.2, 1.0, -29.8, "Soldier", -10450, 213.76)
upgrade(-8.2, -29.8, 1, -10600, 217.56)
upgrade(-8.2, -29.8, 1, -11400, 218.89)
place(6.4, 1.0, -37.0, "Soldier", -11400, 223.48)
upgrade(6.4, -37.0, 1, -11550, 226.55)
upgrade(6.4, -37.0, 1, -12350, 228.03)
place(6.3, 1.0, -33.6, "Soldier", -12350, 231.17)
upgrade(6.3, -33.6, 1, -12500, 232.81)
upgrade(6.3, -33.6, 1, -13300, 233.99)
upgrade(0.4, -30.8, 1, -17050, 244.20)
upgrade(0.3, -34.1, 1, -20800, 274.52)
upgrade(0.3, -37.3, 1, -24550, 293.50)
upgrade(3.5, -31.6, 1, -28300, 312.67)
upgrade(3.4, -34.9, 1, -32050, 316.44)
upgrade(3.3, -38.0, 1, -35800, 338.87)
upgrade(-5.0, -30.2, 1, -39550, 352.07)
upgrade(-5.1, -33.5, 1, -43300, 361.42)
upgrade(-8.2, -29.8, 1, -47050, 382.72)
upgrade(-8.4, -32.9, 1, -50800, 386.51)
upgrade(-4.5, -36.7, 1, -54550, 398.13)
upgrade(-7.6, -36.1, 1, -58300, 410.77)
upgrade(6.3, -33.6, 1, -62050, 416.08)
upgrade(6.4, -37.0, 1, -65800, 420.65)
upgrade(0.4, -30.8, 1, -77800, 424.94)
upgrade(-5.0, -30.2, 1, -89800, 429.80)