-- ZEPHYR_META: {"authorId":"1257262151048106045","authorTag":"coprosion","category":"community","official":false,"createdAt":"2026-07-09T15:08:59.977Z","updatedAt":"2026-07-09T15:08:59.977Z"}
upgrade(1.5, -37.2, 1, -150, 6.43)
timescaleunlock(7.76)
timescale(1.50, 8.88)
timescale(2.00, 9.69)
upgrade(1.5, -37.2, 1, -950, 28.34)
place(4.8, 0.9, -37.0, "Soldier", -950, 36.33)
upgrade(4.8, -37.0, 1, -1100, 40.15)
upgrade(4.8, -37.0, 1, -1900, 55.96)
place(1.4, 1.0, -34.1, "Soldier", -1900, 66.15)
upgrade(1.4, -34.1, 1, -2050, 68.74)
upgrade(1.4, -34.1, 1, -2850, 69.96)
place(4.6, 1.0, -33.8, "Soldier", -2850, 86.23)
upgrade(4.6, -33.8, 1, -3000, 88.30)
upgrade(4.6, -33.8, 1, -3800, 89.29)
place(-5.7, 1.0, -35.6, "Soldier", -3800, 103.37)
upgrade(-5.7, -35.6, 1, -3950, 111.20)
upgrade(-5.7, -35.6, 1, -4750, 112.28)
place(-5.8, 1.0, -32.3, "Soldier", -4750, 123.26)
upgrade(-5.8, -32.3, 1, -4900, 126.56)
upgrade(-5.8, -32.3, 1, -5700, 127.95)
place(-8.5, 0.9, -33.8, "Soldier", -5700, 136.39)
upgrade(-8.5, -33.8, 1, -5850, 138.71)
upgrade(-8.5, -33.8, 1, -6650, 139.64)
place(-5.6, 1.0, -29.0, "Soldier", -6650, 143.66)
upgrade(-5.6, -29.0, 1, -6800, 148.75)
upgrade(-5.6, -29.0, 1, -7600, 152.11)
place(-8.8, 1.0, -30.6, "Soldier", -7600, 157.48)
upgrade(-8.8, -30.6, 1, -7750, 160.00)
upgrade(-8.8, -30.6, 1, -8550, 160.83)
place(-8.4, 1.0, -27.4, "Soldier", -8550, 166.02)
upgrade(-8.4, -27.4, 1, -8700, 168.12)
upgrade(-8.4, -27.4, 1, -9500, 169.00)
place(1.3, 1.0, -30.7, "Soldier", -9500, 176.35)
upgrade(1.3, -30.7, 1, -9650, 178.88)
upgrade(1.3, -30.7, 1, -10450, 179.68)
place(4.6, 1.0, -30.5, "Soldier", -10450, 187.76)
upgrade(4.6, -30.5, 1, -10600, 189.88)
upgrade(4.6, -30.5, 1, -11400, 194.81)
upgrade(1.5, -37.2, 1, -15150, 216.19)
upgrade(4.8, -37.0, 1, -18900, 245.55)
upgrade(1.4, -34.1, 1, -22650, 259.17)
upgrade(4.6, -33.8, 1, -26400, 270.81)
upgrade(1.3, -30.7, 1, -30150, 287.95)
upgrade(4.6, -30.5, 1, -33900, 297.33)
upgrade(-5.7, -35.6, 1, -37650, 310.14)
upgrade(-8.5, -33.8, 1, -41400, 335.66)
upgrade(-5.8, -32.3, 1, -45150, 344.19)
upgrade(-8.8, -30.6, 1, -48900, 355.08)
upgrade(-5.6, -29.0, 1, -52650, 360.62)
upgrade(-8.4, -27.4, 1, -56400, 364.43)
place(8.3, 1.0, -37.3, "Soldier", -56400, 368.78)
upgrade(8.3, -37.3, 1, -56550, 372.86)
upgrade(8.3, -37.3, 1, -57350, 376.20)
upgrade(8.3, -37.3, 1, -61100, 381.52)
place(8.0, 1.0, -33.7, "Soldier", -61100, 384.51)
upgrade(8.0, -33.7, 1, -61250, 386.49)
upgrade(8.0, -33.7, 1, -62050, 388.06)
upgrade(8.0, -33.7, 1, -65800, 390.64)
place(7.9, 1.0, -30.2, "Soldier", -65800, 392.79)
upgrade(7.9, -30.2, 1, -65950, 394.77)
upgrade(7.9, -30.2, 1, -66750, 396.12)
upgrade(7.9, -30.2, 1, -70500, 397.44)
upgrade(7.9, -30.2, 1, -82500, 400.88)