-- ZEPHYR_META: {"authorId":"1079434858616598558","authorTag":"tuffteemu","createdAt":"2026-06-08T13:25:00.871Z","updatedAt":"2026-06-08T13:25:00.871Z"}
place(0.7, 1.0, -33.4, "Soldier", 0, 0.40)
place(0.7, 1.0, -30.2, "Soldier", 0, 10.42)
place(1.0, 1.0, -36.4, "Soldier", 0, 19.79)
place(0.7, 1.0, -27.1, "Soldier", 0, 31.49)
upgrade(1.0, -36.4, 1, -100, 39.26)
upgrade(1.0, -36.4, 1, -800, 46.88)
upgrade(0.7, -33.4, 1, -900, 50.41)
upgrade(0.7, -33.4, 1, -1600, 61.77)
upgrade(0.7, -30.2, 1, -1700, 63.56)
upgrade(0.7, -30.2, 1, -2400, 64.68)
upgrade(0.7, -27.1, 1, -2500, 78.93)
upgrade(0.7, -27.1, 1, -3200, 84.53)
place(4.0, 1.0, -36.4, "Soldier", -3200, 90.64)
upgrade(4.0, -36.4, 1, -3300, 93.09)
upgrade(4.0, -36.4, 1, -4000, 101.04)
place(3.9, 1.0, -33.4, "Soldier", -4000, 103.68)
upgrade(3.9, -33.4, 1, -4100, 104.97)
upgrade(3.9, -33.4, 1, -4800, 113.16)
place(4.0, 1.0, -30.1, "Soldier", -4800, 126.53)
upgrade(4.0, -30.1, 1, -4900, 127.80)
upgrade(4.0, -30.1, 1, -5600, 129.17)
place(4.0, 1.0, -27.0, "Soldier", -5600, 133.44)
upgrade(4.0, -27.0, 1, -5700, 136.57)
upgrade(4.0, -27.0, 1, -6400, 141.01)
place(0.5, 1.0, -24.1, "Soldier", -6400, 159.25)
upgrade(0.5, -24.1, 1, -6500, 160.18)
upgrade(0.5, -24.1, 1, -7200, 161.84)
place(3.7, 1.0, -24.0, "Soldier", -7200, 164.34)
upgrade(3.7, -24.0, 1, -7300, 165.45)
upgrade(3.7, -24.0, 1, -8000, 166.62)
place(-6.2, 1.0, -35.6, "Soldier", -8000, 180.58)
upgrade(-6.2, -35.6, 1, -8100, 182.04)
upgrade(-6.2, -35.6, 1, -8800, 183.51)
place(-6.4, 1.0, -32.4, "Soldier", -8800, 186.62)
upgrade(-6.4, -32.4, 1, -8900, 187.84)
upgrade(-6.4, -32.4, 1, -9600, 189.04)
place(-6.4, 1.0, -29.2, "Soldier", -9600, 198.40)
upgrade(-6.4, -29.2, 1, -9700, 199.14)
upgrade(-6.4, -29.2, 1, -12250, 199.52)
place(-6.4, 1.0, -26.0, "Soldier", -10400, 203.81)
upgrade(-6.4, -26.0, 1, -10500, 205.13)
upgrade(-6.4, -26.0, 1, -11200, 205.58)
place(-6.3, 1.0, -22.9, "Soldier", -11200, 214.27)
upgrade(-6.3, -22.9, 1, -11300, 215.03)
upgrade(-6.3, -22.9, 1, -12000, 216.02)
place(-9.4, 1.0, -31.7, "Soldier", -12000, 219.46)
upgrade(-9.4, -31.7, 1, -12100, 220.18)
upgrade(-9.4, -31.7, 1, -12800, 221.03)
place(-9.4, 1.0, -28.4, "Soldier", -12800, 222.55)
upgrade(-9.4, -28.4, 1, -12900, 223.27)
upgrade(-9.4, -28.4, 1, -13600, 224.11)
place(-9.4, 1.0, -25.4, "Soldier", -13600, 226.32)
upgrade(-9.4, -25.4, 1, -13700, 227.02)
upgrade(-9.4, -25.4, 1, -14400, 227.70)
upgrade(-6.2, -35.6, 1, -16250, 232.26)
upgrade(-6.4, -32.4, 1, -18100, 248.30)
upgrade(-6.4, -29.2, 1, -19950, 257.90)
upgrade(1.0, -36.4, 1, -21800, 267.52)
upgrade(0.7, -33.4, 1, -23650, 269.86)
upgrade(0.7, -30.2, 1, -25500, 280.31)
upgrade(0.7, -27.1, 1, -27350, 288.51)
upgrade(4.0, -36.4, 1, -29200, 290.47)
upgrade(3.9, -33.4, 1, -31050, 299.66)
upgrade(4.0, -30.1, 1, -32900, 315.30)
upgrade(4.0, -27.0, 1, -34750, 316.58)
upgrade(3.7, -24.0, 1, -36600, 320.30)
upgrade(0.5, -24.1, 1, -38450, 332.26)
upgrade(-6.4, -26.0, 1, -40300, 341.90)
upgrade(-6.3, -22.9, 1, -42150, 343.66)
upgrade(-9.4, -31.7, 1, -44000, 345.04)
upgrade(-9.4, -28.4, 1, -45850, 356.41)
upgrade(-9.4, -25.4, 1, -47700, 361.14)
upgrade(-6.2, -35.6, 1, -53700, 382.72)
upgrade(-6.4, -32.4, 1, -59700, 391.30)
upgrade(-6.4, -29.2, 1, -65700, 396.82)
upgrade(-6.4, -26.0, 1, -71700, 400.41)
upgrade(-6.3, -22.9, 1, -77700, 404.76)
upgrade(-9.4, -25.4, 1, -83700, 406.37)
upgrade(-9.4, -28.4, 1, -89700, 409.26)