place(-23.3, 1.7, -5.0, "Scout", 0, 0.79)
upgrade(-23.3, -5.0, 1, -50, 1.73)
place(-22.4, 1.5, -1.3, "Scout", -50, 4.30)
upgrade(-22.4, -1.3, 1, -100, 5.20)
place(-16.2, 0.6, 1.5, "Scout", -100, 6.83)
upgrade(-16.2, 1.5, 1, -150, 10.00)
target(-16.2, 1.5, "Random", 11.95)
place(-24.2, 6.8, 1.9, "Sniper", -150, 14.75)
place(-24.1, 6.8, 1.9, "Sniper", -150, 16.36)
place(-24.1, 6.8, 1.9, "Sniper", -150, 20.00)
place(-26.6, 1.8, -5.4, "Scout", -150, 24.51)
upgrade(-26.6, -5.4, 1, -200, 25.46)
upgrade(-26.6, -5.4, 1, -575, 26.30)
place(-26.0, 1.7, -1.1, "Scout", -575, 41.27)
upgrade(-26.0, -1.1, 1, -625, 42.10)
upgrade(-26.0, -1.1, 1, -1000, 42.29)
upgrade(-26.0, -1.1, 1, -1375, 42.48)
sell(-26.6, -5.4, 48.56)
sell(-26.0, -1.1, 50.00)
sell(-23.3, -5.0, 51.66)
sell(-22.4, -1.3, 52.56)
skip(4, 63.05)
skip(5, 105.92)
sell(-16.2, 1.5, 120.77)