place(-11.7, 1.0, -5.8, "Scout", 0, 1.01)
place(-12.5, 1.0, -2.7, "Scout", 0, 2.34)
place(-13.2, 1.0, 0.6, "Scout", 0, 3.23)
place(-9.5, 1.0, 0.9, "Scout", 0, 5.42)
sell(-9.5, 0.9, 6.33)
sell(-13.2, 0.6, 7.16)
sell(-12.5, -2.7, 7.96)
target(-11.7, -5.8, "Random", 9.79)
sell(-11.7, -5.8, 10.08)
place(-10.8, 1.0, -2.2, "Scout", 0, 11.52)
upgrade(-10.8, -2.2, 1, -50, 12.05)
place(-10.0, 1.0, 2.9, "Scout", -50, 13.26)
sell(-10.0, 2.9, 13.88)
sell(-10.0, 2.9, 14.08)
sell(-10.8, -2.2, 14.55)
sell(-10.8, -2.2, 14.77)
place(-10.7, 1.0, -4.5, "Scout", -50, 15.15)
upgrade(-10.7, -4.5, 1, -100, 15.84)
sell(-10.7, -4.5, 16.08)
place(-8.3, 1.0, -3.7, "Scout", -100, 17.10)
place(-8.9, 1.0, -3.8, "Scout", -100, 18.45)