place(-125.565, -44.536, 15.705, "Soldier", 500)
upgrade(-125.565, -43.186, 15.705, 100)
place(-124.819, -44.536, 19.162, "Soldier", 725)
upgrade(-124.819, -43.186, 19.162, 447)
upgrade(-124.819, -43.186, 19.162, 398)
upgrade(-125.565, -43.186, 15.705, 1170)
upgrade(-124.819, -43.186, 19.162, 1415)
place(-132.040, -44.536, 14.297, "Soldier", 765)
place(-132.496, -44.536, 17.343, "Soldier", 365)
upgrade(-132.040, -43.186, 14.297, 375)
place(-131.850, -44.536, 9.503, "Soldier", 400)
upgrade(-131.850, -43.186, 9.503, 845)
upgrade(-131.850, -43.186, 9.503, 1074)
upgrade(-131.850, -43.186, 9.503, 1838)
place(-125.632, -44.536, 11.350, "Soldier", 688)
upgrade(-125.632, -43.186, 11.350, 1388)
upgrade(-125.632, -43.186, 11.350, 1339)
place(-123.335, -44.536, 13.413, "Soldier", 1158)
upgrade(-123.335, -43.186, 13.413, 774)
upgrade(-123.335, -43.186, 13.413, 724)
upgrade(-125.632, -43.186, 11.350, 1399)
upgrade(-132.040, -43.186, 14.297, 2313)
upgrade(-132.040, -43.186, 14.297, 1674)
upgrade(-123.335, -43.186, 13.413, 2369)
upgrade(-124.819, -43.186, 19.162, 1561)
upgrade(-125.565, -43.186, 15.705, 3456)
place(-131.804, -44.536, 17.489, "Soldier", 2346)
upgrade(-131.804, -43.186, 17.489, 2006)
upgrade(-131.804, -43.186, 17.489, 1956)
upgrade(-131.804, -43.186, 17.489, 1575)
place(-134.005, -44.536, 11.904, "Soldier", 2942)
upgrade(-134.005, -43.186, 11.904, 2542)
upgrade(-134.005, -43.186, 11.904, 2494)
upgrade(-134.005, -43.186, 11.904, 1874)
place(-133.766, -44.536, 6.680, "Soldier", 842)
place(-134.597, -44.536, 18.854, "Soldier", 592)
place(-132.640, -44.536, 21.231, "Soldier", 192)
upgrade(-133.766, -43.186, 6.680, 522)
upgrade(-133.766, -43.186, 6.680, 2868)
upgrade(-133.766, -43.186, 6.680, 2236)
upgrade(-133.766, -43.186, 6.680, 1591)
upgrade(-134.597, -43.186, 18.854, 1587)
upgrade(-134.597, -43.186, 18.854, 1569)
upgrade(-134.597, -43.186, 18.854, 1558)
place(-122.551, -44.536, 16.794, "Soldier", 4795)
upgrade(-122.551, -43.186, 16.794, 4618)
upgrade(-122.551, -43.186, 16.794, 4569)
upgrade(-122.551, -43.186, 16.794, 3918)
place(-125.423, -44.536, 6.028, "Soldier", 4817)
upgrade(-125.423, -43.186, 6.028, 5348)
upgrade(-125.423, -43.186, 6.028, 5298)
upgrade(-125.423, -43.186, 6.028, 4655)
upgrade(-133.766, -43.186, 6.680, 9408)
upgrade(-131.850, -43.186, 9.503, 5108)
upgrade(-134.005, -43.186, 11.904, 5064)
place(-123.538, -44.536, 22.108, "Soldier", 1436)
upgrade(-123.538, -43.186, 22.108, 1492)
upgrade(-123.538, -43.186, 22.108, 1443)
upgrade(-123.538, -43.186, 22.108, 828)
place(-133.167, -44.536, 22.823, "Soldier", 912)
upgrade(-133.167, -43.186, 22.823, 632)
upgrade(-133.167, -43.186, 22.823, 583)
upgrade(-123.538, -43.186, 22.108, 1703)
place(-121.131, -44.536, 19.598, "Soldier", 5773)
upgrade(-121.131, -43.186, 19.598, 5723)
upgrade(-121.131, -43.186, 19.598, 5816)
upgrade(-121.131, -43.186, 19.598, 5525)
upgrade(-121.131, -43.186, 19.598, 5971)
upgrade(-125.632, -43.186, 11.350, 5465)
upgrade(-125.423, -43.186, 6.028, 4674)
upgrade(-132.040, -43.186, 14.297, 5018)
upgrade(-123.335, -43.186, 13.413, 5735)
upgrade(-125.565, -43.186, 15.705, 12231)
upgrade(-133.167, -43.186, 22.823, 9936)
upgrade(-133.167, -43.186, 22.823, 9339)
upgrade(-133.167, -43.186, 22.823, 7999)
upgrade(-133.167, -43.186, 22.823, 3145)
place(-120.252, -44.536, 23.197, "Soldier", 3141)
upgrade(-120.252, -43.186, 23.197, 4041)
upgrade(-120.252, -43.186, 23.197, 4242)
upgrade(-120.252, -43.186, 23.197, 3697)
place(-135.703, -44.536, 9.138, "Soldier", 3741)
upgrade(-135.703, -43.186, 9.138, 5060)
upgrade(-135.703, -43.186, 9.138, 5452)
upgrade(-135.703, -43.186, 9.138, 4812)
place(-124.611, -44.536, 29.686, "Soldier", 3742)
upgrade(-124.611, -43.186, 29.686, 3506)
upgrade(-124.611, -43.186, 29.686, 3457)
upgrade(-124.611, -43.186, 29.686, 2981)
upgrade(-124.611, -43.186, 29.686, 1614)
place(-132.669, -44.536, 29.769, "Soldier", 1756)
upgrade(-132.669, -43.186, 29.769, 1356)
upgrade(-132.669, -43.186, 29.769, 1455)
upgrade(-132.669, -43.186, 29.769, 907)
upgrade(-132.669, -43.186, 29.769, 9356)
upgrade(-132.669, -43.186, 29.769, 8020)
place(-118.140, -44.536, 20.010, "Soldier", 3571)
upgrade(-118.140, -43.186, 20.010, 3955)
upgrade(-118.140, -43.186, 20.010, 3916)
upgrade(-118.140, -43.186, 20.010, 3269)
upgrade(-118.140, -43.186, 20.010, 2244)
upgrade(-118.140, -43.186, 20.010, 5481)
upgrade(-122.551, -43.186, 16.794, 15913)
upgrade(-124.819, -43.186, 19.162, 10913)
upgrade(-123.538, -43.186, 22.108, 6063)
upgrade(-120.252, -43.186, 23.197, 11241)
upgrade(-124.611, -43.186, 29.686, 6296)
place(-121.449, -44.536, 29.880, "Soldier", 2190)
place(-121.624, -44.536, 33.082, "Soldier", 2696)
upgrade(-121.449, -43.186, 29.880, 3856)
upgrade(-121.449, -43.186, 29.880, 3807)
upgrade(-121.449, -43.186, 29.880, 3755)
upgrade(-121.624, -43.186, 33.082, 2856)
upgrade(-121.624, -43.186, 33.082, 2807)
upgrade(-121.624, -43.186, 33.082, 2302)
place(-136.359, -44.536, 21.682, "Soldier", 1106)
upgrade(-136.359, -43.186, 21.682, 1852)
upgrade(-136.359, -43.186, 21.682, 1806)
upgrade(-136.359, -43.186, 21.682, 10145)
upgrade(-136.359, -43.186, 21.682, 9130)
upgrade(-121.449, -43.186, 29.880, 9051)
upgrade(-121.624, -43.186, 33.082, 5901)
place(-133.424, -44.486, 33.273, "Soldier", 901)
upgrade(-133.424, -43.136, 33.273, 1831)
upgrade(-133.424, -43.136, 33.273, 1802)
place(-135.695, -44.536, 30.505, "Soldier", 1151)
upgrade(-135.695, -43.186, 30.505, 1126)
upgrade(-135.695, -43.186, 30.505, 847)
upgrade(-133.424, -43.136, 33.273, 4979)
upgrade(-133.424, -43.136, 33.273, 8161)
place(-118.267, -44.536, 30.668, "Soldier", 4760)
upgrade(-118.267, -43.186, 30.668, 4860)
upgrade(-118.267, -43.186, 30.668, 13377)
upgrade(-118.267, -43.186, 30.668, 13215)
upgrade(-118.267, -43.186, 30.668, 11873)
upgrade(-118.267, -43.186, 30.668, 7011)
upgrade(-134.597, -43.186, 18.854, 12687)
upgrade(-131.804, -43.186, 17.489, 9186)
place(-116.664, -44.536, 23.122, "Soldier", 5387)
upgrade(-116.664, -43.186, 23.122, 5360)
upgrade(-116.664, -43.186, 23.122, 5312)
upgrade(-116.664, -43.186, 23.122, 4664)
upgrade(-116.664, -43.186, 23.122, 20762)
place(-124.788, -44.486, 33.153, "Soldier", 15762)
upgrade(-124.788, -43.136, 33.153, 15367)
upgrade(-124.788, -43.136, 33.153, 15317)
upgrade(-124.788, -43.136, 33.153, 14679)
upgrade(-124.788, -43.136, 33.153, 13350)
place(-118.214, -44.536, 33.986, "Soldier", 8622)
upgrade(-118.214, -43.186, 33.986, 8421)
upgrade(-118.214, -43.186, 33.986, 8520)
upgrade(-118.214, -43.186, 33.986, 7891)
upgrade(-118.214, -43.186, 33.986, 6521)
place(-136.834, -44.536, 33.584, "Soldier", 1671)
upgrade(-136.834, -43.186, 33.584, 1421)
upgrade(-136.834, -43.186, 33.584, 1520)
upgrade(-136.834, -43.186, 33.584, 882)
upgrade(-136.834, -43.186, 33.584, 23421)
upgrade(-136.834, -43.186, 33.584, 22094)
upgrade(-135.695, -43.186, 30.505, 17071)
upgrade(-135.695, -43.186, 30.505, 15758)
place(-115.207, -44.536, 30.056, "Soldier", 11037)
upgrade(-115.207, -43.186, 30.056, 11088)
upgrade(-115.207, -43.186, 30.056, 11275)
upgrade(-115.207, -43.186, 30.056, 10646)
upgrade(-115.207, -43.186, 30.056, 9353)
place(-139.447, -44.536, 30.289, "Soldier", 4776)
upgrade(-139.447, -43.186, 30.289, 12035)
upgrade(-139.447, -43.186, 30.289, 11985)
upgrade(-139.447, -43.186, 30.289, 11346)
upgrade(-139.447, -43.186, 30.289, 10050)
upgrade(-135.703, -43.186, 9.138, 18620)
place(-114.824, -44.536, 33.192, "Soldier", 14015)
upgrade(-114.824, -43.186, 33.192, 13990)
upgrade(-114.824, -43.186, 33.192, 13940)
upgrade(-114.824, -43.186, 33.192, 13297)
upgrade(-114.824, -43.186, 33.192, 12063)
place(-115.148, -44.536, 20.365, "Soldier", 7315)
upgrade(-115.148, -43.186, 20.365, 6915)
upgrade(-115.148, -43.186, 20.365, 6865)
upgrade(-115.148, -43.186, 20.365, 6226)
upgrade(-115.148, -43.186, 20.365, 5257)
place(-122.553, -44.536, 36.377, "Soldier", 49539)
upgrade(-122.553, -43.186, 36.377, 49139)
upgrade(-122.553, -43.186, 36.377, 49091)
upgrade(-122.553, -43.186, 36.377, 48473)
upgrade(-122.553, -43.186, 36.377, 47162)
place(-140.995, -44.536, 33.552, "Soldier", 42089)
upgrade(-140.995, -43.186, 33.552, 41689)
upgrade(-140.995, -43.186, 33.552, 41641)
upgrade(-140.995, -43.186, 33.552, 41000)
upgrade(-140.995, -43.186, 33.552, 39679)
upgrade(-140.995, -43.186, 33.552, 34726)
place(-112.081, -44.536, 31.039, "Soldier", 42639)
upgrade(-112.081, -43.186, 31.039, 42239)
upgrade(-112.081, -43.186, 31.039, 42191)
upgrade(-112.081, -43.186, 31.039, 41549)
upgrade(-112.081, -43.186, 31.039, 40253)
upgrade(-112.081, -43.186, 31.039, 35597)
place(-112.581, -44.536, 21.986, "Soldier", 35189)
upgrade(-112.581, -43.186, 21.986, 34789)
upgrade(-112.581, -43.186, 21.986, 34741)
upgrade(-112.581, -43.186, 21.986, 34100)
upgrade(-112.581, -43.186, 21.986, 32741)
place(-109.358, -44.536, 20.666, "Soldier", 27739)
upgrade(-109.358, -43.186, 20.666, 27339)
upgrade(-109.358, -43.186, 20.666, 27291)
upgrade(-109.358, -43.186, 20.666, 26640)
upgrade(-109.358, -43.186, 20.666, 25329)
place(-111.489, -44.536, 34.096, "Soldier", 28289)
upgrade(-111.489, -43.186, 34.096, 27889)
upgrade(-111.489, -43.186, 34.096, 27841)
upgrade(-111.489, -43.186, 34.096, 27195)
upgrade(-111.489, -43.186, 34.096, 25914)
place(-116.188, -44.536, 36.373, "Soldier", 20839)
