place(-9.867, 94.752, -7.869, "Pyromancer", 4100)
place(-15.810, 94.753, -64.223, "Pyromancer", 3200)
upgrade(-15.810, 96.103, -64.223, 2300)
upgrade(-15.810, 96.103, -64.223, 1975)
upgrade(-9.867, 96.102, -7.869, 975)
upgrade(-9.867, 96.102, -7.869, 1746)
place(-4.337, 94.753, -59.362, "Crook Boss", 1868)
place(-21.022, 94.752, -12.286, "Crook Boss", 1770)
upgrade(-21.022, 96.102, -12.286, 1189)
upgrade(-4.337, 96.103, -59.362, 1573)
place(-29.923, 94.752, -11.525, "Crook Boss", 1695)
upgrade(-29.923, 96.102, -11.525, 1707)
place(2.217, 94.753, -59.421, "Crook Boss", 2615)
upgrade(2.217, 96.103, -59.421, 3466)
place(-1.350, 94.753, -60.015, "Crook Boss", 2339)
upgrade(-1.350, 96.103, -60.015, 2021)
upgrade(-15.810, 96.103, -64.223, 3319)
upgrade(-9.867, 96.102, -7.869, 2053)
place(-14.079, 94.752, -12.209, "Tesla", 5112)
upgrade(-14.079, 96.100, -12.209, 2893)
place(-8.627, 94.753, -72.111, "Tesla", 2668)
upgrade(-8.627, 96.101, -72.111, 2825)
place(-24.408, 94.752, -16.285, "Minigunner", 3521)
upgrade(-24.408, 96.102, -16.285, 2312)
upgrade(-24.408, 96.102, -16.285, 1912)
place(-24.408, 94.752, -20.021, "Minigunner", 2331)
upgrade(-24.408, 96.102, -20.021, 3260)
upgrade(-24.408, 96.102, -20.021, 2860)