-- NOTE: spotlight required, thats all.
place(9.142, 1.000, 10.078, "Cowboy", 600)
upgrade(9.142, 2.350, 10.078, 150)
place(9.109, 1.000, 7.518, "Cowboy", 528)
upgrade(9.109, 2.350, 7.518, 545)
upgrade(9.142, 2.350, 10.078, 1236)
upgrade(9.109, 2.350, 7.518, 1313)
place(8.895, 1.000, 4.995, "Cowboy", 683)
upgrade(8.895, 2.350, 4.995, 273)
upgrade(8.895, 2.350, 4.995, 1027)
place(8.948, 1.000, 2.435, "Cowboy", 487)
upgrade(8.948, 2.350, 2.435, 197)
upgrade(8.948, 2.350, 2.435, 1242)
place(2.509, 4.686, 8.154, "Mortar", 1252)
upgrade(2.509, 6.036, 8.154, 1452)
place(8.918, 1.000, -0.162, "Cowboy", 3016)
upgrade(8.918, 2.350, -0.162, 2606)
upgrade(8.918, 2.350, -0.162, 2457)
place(8.917, 1.000, -2.805, "Cowboy", 1891)
upgrade(8.917, 2.350, -2.805, 1536)
upgrade(8.917, 2.350, -2.805, 1387)
place(-1.028, 4.686, 7.406, "Mortar", 1075)
upgrade(-1.028, 6.036, 7.406, 548)
place(9.822, 3.196, -12.613, "Mortar", 1684)
upgrade(9.822, 4.546, -12.613, 814)
place(0.394, 3.664, 3.713, "Spotlight Tech", 3986)
SetTarget(1.273, 5.037, 3.713, "Random")
upgrade(1.273, 5.037, 3.713, 2535)
upgrade(1.273, 5.037, 3.713, 4923)
upgrade(9.822, 4.546, -12.613, 6718)
upgrade(9.822, 4.546, -12.613, 5613)
place(15.548, 1.000, 9.946, "Crook Boss", 5192)
upgrade(15.548, 2.350, 9.946, 3722)
upgrade(15.548, 2.350, 9.946, 3512)
upgrade(-1.028, 6.036, 7.406, 2632)
upgrade(2.509, 6.036, 8.154, 2702)
place(15.592, 1.000, 6.927, "Crook Boss", 5136)
upgrade(15.592, 2.350, 6.927, 4051)
upgrade(15.592, 2.350, 6.927, 4593)
place(15.672, 1.000, 3.851, "Crook Boss", 5823)
upgrade(15.672, 2.350, 3.851, 4263)
upgrade(15.672, 2.350, 3.851, 3543)
upgrade(1.273, 5.037, 3.713, 14194)
upgrade(1.273, 5.037, 3.713, 19559)
upgrade(9.142, 2.350, 10.078, 3481)
upgrade(9.142, 2.350, 10.078, 5968)
upgrade(9.109, 2.350, 7.518, 7328)
upgrade(9.109, 2.350, 7.518, 5933)
upgrade(8.895, 2.350, 4.995, 6338)
upgrade(8.895, 2.350, 4.995, 6598)
upgrade(2.509, 6.036, 8.154, 6138)
upgrade(-1.028, 6.036, 7.406, 6089)
place(15.588, 1.000, 0.748, "Crook Boss", 12271)
upgrade(15.588, 2.350, 0.748, 10674)
upgrade(15.588, 2.350, 0.748, 9569)
place(15.730, 1.000, -2.292, "Crook Boss", 6124)
upgrade(15.730, 2.350, -2.292, 4524)
upgrade(15.730, 2.350, -2.292, 3982)
upgrade(8.948, 2.350, 2.435, 7040)
upgrade(8.948, 2.350, 2.435, 6207)
upgrade(8.918, 2.350, -0.162, 5402)
upgrade(8.918, 2.350, -0.162, 8129)
upgrade(8.917, 2.350, -2.805, 3469)
upgrade(8.917, 2.350, -2.805, 5719)
upgrade(9.822, 4.546, -12.613, 19746)
upgrade(2.509, 6.036, 8.154, 22146)
upgrade(-1.028, 6.036, 7.406, 21225)
upgrade(9.822, 4.546, -12.613, 41890)
upgrade(2.509, 6.036, 8.154, 36478)
upgrade(-1.028, 6.036, 7.406, 35769)
place(13.102, 3.196, -11.825, "Ranger", 25319)
place(13.544, 4.808, -15.832, "Ranger", 21117)
upgrade(13.102, 4.546, -11.825, 20068)
upgrade(13.102, 4.546, -11.825, 18591)
upgrade(13.544, 6.158, -15.832, 15369)
upgrade(13.544, 6.158, -15.832, 15398)
upgrade(13.544, 6.158, -15.832, 17426)
upgrade(13.544, 6.158, -15.832, 25975)
upgrade(13.102, 4.546, -11.825, 16109)
upgrade(13.102, 4.546, -11.825, 27374)
place(-14.000, 3.164, -12.050, "Ranger", 4924)
upgrade(-14.000, 4.514, -12.050, 20649)
upgrade(-14.000, 4.514, -12.050, 19156)
upgrade(-14.000, 4.514, -12.050, 24516)
upgrade(-14.000, 4.514, -12.050, 27214)
place(-13.510, 3.164, -8.996, "Ranger", 8804)
upgrade(-13.510, 4.514, -8.996, 4314)
upgrade(-13.510, 4.514, -8.996, 6976)
upgrade(-13.510, 4.514, -8.996, 17193)
upgrade(-13.510, 4.514, -8.996, 25665)
place(-10.436, 3.164, -8.733, "Ranger", 9640)
upgrade(-10.436, 4.514, -8.733, 11137)
upgrade(-10.436, 4.514, -8.733, 9644)
upgrade(-10.436, 4.514, -8.733, 19090)
place(-2.238, 3.664, 4.773, "Ranger", 23560)
place(-1.944, 3.664, 3.462, "Ranger", 26510)
place(-1.947, 3.664, 3.534, "Ranger", 26660)
place(-1.960, 3.664, 3.997, "Ranger", 28360)
place(-2.158, 3.664, 3.899, "Ranger", 30640)
place(-2.231, 3.664, 4.235, "Ranger", 32258)
place(-2.231, 3.664, 4.235, "Ranger", 32633)
place(-2.171, 3.664, 4.171, "Ranger", 34033)
upgrade(-10.436, 4.514, -8.733, 35158)
place(-10.607, 3.164, -11.773, "Ranger", 11283)
upgrade(-10.607, 4.514, -11.773, 6783)
upgrade(-10.607, 4.514, -11.773, 5293)
upgrade(-10.607, 4.514, -11.773, 6624)
upgrade(-10.607, 4.514, -11.773, 23333)
upgrade(-10.607, 4.514, -11.773, 44833)
upgrade(15.730, 2.350, -2.292, 31810)
upgrade(15.588, 2.350, 0.748, 23899)
upgrade(15.672, 2.350, 3.851, 13883)
upgrade(15.592, 2.350, 6.927, 19470)
upgrade(15.548, 2.350, 9.946, 25677)
place(-2.147, 3.664, 5.019, "Ranger", 42936)
place(-2.174, 3.664, 3.790, "Ranger", 43386)
place(-1.694, 3.664, 4.388, "Ranger", 62386)
place(-1.686, 3.664, 4.298, "Ranger", 66986)
place(-1.834, 3.664, 4.362, "Ranger", 67136)
place(-1.700, 3.664, 4.455, "Ranger", 70386)
place(-1.851, 3.664, 4.813, "Ranger", 86286)
upgrade(15.730, 2.350, -2.292, 94686)
upgrade(15.588, 2.350, 0.748, 62486)
upgrade(15.672, 2.350, 3.851, 52332)
upgrade(15.592, 2.350, 6.927, 53636)
upgrade(15.548, 2.350, 9.946, 54992)
upgrade(8.917, 2.350, -2.805, 25867)
upgrade(8.918, 2.350, -0.162, 20867)
upgrade(8.948, 2.350, 2.435, 14766)
upgrade(8.895, 2.350, 4.995, 18967)
upgrade(9.109, 2.350, 7.518, 21015)
upgrade(9.142, 2.350, 10.078, 15767)