-- ZEPHYR_META: {"authorId":"1067123834152554536","authorTag":"dracometeor._","category":"community","official":false,"createdAt":"2026-09-14T18:10:44.209Z","updatedAt":"2026-09-14T18:10:44.209Z"}
skip(1, 13.84)
place(1.4, 1.0, -31.7, "Militant", 0, 14.90)
upgrade(1.4, -31.7, 1, -300, 37.55)
upgrade(1.4, -31.7, 1, -1150, 58.44)
place(0.8, 1.0, -28.4, "Militant", -1150, 68.67)
upgrade(0.8, -28.4, 1, -1450, 73.12)
upgrade(0.8, -28.4, 1, -2300, 84.42)
place(-5.0, 1.0, -31.8, "Militant", -2300, 107.50)
upgrade(-5.0, -31.8, 1, -2600, 109.00)
upgrade(-5.0, -31.8, 1, -3450, 115.60)
place(-5.4, 1.0, -28.8, "Militant", -3450, 124.90)
upgrade(-5.4, -28.8, 1, -3750, 126.58)
upgrade(-5.4, -28.8, 1, -4600, 142.11)
place(-5.5, 1.0, -25.7, "Militant", -4600, 148.60)
upgrade(-5.5, -25.7, 1, -4900, 149.98)
upgrade(-5.5, -25.7, 1, -5750, 153.76)
place(0.6, 1.0, -25.4, "Militant", -5750, 163.73)
upgrade(0.6, -25.4, 1, -6050, 164.98)
place(3.7, 1.0, -25.3, "Militant", -6900, 180.76)
upgrade(3.7, -25.3, 1, -7200, 184.30)
upgrade(3.7, -25.3, 1, -8050, 184.78)
place(3.9, 1.0, -28.7, "Militant", -8050, 187.81)
upgrade(3.9, -28.7, 1, -8350, 189.16)
upgrade(3.9, -28.7, 1, -9200, 203.48)
place(4.5, 1.0, -31.7, "Militant", -9200, 205.69)
upgrade(4.5, -31.7, 1, -9500, 207.10)
upgrade(4.5, -31.7, 1, -10350, 207.51)
place(-8.0, 1.0, -31.6, "Militant", -10350, 227.33)
upgrade(-8.0, -31.6, 1, -10650, 228.80)
upgrade(-8.0, -31.6, 1, -11500, 229.16)
place(-8.6, 1.0, -28.4, "Militant", -11500, 231.08)
upgrade(-8.6, -28.4, 1, -11800, 232.26)
place(-8.6, 1.0, -25.4, "Militant", -12650, 244.56)
upgrade(-8.6, -25.4, 1, -12950, 245.53)
place(0.6, 1.0, -22.2, "Militant", -13800, 249.80)
upgrade(0.6, -22.2, 1, -14100, 251.11)
upgrade(0.6, -22.2, 1, -14950, 251.53)
place(3.6, 1.0, -22.2, "Militant", -14950, 262.90)
upgrade(3.6, -22.2, 1, -15250, 269.41)
upgrade(3.6, -22.2, 1, -16100, 270.26)
place(-5.9, 1.0, -22.7, "Militant", -16100, 272.71)
upgrade(-5.9, -22.7, 1, -16400, 273.84)
upgrade(-5.9, -22.7, 1, -17250, 278.36)
place(-8.9, 1.0, -22.4, "Militant", -17250, 284.44)
upgrade(-8.9, -22.4, 1, -17550, 286.54)
upgrade(-8.9, -22.4, 1, -18400, 291.72)
place(-6.1, 1.0, -19.7, "Militant", -18400, 298.33)
upgrade(-6.1, -19.7, 1, -18700, 299.14)
upgrade(-6.1, -19.7, 1, -19550, 299.54)
place(-9.3, 1.0, -19.3, "Militant", -19550, 301.26)
upgrade(-9.3, -19.3, 1, -19850, 302.04)
upgrade(-9.3, -19.3, 1, -20700, 302.51)
place(1.3, 1.0, -19.2, "Militant", -20700, 304.98)
upgrade(1.3, -19.2, 1, -21000, 306.89)
upgrade(1.3, -19.2, 1, -21850, 313.07)
place(4.3, 1.0, -19.2, "Militant", -21850, 317.12)
upgrade(4.3, -19.2, 1, -22150, 318.61)
upgrade(4.3, -19.2, 1, -23000, 319.13)
place(-11.1, 0.9, -30.5, "Militant", -23000, 322.78)
upgrade(-11.1, -30.5, 1, -23300, 324.26)
upgrade(-11.1, -30.5, 1, -24150, 324.69)
place(7.6, 1.0, -31.8, "Militant", -24150, 325.98)
upgrade(7.6, -31.8, 1, -24450, 327.01)
upgrade(7.6, -31.8, 1, -25300, 331.11)
place(-11.8, 1.0, -27.5, "Militant", -25300, 336.99)
upgrade(-11.8, -27.5, 1, -25600, 338.36)
upgrade(-11.8, -27.5, 1, -26450, 341.48)
place(7.0, 1.0, -28.8, "Militant", -26450, 343.80)
upgrade(7.0, -28.8, 1, -26750, 344.66)
place(6.8, 1.0, -25.6, "Militant", -27600, 346.50)
upgrade(6.8, -25.6, 1, -27900, 347.47)
upgrade(6.8, -25.6, 1, -28750, 350.50)
place(-11.7, 1.0, -24.5, "Militant", -28750, 359.27)
upgrade(-11.7, -24.5, 1, -29050, 359.97)
upgrade(-11.7, -24.5, 1, -29900, 361.20)
place(-11.9, 1.0, -21.4, "Militant", -29900, 363.60)
upgrade(-11.9, -21.4, 1, -30200, 365.27)
upgrade(-11.9, -21.4, 1, -31050, 366.10)
place(6.8, 1.0, -22.2, "Militant", -31050, 367.99)
upgrade(6.8, -22.2, 1, -31350, 368.88)
upgrade(6.8, -22.2, 1, -32200, 369.32)
place(7.4, 1.0, -19.1, "Militant", -32200, 370.91)
upgrade(7.4, -19.1, 1, -32500, 373.03)
upgrade(7.4, -19.1, 1, -33350, 373.56)
place(-12.3, 1.0, -18.4, "Militant", -33350, 376.02)
upgrade(-12.3, -18.4, 1, -33650, 376.87)
upgrade(-12.3, -18.4, 1, -34500, 384.07)
place(-6.3, 1.0, -16.6, "Militant", -34500, 388.44)
upgrade(-6.3, -16.6, 1, -34800, 389.33)
upgrade(-6.3, -16.6, 1, -35650, 389.96)
place(1.7, 1.0, -16.2, "Militant", -35650, 392.27)
upgrade(1.7, -16.2, 1, -35950, 393.05)
upgrade(1.7, -16.2, 1, -36800, 393.46)
place(4.9, 1.0, -16.2, "Militant", -36800, 394.82)
upgrade(4.9, -16.2, 1, -37100, 396.34)
upgrade(4.9, -16.2, 1, -37950, 396.82)
place(7.9, 1.0, -16.1, "Militant", -37950, 398.11)
upgrade(7.9, -16.1, 1, -38250, 399.18)
upgrade(7.9, -16.1, 1, -39100, 409.61)
place(-9.3, 1.0, -16.1, "Militant", -39100, 414.81)
upgrade(-9.3, -16.1, 1, -39400, 416.24)
upgrade(-9.3, -16.1, 1, -40250, 421.51)
place(-12.4, 1.0, -15.4, "Militant", -40250, 423.16)
upgrade(-12.4, -15.4, 1, -40550, 424.09)
upgrade(-12.4, -15.4, 1, -41400, 424.53)
place(-6.1, 1.0, -13.4, "Militant", -41400, 425.91)
upgrade(-6.1, -13.4, 1, -41700, 427.20)
upgrade(-6.1, -13.4, 1, -42550, 427.90)