-- ZEPHYR_META: {"authorId":"1406212917585772624","authorTag":"powerful_puppy_02616","category":"community","official":false,"createdAt":"2026-09-26T12:55:02.999Z","updatedAt":"2026-09-26T12:55:02.999Z"}
place(-18.1, 1.0, -2.3, "Assassin", 0, 2.17)
skip(1, 6.93)
place(-18.0, 1.0, -4.6, "Assassin", 0, 9.63)
skip(2, 32.95)
upgrade(-18.1, -2.3, 1, -450, 35.62)
upgrade(-18.0, -4.6, 1, -900, 47.81)
upgrade(-18.1, -2.3, 1, -1525, 58.67)
upgrade(-18.0, -4.6, 1, -2150, 67.86)
place(-12.1, 1.0, -3.4, "Shotgunner", -2150, 95.57)
upgrade(-12.1, -3.4, 1, -2900, 103.59)
upgrade(-12.1, -3.4, 1, -4400, 109.94)
place(-12.3, 1.0, -1.4, "Shotgunner", -4400, 126.83)
upgrade(-12.3, -1.4, 1, -5150, 139.45)
upgrade(-12.3, -1.4, 1, -6650, 148.99)
place(-10.0, 1.0, -3.7, "Shotgunner", -6650, 163.25)
upgrade(-10.0, -3.7, 1, -7400, 167.12)
upgrade(-10.0, -3.7, 1, -8900, 182.73)
place(-10.3, 1.0, -1.4, "Shotgunner", -8900, 187.61)
upgrade(-10.3, -1.4, 1, -9650, 189.34)
upgrade(-10.3, -1.4, 1, -11150, 201.06)
place(-18.4, 1.0, -6.9, "Shotgunner", -11150, 206.10)
upgrade(-18.4, -6.9, 1, -11900, 210.75)
upgrade(-18.4, -6.9, 1, -13400, 223.56)
place(-18.2, 1.0, -8.9, "Shotgunner", -13400, 226.20)
upgrade(-18.2, -8.9, 1, -14150, 234.47)
upgrade(-18.2, -8.9, 1, -15650, 240.97)
place(-16.2, 1.0, -9.4, "Shotgunner", -15650, 245.41)
upgrade(-16.2, -9.4, 1, -16400, 246.75)
upgrade(-16.2, -9.4, 1, -17900, 258.14)
place(-13.8, 1.0, -9.2, "Shotgunner", -17900, 266.48)
upgrade(-13.8, -9.2, 1, -18650, 268.31)
upgrade(-13.8, -9.2, 1, -20150, 271.90)
place(-24.1, 1.0, -6.6, "Shotgunner", -20150, 281.77)
upgrade(-24.1, -6.6, 1, -20900, 284.05)
upgrade(-24.1, -6.6, 1, -22400, 291.46)
place(-11.0, 1.0, 1.1, "Commander", -22400, 311.36)
upgrade(-11.0, 1.1, 1, -22800, 317.93)
upgrade(-10.3, -1.4, 1, -29300, 326.95)
skip(19, 373.86)