place(-4.767, 1.000, -4.355, "Soldier", 500)
upgrade(-4.767, 2.350, -4.355, 100)
upgrade(-4.767, 2.350, -4.355, 779)
place(-7.712, 1.000, -3.211, "Soldier", 667)
upgrade(-7.712, 2.350, -3.211, 430)
upgrade(-7.712, 2.350, -3.211, 1040)
place(-9.113, 1.000, -0.432, "Soldier", 637)
upgrade(-9.113, 2.350, -0.432, 237)
upgrade(-9.113, 2.350, -0.432, 1292)
place(-5.971, 1.000, -0.687, "Soldier", 642)
upgrade(-5.971, 2.350, -0.687, 242)
upgrade(-5.971, 2.350, -0.687, 1172)
place(-3.046, 1.000, -1.753, "Soldier", 672)
upgrade(-3.046, 2.350, -1.753, 278)
upgrade(-3.046, 2.350, -1.753, 1517)
place(-10.735, 1.000, -3.751, "Soldier", 1236)
upgrade(-10.735, 2.350, -3.751, 842)
upgrade(-10.735, 2.350, -3.751, 797)
place(-7.204, 1.000, 2.073, "Soldier", 1968)
upgrade(-7.204, 2.350, 2.073, 1568)
upgrade(-7.204, 2.350, 2.073, 1519)
place(-3.719, 1.000, 1.355, "Soldier", 868)
upgrade(-3.719, 2.350, 1.355, 508)
upgrade(-3.719, 2.350, 1.355, 727)
place(-0.688, 1.000, 0.817, "Soldier", 2031)
upgrade(-0.688, 2.350, 0.817, 1631)
upgrade(-0.688, 2.350, 0.817, 1581)
place(-0.002, 1.000, -2.315, "Soldier", 931)
upgrade(-0.002, 2.350, -2.315, 531)
upgrade(-0.002, 2.350, -2.315, 652)
upgrade(-7.204, 2.350, 2.073, 1835)
upgrade(-3.719, 2.350, 1.355, 2914)
upgrade(-9.113, 2.350, -0.432, 2131)
upgrade(-5.971, 2.350, -0.687, 3068)
upgrade(-10.735, 2.350, -3.751, 1993)
upgrade(-7.712, 2.350, -3.211, 1395)
upgrade(-4.767, 2.350, -4.355, 2845)
upgrade(-3.046, 2.350, -1.753, 1495)
upgrade(-0.688, 2.350, 0.817, 3112)
upgrade(-0.002, 2.350, -2.315, 1921)
place(-8.512, 1.000, -6.134, "Soldier", 1761)
upgrade(-8.512, 2.350, -6.134, 3707)
upgrade(-8.512, 2.350, -6.134, 3665)
upgrade(-8.512, 2.350, -6.134, 3067)
place(-5.718, 1.000, -7.246, "Soldier", 1882)
upgrade(-5.718, 2.350, -7.246, 1557)
upgrade(-5.718, 2.350, -7.246, 1509)
upgrade(-5.718, 2.350, -7.246, 1355)
place(-11.627, 1.000, -6.912, "Soldier", 1683)
upgrade(-11.627, 2.350, -6.912, 1283)
upgrade(-11.627, 2.350, -6.912, 1233)
upgrade(-11.627, 2.350, -6.912, 3923)
place(-9.333, 1.000, -9.069, "Soldier", 3073)
upgrade(-9.333, 2.350, -9.069, 3173)
upgrade(-9.333, 2.350, -9.069, 3126)
upgrade(-9.333, 2.350, -9.069, 2508)
place(-6.518, 1.000, -10.200, "Soldier", 1123)
upgrade(-6.518, 2.350, -10.200, 733)
upgrade(-6.518, 2.350, -10.200, 714)
upgrade(-6.518, 2.350, -10.200, 1681)
place(2.279, 1.000, -0.186, "Soldier", 4309)
upgrade(2.279, 2.350, -0.186, 3959)
upgrade(2.279, 2.350, -0.186, 3912)
upgrade(2.279, 2.350, -0.186, 3286)
place(-14.430, 1.000, -8.180, "Soldier", 2384)
upgrade(-14.430, 2.350, -8.180, 2059)
upgrade(-14.430, 2.350, -8.180, 2011)
upgrade(-14.430, 2.350, -8.180, 1634)
place(-12.325, 1.000, -10.328, "Soldier", 4890)
upgrade(-12.325, 2.350, -10.328, 4514)
upgrade(-12.325, 2.350, -10.328, 4467)
upgrade(-12.325, 2.350, -10.328, 3914)
place(-9.683, 1.000, -12.070, "Soldier", 3058)
upgrade(-9.683, 2.350, -12.070, 2858)
upgrade(-9.683, 2.350, -12.070, 2816)
upgrade(-9.683, 2.350, -12.070, 2177)
place(-6.897, 1.000, -13.235, "Soldier", 1208)
upgrade(-6.897, 2.350, -13.235, 1008)
upgrade(-6.897, 2.350, -13.235, 966)
upgrade(-6.897, 2.350, -13.235, 1382)
place(-12.483, 1.000, -13.371, "Soldier", 4630)
upgrade(-12.483, 2.350, -13.371, 4780)
upgrade(-12.483, 2.350, -13.371, 4738)
upgrade(-12.483, 2.350, -13.371, 4141)
place(-9.389, 1.000, -15.345, "Soldier", 3505)
upgrade(-9.389, 2.350, -15.345, 3470)
upgrade(-9.389, 2.350, -15.345, 3422)
upgrade(-9.389, 2.350, -15.345, 2829)
place(3.198, 1.000, -3.214, "Soldier", 2168)
upgrade(3.198, 2.350, -3.214, 1770)
upgrade(3.198, 2.350, -3.214, 1723)
upgrade(3.198, 2.350, -3.214, 1130)
upgrade(3.198, 2.350, -3.214, 1620)
place(1.722, 1.000, 2.921, "Soldier", 1995)
upgrade(1.722, 2.350, 2.921, 1595)
upgrade(1.722, 2.350, 2.921, 1548)
upgrade(1.722, 2.350, 2.921, 930)
upgrade(1.722, 2.350, 2.921, 2895)