-- ZEPHYR_META: {"authorId":"1197192790493372438","authorTag":"gefest1234_66194","category":"community","official":false,"createdAt":"2026-06-23T08:18:24.712Z","updatedAt":"2026-06-23T08:18:24.712Z"}
upgrade(-12.9, 26.6, 1, -275, 6.24)
timescaleunlock(19.93)
timescale(1.50, 20.54)
timescale(2.00, 21.08)
upgrade(-12.9, 26.6, 1, -1225, 26.92)
upgrade(-12.9, 26.6, 1, -3625, 63.12)
place(11.3, 501.3, 21.3, "Electroshocker", -3625, 75.09)
upgrade(11.3, 21.3, 1, -4575, 87.49)
upgrade(11.3, 21.3, 1, -6975, 122.70)
place(0.1, 504.7, 9.8, "Sniper", -6975, 129.07)
upgrade(0.1, 9.8, 1, -7175, 134.26)
upgrade(0.1, 9.8, 1, -7925, 135.30)
place(3.0, 505.0, 8.9, "Sniper", -7925, 144.66)
upgrade(3.0, 8.9, 1, -8125, 150.23)
place(1.1, 505.0, 5.9, "Sniper", -8875, 160.68)
upgrade(1.1, 5.9, 1, -9075, 163.33)
upgrade(1.1, 5.9, 1, -9825, 163.66)
place(6.3, 505.3, 6.7, "Sniper", -9825, 174.06)
upgrade(6.3, 6.7, 1, -10575, 181.24)
place(5.2, 505.2, 0.2, "Sniper", -10575, 187.10)
upgrade(5.2, 0.2, 1, -11325, 196.64)
place(4.1, 505.4, 3.7, "Sniper", -11325, 202.56)
upgrade(4.1, 3.7, 1, -11525, 210.78)
upgrade(4.1, 3.7, 1, -12275, 216.41)
place(7.1, 505.4, 4.2, "Sniper", -12275, 219.96)
upgrade(7.1, 4.2, 1, -12475, 228.36)