-- ZEPHYR_META: {"authorId":"1313867364680470549","authorTag":"exl1e","category":"community","official":false,"createdAt":"2026-08-15T12:45:22.503Z","updatedAt":"2026-08-15T12:45:22.503Z"}
-- NOTE: 540 gph is bc not timescaled,this strat is for enforcer grind
place(-10.6, 1.5, 23.2, "Farm", -13950, 0.92)
place(-10.6, 1.5, 26.8, "Farm", -13950, 3.92)
place(-10.5, 1.5, 30.3, "Farm", -13950, 8.18)
upgrade(-10.6, 23.2, 1, -14150, 16.70)
upgrade(-10.6, 26.8, 1, -14350, 18.17)
upgrade(-10.5, 30.3, 1, -14550, 21.79)
upgrade(-10.6, 23.2, 1, -15150, 40.61)
skip(3, 46.37)
upgrade(-10.6, 26.8, 1, -15750, 47.84)
upgrade(-10.5, 30.3, 1, -16350, 51.70)
skip(4, 58.08)
place(8.9, 1.3, 22.5, "Boomerang", -16350, 60.22)
upgrade(8.9, 22.5, 1, -16750, 63.65)
place(-10.5, 1.4, 34.1, "Farm", -16750, 67.44)
upgrade(-10.5, 34.1, 1, -16950, 85.12)
upgrade(-10.5, 34.1, 1, -17550, 88.55)
upgrade(8.9, 22.5, 1, -18300, 90.86)
skip(6, 102.28)
place(-10.6, 1.3, 37.6, "Farm", -18300, 104.08)
upgrade(-10.6, 37.6, 1, -18500, 105.41)
upgrade(-10.6, 37.6, 1, -19100, 107.45)
place(-14.1, 1.6, 25.2, "Farm", -19100, 109.81)
upgrade(-14.1, 25.2, 1, -19300, 111.06)
upgrade(-14.1, 25.2, 1, -19900, 133.55)
place(-14.4, 1.6, 29.9, "Farm", -19900, 136.75)
upgrade(-14.4, 29.9, 1, -20100, 138.01)
place(-14.3, 1.5, 33.9, "Farm", -20700, 140.07)
place(-14.2, 1.3, 37.8, "Farm", -20700, 142.27)
skip(8, 152.60)
upgrade(-14.3, 33.9, 1, -20900, 154.82)
upgrade(-14.2, 37.8, 1, -21700, 157.65)
upgrade(-14.2, 37.8, 1, -22300, 158.11)
place(-14.0, 1.2, 41.4, "Farm", -22300, 160.63)
upgrade(-14.0, 41.4, 1, -22500, 161.85)
skip(9, 167.25)
place(11.8, 1.2, 22.4, "EvolvedEnforcer", -23100, 173.47)
skip(10, 180.20)
upgrade(11.8, 22.4, 1, -23850, 182.20)
upgrade(11.8, 22.4, 1, -26500, 185.80)
skip(11, 202.83)
place(10.6, 1.0, 20.7, "EvolvedEnforcer", -26500, 208.07)
upgrade(10.6, 20.7, 1, -27250, 218.00)
upgrade(10.6, 20.7, 1, -29900, 232.53)
place(5.9, 1.3, 22.6, "Boomerang", -29900, 235.84)
place(2.7, 1.4, 22.6, "Boomerang", -29900, 239.10)
upgrade(2.7, 22.6, 1, -30300, 254.35)
upgrade(5.9, 22.6, 1, -30700, 256.05)
upgrade(-10.6, 23.2, 1, -31950, 258.04)
upgrade(-10.6, 26.8, 1, -33200, 259.20)
skip(14, 281.70)
upgrade(-10.5, 30.3, 1, -34450, 286.13)
upgrade(8.9, 22.5, 1, -36950, 288.98)
skip(15, 296.25)
upgrade(-10.5, 34.1, 1, -38200, 298.61)
upgrade(-10.6, 37.6, 1, -39450, 301.75)
upgrade(-14.1, 25.2, 1, -40700, 304.74)
upgrade(-14.4, 29.9, 1, -41950, 305.46)
skip(16, 328.48)
upgrade(5.9, 22.6, 1, -42700, 330.56)
upgrade(5.9, 22.6, 1, -45200, 333.55)
upgrade(2.7, 22.6, 1, -45950, 334.12)
upgrade(2.7, 22.6, 1, -48450, 364.28)
skip(17, 367.28)
place(12.7, 1.1, 20.6, "EvolvedEnforcer", -48450, 372.03)
upgrade(12.7, 20.6, 1, -49200, 374.05)
skip(18, 390.16)
upgrade(12.7, 20.6, 1, -51850, 391.79)
place(11.6, 0.9, 19.0, "EvolvedEnforcer", -51850, 395.64)
upgrade(11.6, 19.0, 1, -52600, 396.90)
upgrade(11.6, 19.0, 1, -55250, 427.70)
place(12.2, 0.5, 16.4, "EvolvedEnforcer", -55250, 434.04)
upgrade(12.2, 16.4, 1, -56000, 435.56)
upgrade(12.2, 16.4, 1, -58650, 442.79)
upgrade(12.2, 16.4, 1, -63250, 450.50)
upgrade(11.6, 19.0, 1, -67850, 462.77)
upgrade(12.7, 20.6, 1, -72450, 479.40)
upgrade(11.8, 22.4, 1, -77050, 485.24)
upgrade(10.6, 20.7, 1, -81650, 511.51)
skip(23, 520.01)
upgrade(-14.3, 33.9, 1, -82900, 521.45)
upgrade(-14.2, 37.8, 1, -84150, 521.80)
upgrade(-14.0, 41.4, 1, -85400, 525.54)
place(7.3, 1.1, 19.9, "Boomerang", -85400, 529.25)
upgrade(7.3, 19.9, 1, -85800, 530.55)
upgrade(7.3, 19.9, 1, -86550, 531.02)
upgrade(7.3, 19.9, 1, -89050, 531.55)
place(4.1, 1.2, 19.9, "Boomerang", -89050, 533.50)
upgrade(4.1, 19.9, 1, -89450, 538.65)
upgrade(4.1, 19.9, 1, -92700, 559.08)
upgrade(8.9, 22.5, 1, -99700, 575.89)
upgrade(5.9, 22.6, 1, -106700, 615.19)
upgrade(2.7, 22.6, 1, -113700, 627.08)