-- ZEPHYR_META: {"authorId":"1313867364680470549","authorTag":"exl1e","category":"community","official":false,"createdAt":"2026-08-16T06:47:32.228Z","updatedAt":"2026-08-16T06:47:32.228Z"}
-- NOTE: this macro is mainly for enforcer xp where u can get 1725 xp/hr gems are also able to be farmed timescale and auto skip can be used
place(-10.6, 1.5, 23.0, "Farm", 0, 0.17)
place(-10.5, 1.5, 26.6, "Farm", 0, 3.01)
upgrade(-10.5, 26.6, 1, -200, 3.97)
upgrade(-10.6, 23.0, 1, -400, 4.69)
place(-10.4, 1.5, 30.2, "Farm", -400, 11.80)
upgrade(-10.4, 30.2, 1, -600, 13.13)
place(-10.5, 1.4, 33.7, "Farm", -600, 16.51)
upgrade(-10.5, 33.7, 1, -800, 17.69)
upgrade(-10.6, 23.0, 1, -1400, 26.08)
upgrade(-10.5, 26.6, 1, -2000, 29.85)
upgrade(-10.4, 30.2, 1, -2600, 37.03)
upgrade(-10.5, 33.7, 1, -3200, 41.22)
place(9.5, 1.3, 22.6, "Electroshocker", -3200, 49.25)
upgrade(9.5, 22.6, 1, -3475, 51.90)
upgrade(9.5, 22.6, 1, -4425, 59.17)
place(6.4, 1.3, 22.4, "Boomerang", -4425, 66.85)
upgrade(6.4, 22.4, 1, -4825, 68.20)
upgrade(-10.6, 23.0, 1, -6075, 74.40)
place(-10.5, 1.3, 37.2, "Farm", -6075, 79.66)
upgrade(-10.5, 37.2, 1, -6275, 80.91)
place(-10.4, 1.2, 40.8, "Farm", -6275, 83.03)
upgrade(-10.4, 40.8, 1, -6475, 84.00)
place(-9.3, 1.2, 44.2, "Farm", -6475, 86.46)
upgrade(-9.3, 44.2, 1, -6675, 87.84)
place(-13.8, 1.6, 25.2, "Farm", -6675, 89.95)
upgrade(-13.8, 25.2, 1, -6875, 90.93)
place(-13.9, 1.6, 30.5, "Farm", -6875, 92.07)
upgrade(-13.9, 30.5, 1, -7075, 93.00)
place(-14.3, 1.5, 34.0, "Farm", -7075, 95.23)
upgrade(-14.3, 34.0, 1, -7275, 96.08)
upgrade(6.4, 22.4, 1, -8025, 98.50)
upgrade(-13.8, 25.2, 1, -8625, 100.71)
upgrade(-13.9, 30.5, 1, -9225, 102.18)
upgrade(-14.3, 34.0, 1, -9825, 103.10)
upgrade(-10.4, 40.8, 1, -10425, 104.39)
upgrade(-9.3, 44.2, 1, -11025, 108.90)
upgrade(-10.5, 37.2, 1, -11625, 112.83)
upgrade(9.5, 22.6, 1, -14025, 115.20)
place(12.1, 1.3, 22.8, "EvolvedEnforcer", -14025, 124.70)
upgrade(12.1, 22.8, 1, -14775, 131.93)
upgrade(12.1, 22.8, 1, -17425, 135.11)
place(5.0, 0.3, 12.6, "Hacker", -17425, 143.50)
upgrade(5.0, 12.6, 1, -17550, 144.98)
upgrade(-10.5, 26.6, 1, -20137, 148.69)
upgrade(-10.4, 30.2, 1, -21387, 149.46)
upgrade(-10.5, 33.7, 1, -22637, 155.04)
upgrade(-10.5, 37.2, 1, -23887, 159.06)
upgrade(-10.5, 37.2, 1, -26387, 163.33)
upgrade(-10.4, 40.8, 1, -27637, 168.19)
upgrade(-9.3, 44.2, 1, -28887, 171.93)
upgrade(-13.8, 25.2, 1, -30137, 174.81)
upgrade(-13.9, 30.5, 1, -31387, 176.38)
upgrade(-14.3, 34.0, 1, -32637, 189.29)
upgrade(9.5, 22.6, 1, -36637, 192.98)
place(9.3, 0.9, 19.6, "Electroshocker", -36637, 197.38)
upgrade(9.3, 19.6, 1, -36912, 201.55)
upgrade(9.3, 19.6, 1, -37862, 201.98)
upgrade(9.5, 22.6, 1, -47862, 230.09)
upgrade(9.3, 19.6, 1, -50262, 232.53)
upgrade(6.4, 22.4, 1, -52762, 242.54)
place(6.2, 1.1, 19.4, "Electroshocker", -52762, 250.24)
upgrade(9.3, 19.6, 1, -56762, 265.66)
upgrade(5.0, 12.6, 1, -63262, 281.06)
upgrade(12.1, 22.8, 1, -67862, 292.86)
upgrade(6.2, 19.4, 1, -68137, 298.48)
upgrade(6.2, 19.4, 1, -69087, 299.30)
upgrade(6.2, 19.4, 1, -71487, 299.76)
place(3.4, 1.4, 22.6, "Boomerang", -71487, 303.16)
upgrade(3.4, 22.6, 1, -71887, 304.18)
upgrade(3.4, 22.6, 1, -75137, 309.76)
upgrade(6.2, 19.4, 1, -79137, 317.26)
place(11.9, 1.1, 20.6, "EvolvedEnforcer", -79137, 322.51)
upgrade(11.9, 20.6, 1, -79887, 324.07)
upgrade(11.9, 20.6, 1, -82537, 324.69)
upgrade(11.9, 20.6, 1, -87137, 336.86)
place(13.9, 1.0, 21.5, "EvolvedEnforcer", -87137, 339.84)
upgrade(13.9, 21.5, 1, -87887, 341.15)
upgrade(13.9, 21.5, 1, -90537, 353.01)
place(10.8, 0.6, 17.3, "EvolvedEnforcer", -90537, 357.09)
place(12.8, 0.8, 18.2, "EvolvedEnforcer", -90537, 362.03)
upgrade(12.8, 18.2, 1, -91287, 363.71)
upgrade(10.8, 17.3, 1, -92037, 364.79)
upgrade(10.8, 17.3, 1, -94687, 372.11)
upgrade(12.8, 18.2, 1, -97337, 375.38)
upgrade(9.3, 19.6, 1, -107337, 387.95)
upgrade(6.2, 19.4, 1, -117337, 400.87)
upgrade(13.9, 21.5, 1, -121937, 407.91)
upgrade(12.8, 18.2, 1, -126537, 411.87)
upgrade(10.8, 17.3, 1, -131137, 416.19)
place(6.4, 1.4, 28.0, "Electroshocker", -131137, 423.23)
upgrade(6.4, 28.0, 1, -131412, 424.25)
upgrade(6.4, 28.0, 1, -138762, 424.91)
upgrade(6.4, 28.0, 1, -148762, 436.86)
upgrade(11.9, 20.6, 1, -156012, 454.56)
upgrade(12.1, 22.8, 1, -163262, 463.59)
upgrade(6.4, 22.4, 1, -170262, 480.22)
upgrade(3.4, 22.6, 1, -177262, 486.86)
upgrade(10.8, 17.3, 1, -184512, 492.64)
upgrade(12.8, 18.2, 1, -191762, 499.80)
upgrade(13.9, 21.5, 1, -199012, 517.33)
place(0.3, 1.4, 22.6, "Boomerang", -199012, 521.10)
upgrade(0.3, 22.6, 1, -199412, 522.13)
upgrade(0.3, 22.6, 1, -209662, 536.43)