-- ZEPHYR_META: {"authorId":"720464456768946207","authorTag":"mee26.","category":"community","official":false,"createdAt":"2026-06-19T06:57:44.589Z","updatedAt":"2026-06-19T06:57:44.589Z"}
-- NOTE: dont try
place(1.3, 1.0, -16.4, "Soldier", 0, 9.82)
timescaleunlock(18.75)
timescale(1.50, 20.34)
place(1.3, 1.0, -19.4, "Soldier", 0, 27.04)
place(-5.6, 1.0, -19.6, "Soldier", 0, 41.34)
place(-5.5, 1.0, -22.7, "Soldier", 0, 45.07)
place(1.3, 1.0, -22.7, "Soldier", 0, 58.96)
upgrade(1.3, -22.7, 1, -150, 66.24)
upgrade(1.3, -22.7, 1, -950, 78.19)
upgrade(1.3, -19.4, 1, -1100, 84.19)
upgrade(1.3, -19.4, 1, -1900, 96.04)
upgrade(1.3, -16.4, 1, -2050, 101.72)
upgrade(1.3, -16.4, 1, -2850, 104.51)
upgrade(-5.5, -22.7, 1, -3000, 112.01)
upgrade(-5.5, -22.7, 1, -3800, 121.08)
upgrade(-5.6, -19.6, 1, -3950, 124.69)
upgrade(-5.6, -19.6, 1, -4750, 126.91)
upgrade(-6.1, -16.4, 1, -4900, 131.66)
upgrade(-6.1, -16.4, 1, -5700, 144.71)
place(-5.4, 1.0, -25.9, "Scout", -5700, 153.89)
upgrade(-5.4, -25.9, 1, -5850, 155.31)
upgrade(-5.4, -25.9, 1, -6550, 156.98)
place(1.2, 1.0, -25.9, "Scout", -6550, 162.43)
upgrade(1.2, -25.9, 1, -6700, 164.46)
upgrade(1.2, -25.9, 1, -7400, 165.59)
upgrade(1.2, -25.9, 1, -9800, 183.71)
upgrade(-5.4, -25.9, 1, -12200, 201.01)
place(-8.2, 1.0, -21.4, "Soldier", -12200, 225.46)
upgrade(-8.2, -21.4, 1, -12350, 226.96)
upgrade(-8.2, -21.4, 1, -13150, 227.93)
place(3.9, 1.0, -21.2, "Soldier", -13150, 232.63)
upgrade(3.9, -21.2, 1, -13300, 233.96)
upgrade(3.9, -21.2, 1, -14100, 234.75)
upgrade(1.3, -22.7, 1, -17850, 246.03)
upgrade(-5.5, -22.7, 1, -21600, 263.18)
upgrade(1.2, -25.9, 1, -25200, 286.34)
upgrade(-5.4, -25.9, 1, -28800, 294.75)
upgrade(-8.2, -21.4, 1, -32550, 316.38)
upgrade(3.9, -21.2, 1, -36300, 320.28)
upgrade(1.3, -19.4, 1, -40050, 355.59)
upgrade(-5.6, -19.6, 1, -43800, 360.10)
place(-8.2, 1.0, -24.7, "Scout", -43800, 374.07)
upgrade(-8.2, -24.7, 1, -43950, 375.38)
upgrade(-8.2, -24.7, 1, -44650, 376.40)
upgrade(-8.2, -24.7, 1, -47050, 377.53)
upgrade(-8.2, -24.7, 1, -50650, 378.55)
place(4.1, 1.0, -24.5, "Scout", -50650, 383.00)
upgrade(4.1, -24.5, 1, -50800, 384.40)
upgrade(4.1, -24.5, 1, -51500, 385.08)
upgrade(4.1, -24.5, 1, -53900, 385.78)
upgrade(4.1, -24.5, 1, -57500, 386.50)