-- ZEPHYR_META: {"authorId":"657257594519420949","authorTag":"stefan270506","category":"community","official":false,"createdAt":"2026-07-17T11:39:37.125Z","updatedAt":"2026-07-17T11:39:37.125Z"}
upgrade(0.2, 21.1, 1, -150, 1.38)
place(-0.4, 1.0, 24.3, "Scout", -150, 3.45)
place(-2.8, 1.0, 22.3, "Scout", -150, 11.45)
place(4.3, 0.9, 31.1, "Brawler", -150, 19.83)
place(-4.3, 1.0, 30.4, "Brawler", -150, 22.21)
place(6.0, 0.9, 29.9, "Brawler", -150, 32.91)
place(-5.5, 1.0, 28.7, "Brawler", -150, 35.30)
place(7.3, 1.0, 28.1, "Shotgunner", -150, 48.78)
place(-7.9, 1.0, 26.6, "Shotgunner", -150, 63.71)
place(7.0, 1.0, 26.1, "Shotgunner", -150, 87.50)
place(-10.1, 1.0, 26.1, "Shotgunner", -150, 110.91)
upgrade(-10.1, 26.1, 1, -790, 111.93)
upgrade(7.3, 28.1, 1, -1430, 113.99)
upgrade(-7.9, 26.6, 1, -2070, 133.79)
upgrade(7.0, 26.1, 1, -2710, 136.84)
place(12.9, 1.0, 28.9, "Shotgunner", -2710, 145.23)
upgrade(12.9, 28.9, 1, -3350, 150.76)
place(-12.6, 1.1, 31.3, "Shotgunner", -3350, 154.54)
upgrade(-12.6, 31.3, 1, -3990, 155.74)
place(12.3, 1.0, 26.9, "Shotgunner", -3990, 175.61)
upgrade(12.3, 26.9, 1, -4630, 176.91)
place(-12.1, 1.0, 25.8, "Shotgunner", -4630, 180.67)
upgrade(-12.1, 25.8, 1, -5270, 185.06)
place(11.9, 1.0, 24.9, "Shotgunner", -5270, 194.31)
upgrade(11.9, 24.9, 1, -5910, 195.98)
upgrade(7.0, 26.1, 1, -7460, 205.96)
upgrade(-12.1, 25.8, 1, -9010, 214.57)
upgrade(-10.1, 26.1, 1, -10560, 217.46)
upgrade(12.3, 26.9, 1, -12110, 225.64)
upgrade(-7.9, 26.6, 1, -13660, 236.12)
upgrade(12.9, 28.9, 1, -15210, 240.42)
upgrade(-12.6, 31.3, 1, -16760, 249.80)
upgrade(7.3, 28.1, 1, -18310, 256.61)
upgrade(11.9, 24.9, 1, -19860, 258.92)
place(2.9, 1.0, 25.5, "Commander", -19860, 270.27)
upgrade(2.9, 25.5, 1, -20260, 272.14)
place(-3.9, 1.0, 26.5, "Commander", -20260, 274.15)
upgrade(-3.9, 26.5, 1, -20660, 275.24)
upgrade(-10.1, 26.1, 1, -26660, 287.42)
upgrade(12.3, 26.9, 1, -32660, 301.04)
upgrade(-12.1, 25.8, 1, -38660, 318.44)
upgrade(11.9, 24.9, 1, -44660, 326.68)
upgrade(12.9, 28.9, 1, -50660, 346.97)
upgrade(7.3, 28.1, 1, -56660, 356.53)
upgrade(7.0, 26.1, 1, -62660, 369.58)
place(-2.2, 1.0, 19.2, "Minigunner", -62660, 385.62)
upgrade(7.0, 26.1, 1, -81160, 402.95)
upgrade(11.9, 24.9, 1, -99660, 415.20)