-- ZEPHYR_META: {"authorId":"953270431417262151","authorTag":"dark_xzz1","category":"community","official":false,"createdAt":"2026-09-29T00:17:19.985Z","updatedAt":"2026-09-29T00:17:19.985Z"}
place(13.3, 1.0, 20.3, "EvolvedOperator", 0, 1.25)
upgrade(13.3, 20.3, 1, -325, 5.14)
upgrade(13.3, 20.3, 1, -1025, 32.77)
upgrade(13.3, 20.3, 1, -2275, 57.97)
upgrade(13.3, 20.3, 1, -4225, 86.23)
skip(8, 148.09)
place(8.4, 1.0, 30.8, "EvolvedEnforcer", -4225, 157.82)
upgrade(8.4, 30.8, 1, -4975, 160.79)
skip(9, 174.53)
upgrade(8.4, 30.8, 1, -7625, 188.59)
place(-6.3, 1.0, -13.0, "EvolvedOperator", -7625, 201.17)
skip(10, 202.16)
upgrade(-6.3, -13.0, 1, -7950, 203.89)
upgrade(-6.3, -13.0, 1, -8650, 204.64)
skip(11, 227.84)
place(8.3, 1.0, 10.5, "EvolvedKingpin", -8650, 235.98)
skip(12, 252.78)
upgrade(8.3, 10.5, 1, -10050, 253.44)
upgrade(-6.3, -13.0, 1, -11300, 259.36)
skip(13, 278.40)
place(-4.9, 1.0, -10.7, "EvolvedOperator", -11300, 314.09)
upgrade(-4.9, -10.7, 1, -11625, 316.88)
upgrade(-4.9, -10.7, 1, -12325, 317.68)
upgrade(-4.9, -10.7, 1, -13575, 318.42)
place(-5.8, 1.0, -15.8, "EvolvedOperator", -13575, 320.20)
upgrade(-5.8, -15.8, 1, -13900, 323.00)
upgrade(-5.8, -15.8, 1, -14600, 323.50)
upgrade(-5.8, -15.8, 1, -15850, 324.39)
skip(14, 325.50)
skip(15, 353.64)
place(13.3, 1.0, 3.0, "EvolvedJuggernaut", -15850, 392.21)
skip(16, 402.03)
upgrade(13.3, 3.0, 1, -18650, 405.49)
skip(17, 432.22)
upgrade(13.3, 3.0, 1, -25650, 441.00)
upgrade(8.3, 10.5, 1, -29650, 461.15)
skip(18, 466.52)
upgrade(8.3, 10.5, 1, -35650, 492.68)
skip(19, 523.43)
upgrade(-5.8, -15.8, 1, -37600, 524.47)