-- NOTE: ez
place(4.275, -6.368, 11.227, "Electroshocker", 600)
upgrade(4.275, -5.018, 11.227, 226)
upgrade(4.275, -5.018, 11.227, 25)
upgrade(4.275, -5.018, 11.227, 25)
upgrade(4.275, -5.018, 11.227, 25)
upgrade(4.275, -5.018, 11.227, 25)
upgrade(4.275, -5.018, 11.227, 25)
upgrade(4.275, -5.018, 11.227, 25)
upgrade(4.275, -5.018, 11.227, 25)
upgrade(4.275, -5.018, 11.227, 25)
upgrade(4.275, -5.018, 11.227, 25)
upgrade(4.275, -5.018, 11.227, 25)
upgrade(4.275, -5.018, 11.227, 25)
upgrade(4.275, -5.018, 11.227, 25)
upgrade(4.275, -5.018, 11.227, 25)
upgrade(4.275, -5.018, 11.227, 25)
upgrade(4.275, -5.018, 11.227, 25)
upgrade(4.275, -5.018, 11.227, 25)
upgrade(4.275, -5.018, 11.227, 25)
upgrade(4.275, -5.018, 11.227, 25)
upgrade(4.275, -5.018, 11.227, 37)
upgrade(4.275, -5.018, 11.227, 37)
upgrade(4.275, -5.018, 11.227, 37)
upgrade(4.275, -5.018, 11.227, 37)
upgrade(4.275, -5.018, 11.227, 37)
upgrade(4.275, -5.018, 11.227, 37)
upgrade(4.275, -5.018, 11.227, 37)
upgrade(4.275, -5.018, 11.227, 37)
upgrade(4.275, -5.018, 11.227, 37)
upgrade(4.275, -5.018, 11.227, 49)
upgrade(4.275, -5.018, 11.227, 49)
upgrade(4.275, -5.018, 11.227, 49)
upgrade(4.275, -5.018, 11.227, 49)
upgrade(4.275, -5.018, 11.227, 49)
upgrade(4.275, -5.018, 11.227, 49)
upgrade(4.275, -5.018, 11.227, 49)
upgrade(4.275, -5.018, 11.227, 49)
upgrade(4.275, -5.018, 11.227, 49)
upgrade(4.275, -5.018, 11.227, 49)
upgrade(4.275, -5.018, 11.227, 49)
upgrade(4.275, -5.018, 11.227, 49)
upgrade(4.275, -5.018, 11.227, 49)
upgrade(4.275, -5.018, 11.227, 49)
upgrade(4.275, -5.018, 11.227, 49)
upgrade(4.275, -5.018, 11.227, 49)
upgrade(4.275, -5.018, 11.227, 49)
upgrade(4.275, -5.018, 11.227, 49)
upgrade(4.275, -5.018, 11.227, 49)
upgrade(4.275, -5.018, 11.227, 49)
upgrade(4.275, -5.018, 11.227, 49)
upgrade(4.275, -5.018, 11.227, 49)
upgrade(4.275, -5.018, 11.227, 49)
upgrade(4.275, -5.018, 11.227, 49)
upgrade(4.275, -5.018, 11.227, 49)
upgrade(4.275, -5.018, 11.227, 49)
upgrade(4.275, -5.018, 11.227, 49)
upgrade(4.275, -5.018, 11.227, 49)
upgrade(4.275, -5.018, 11.227, 49)
upgrade(4.275, -5.018, 11.227, 49)
upgrade(4.275, -5.018, 11.227, 61)
upgrade(4.275, -5.018, 11.227, 61)
upgrade(4.275, -5.018, 11.227, 61)
upgrade(4.275, -5.018, 11.227, 61)
upgrade(4.275, -5.018, 11.227, 61)
upgrade(4.275, -5.018, 11.227, 61)
upgrade(4.275, -5.018, 11.227, 61)
upgrade(4.275, -5.018, 11.227, 73)
upgrade(4.275, -5.018, 11.227, 73)
upgrade(4.275, -5.018, 11.227, 73)
upgrade(4.275, -5.018, 11.227, 398)
upgrade(4.275, -5.018, 11.227, 398)
upgrade(4.275, -5.018, 11.227, 398)
upgrade(4.275, -5.018, 11.227, 495)
upgrade(4.275, -5.018, 11.227, 495)
upgrade(4.275, -5.018, 11.227, 495)
upgrade(4.275, -5.018, 11.227, 495)
upgrade(4.275, -5.018, 11.227, 495)
upgrade(4.275, -5.018, 11.227, 495)
upgrade(4.275, -5.018, 11.227, 495)
upgrade(4.275, -5.018, 11.227, 495)
upgrade(4.275, -5.018, 11.227, 495)
upgrade(4.275, -5.018, 11.227, 495)
upgrade(4.275, -5.018, 11.227, 495)
upgrade(4.275, -5.018, 11.227, 495)
upgrade(4.275, -5.018, 11.227, 495)
upgrade(4.275, -5.018, 11.227, 495)
upgrade(4.275, -5.018, 11.227, 495)
upgrade(4.275, -5.018, 11.227, 495)
upgrade(4.275, -5.018, 11.227, 495)
upgrade(4.275, -5.018, 11.227, 495)
upgrade(4.275, -5.018, 11.227, 507)
upgrade(4.275, -5.018, 11.227, 507)
upgrade(4.275, -5.018, 11.227, 507)
upgrade(4.275, -5.018, 11.227, 507)
upgrade(4.275, -5.018, 11.227, 507)
upgrade(4.275, -5.018, 11.227, 507)
upgrade(4.275, -5.018, 11.227, 507)
upgrade(4.275, -5.018, 11.227, 507)
upgrade(4.275, -5.018, 11.227, 518)
upgrade(4.275, -5.018, 11.227, 519)
upgrade(4.275, -5.018, 11.227, 519)
upgrade(4.275, -5.018, 11.227, 519)
upgrade(4.275, -5.018, 11.227, 519)
upgrade(4.275, -5.018, 11.227, 519)
upgrade(4.275, -5.018, 11.227, 519)
upgrade(4.275, -5.018, 11.227, 519)
upgrade(4.275, -5.018, 11.227, 519)
upgrade(4.275, -5.018, 11.227, 519)
upgrade(4.275, -5.018, 11.227, 519)
upgrade(4.275, -5.018, 11.227, 519)
upgrade(4.275, -5.018, 11.227, 519)
upgrade(4.275, -5.018, 11.227, 519)
upgrade(4.275, -5.018, 11.227, 519)
upgrade(4.275, -5.018, 11.227, 519)
upgrade(4.275, -5.018, 11.227, 519)
upgrade(4.275, -5.018, 11.227, 519)
upgrade(4.275, -5.018, 11.227, 519)
upgrade(4.275, -5.018, 11.227, 519)
upgrade(4.275, -5.018, 11.227, 531)
upgrade(4.275, -5.018, 11.227, 531)
upgrade(4.275, -5.018, 11.227, 531)
upgrade(4.275, -5.018, 11.227, 543)
upgrade(4.275, -5.018, 11.227, 543)
upgrade(4.275, -5.018, 11.227, 543)
upgrade(4.275, -5.018, 11.227, 543)
upgrade(4.275, -5.018, 11.227, 543)
upgrade(4.275, -5.018, 11.227, 555)
upgrade(4.275, -5.018, 11.227, 555)
upgrade(4.275, -5.018, 11.227, 948)
place(6.821, -6.368, 9.457, "Electroshocker", 948)
place(6.821, -6.368, 9.457, "Electroshocker", 265)
place(6.821, -6.368, 9.457, "Electroshocker", 265)
place(6.821, -6.368, 9.457, "Electroshocker", 265)
place(6.821, -6.368, 9.457, "Electroshocker", 265)
place(6.821, -6.368, 9.457, "Electroshocker", 265)
place(6.821, -6.368, 9.457, "Electroshocker", 265)
place(6.821, -6.368, 9.457, "Electroshocker", 271)
place(6.821, -6.368, 9.457, "Electroshocker", 277)
place(6.821, -6.368, 9.457, "Electroshocker", 288)
place(6.821, -6.368, 9.457, "Electroshocker", 289)
place(6.821, -6.368, 9.457, "Electroshocker", 289)
place(6.821, -6.368, 9.457, "Electroshocker", 301)
place(6.821, -6.368, 9.457, "Electroshocker", 311)
place(6.821, -6.368, 9.457, "Electroshocker", 313)
place(6.821, -6.368, 9.457, "Electroshocker", 313)
place(6.821, -6.368, 9.457, "Electroshocker", 313)
place(6.821, -6.368, 9.457, "Electroshocker", 313)
place(6.821, -6.368, 9.457, "Electroshocker", 313)
place(6.821, -6.368, 9.457, "Electroshocker", 325)
place(6.821, -6.368, 9.457, "Electroshocker", 325)
place(6.821, -6.368, 9.457, "Electroshocker", 337)
place(6.821, -6.368, 9.457, "Electroshocker", 337)
place(6.821, -6.368, 9.457, "Electroshocker", 357)
place(6.821, -6.368, 9.457, "Electroshocker", 357)
upgrade(6.821, -5.018, 9.457, 2)
upgrade(6.821, -5.018, 9.457, 22)
upgrade(6.821, -5.018, 9.457, 34)
upgrade(6.821, -5.018, 9.457, 46)
upgrade(6.821, -5.018, 9.457, 46)
upgrade(6.821, -5.018, 9.457, 46)
upgrade(6.821, -5.018, 9.457, 46)
upgrade(6.821, -5.018, 9.457, 46)
upgrade(6.821, -5.018, 9.457, 55)
upgrade(6.821, -5.018, 9.457, 58)
upgrade(6.821, -5.018, 9.457, 65)
upgrade(6.821, -5.018, 9.457, 70)
upgrade(6.821, -5.018, 9.457, 501)
upgrade(6.821, -5.018, 9.457, 378)
upgrade(6.821, -5.018, 9.457, 467)
upgrade(6.821, -5.018, 9.457, 487)
upgrade(6.821, -5.018, 9.457, 487)
upgrade(6.821, -5.018, 9.457, 487)
upgrade(6.821, -5.018, 9.457, 487)
upgrade(6.821, -5.018, 9.457, 487)
upgrade(6.821, -5.018, 9.457, 507)
upgrade(6.821, -5.018, 9.457, 507)
upgrade(6.821, -5.018, 9.457, 527)
upgrade(6.821, -5.018, 9.457, 527)
upgrade(6.821, -5.018, 9.457, 546)
upgrade(6.821, -5.018, 9.457, 547)
upgrade(6.821, -5.018, 9.457, 566)
upgrade(6.821, -5.018, 9.457, 567)
upgrade(6.821, -5.018, 9.457, 567)
upgrade(6.821, -5.018, 9.457, 567)
upgrade(6.821, -5.018, 9.457, 567)
upgrade(6.821, -5.018, 9.457, 579)
upgrade(6.821, -5.018, 9.457, 589)
upgrade(6.821, -5.018, 9.457, 591)
upgrade(6.821, -5.018, 9.457, 603)
upgrade(6.821, -5.018, 9.457, 629)
upgrade(6.821, -5.018, 9.457, 649)
upgrade(6.821, -5.018, 9.457, 649)
upgrade(6.821, -5.018, 9.457, 667)
upgrade(6.821, -5.018, 9.457, 689)
upgrade(6.821, -5.018, 9.457, 689)
upgrade(6.821, -5.018, 9.457, 1242)
place(5.230, -6.368, 14.113, "Electroshocker", 1242)
upgrade(5.230, -5.018, 14.113, 328)
upgrade(5.230, -5.018, 14.113, 174)
upgrade(5.230, -5.018, 14.113, 132)
upgrade(5.230, -5.018, 14.113, 132)
upgrade(5.230, -5.018, 14.113, 132)
upgrade(5.230, -5.018, 14.113, 132)
upgrade(5.230, -5.018, 14.113, 132)
upgrade(5.230, -5.018, 14.113, 132)
upgrade(5.230, -5.018, 14.113, 144)
upgrade(5.230, -5.018, 14.113, 144)
upgrade(5.230, -5.018, 14.113, 144)
upgrade(5.230, -5.018, 14.113, 156)
upgrade(5.230, -5.018, 14.113, 156)
upgrade(5.230, -5.018, 14.113, 156)
upgrade(5.230, -5.018, 14.113, 268)
upgrade(5.230, -5.018, 14.113, 280)
upgrade(5.230, -5.018, 14.113, 280)
upgrade(5.230, -5.018, 14.113, 292)
upgrade(5.230, -5.018, 14.113, 292)
upgrade(5.230, -5.018, 14.113, 292)
upgrade(5.230, -5.018, 14.113, 304)
upgrade(5.230, -5.018, 14.113, 304)
upgrade(5.230, -5.018, 14.113, 316)
upgrade(5.230, -5.018, 14.113, 316)
upgrade(5.230, -5.018, 14.113, 316)
upgrade(5.230, -5.018, 14.113, 316)
upgrade(5.230, -5.018, 14.113, 316)
upgrade(5.230, -5.018, 14.113, 316)
upgrade(5.230, -5.018, 14.113, 316)
upgrade(5.230, -5.018, 14.113, 316)
upgrade(5.230, -5.018, 14.113, 316)
upgrade(5.230, -5.018, 14.113, 316)
upgrade(5.230, -5.018, 14.113, 328)
upgrade(5.230, -5.018, 14.113, 328)
upgrade(5.230, -5.018, 14.113, 328)
upgrade(5.230, -5.018, 14.113, 328)
upgrade(5.230, -5.018, 14.113, 426)
upgrade(5.230, -5.018, 14.113, 428)
upgrade(5.230, -5.018, 14.113, 1059)
place(7.756, -6.368, 12.334, "Electroshocker", 1059)
place(7.756, -6.368, 12.334, "Electroshocker", 442)
upgrade(7.756, -5.018, 12.334, 175)
upgrade(7.756, -5.018, 12.334, 174)
upgrade(7.756, -5.018, 12.334, 174)
upgrade(7.756, -5.018, 12.334, 174)
upgrade(7.756, -5.018, 12.334, 174)
upgrade(7.756, -5.018, 12.334, 174)
upgrade(7.756, -5.018, 12.334, 174)
upgrade(7.756, -5.018, 12.334, 174)
upgrade(7.756, -5.018, 12.334, 174)
upgrade(7.756, -5.018, 12.334, 174)
upgrade(7.756, -5.018, 12.334, 193)
upgrade(7.756, -5.018, 12.334, 294)
upgrade(7.756, -5.018, 12.334, 113)
upgrade(7.756, -5.018, 12.334, 114)
upgrade(7.756, -5.018, 12.334, 134)
upgrade(7.756, -5.018, 12.334, 153)
upgrade(7.756, -5.018, 12.334, 154)
upgrade(7.756, -5.018, 12.334, 174)
upgrade(7.756, -5.018, 12.334, 194)
upgrade(7.756, -5.018, 12.334, 194)
upgrade(7.756, -5.018, 12.334, 194)
upgrade(7.756, -5.018, 12.334, 194)
upgrade(7.756, -5.018, 12.334, 194)
upgrade(7.756, -5.018, 12.334, 194)
upgrade(7.756, -5.018, 12.334, 194)
upgrade(7.756, -5.018, 12.334, 214)
upgrade(7.756, -5.018, 12.334, 231)
upgrade(7.756, -5.018, 12.334, 234)
upgrade(7.756, -5.018, 12.334, 234)
upgrade(7.756, -5.018, 12.334, 234)
upgrade(7.756, -5.018, 12.334, 234)
upgrade(7.756, -5.018, 12.334, 234)
upgrade(7.756, -5.018, 12.334, 287)
upgrade(7.756, -5.018, 12.334, 334)
upgrade(7.756, -5.018, 12.334, 334)
upgrade(7.756, -5.018, 12.334, 427)
upgrade(7.756, -5.018, 12.334, 434)
upgrade(7.756, -5.018, 12.334, 1139)
place(0.523, -6.368, 14.015, "Electroshocker", 1139)
upgrade(0.523, -5.018, 14.015, 71)
upgrade(0.523, -5.018, 14.015, 283)
upgrade(0.523, -5.018, 14.015, 122)
upgrade(0.523, -5.018, 14.015, 83)
upgrade(0.523, -5.018, 14.015, 83)
upgrade(0.523, -5.018, 14.015, 83)
upgrade(0.523, -5.018, 14.015, 83)
upgrade(0.523, -5.018, 14.015, 103)
upgrade(0.523, -5.018, 14.015, 123)
upgrade(0.523, -5.018, 14.015, 136)
upgrade(0.523, -5.018, 14.015, 143)
upgrade(0.523, -5.018, 14.015, 161)
upgrade(0.523, -5.018, 14.015, 163)
upgrade(0.523, -5.018, 14.015, 183)
upgrade(0.523, -5.018, 14.015, 183)
upgrade(0.523, -5.018, 14.015, 203)
upgrade(0.523, -5.018, 14.015, 228)
upgrade(0.523, -5.018, 14.015, 229)
upgrade(0.523, -5.018, 14.015, 248)
upgrade(0.523, -5.018, 14.015, 249)
upgrade(0.523, -5.018, 14.015, 249)
upgrade(0.523, -5.018, 14.015, 249)
upgrade(0.523, -5.018, 14.015, 249)
upgrade(0.523, -5.018, 14.015, 249)
upgrade(0.523, -5.018, 14.015, 249)
upgrade(0.523, -5.018, 14.015, 249)
upgrade(0.523, -5.018, 14.015, 249)
upgrade(0.523, -5.018, 14.015, 249)
upgrade(0.523, -5.018, 14.015, 249)
upgrade(0.523, -5.018, 14.015, 249)
upgrade(0.523, -5.018, 14.015, 249)
upgrade(0.523, -5.018, 14.015, 249)
upgrade(0.523, -5.018, 14.015, 249)
upgrade(0.523, -5.018, 14.015, 249)
upgrade(0.523, -5.018, 14.015, 249)
upgrade(0.523, -5.018, 14.015, 249)
upgrade(0.523, -5.018, 14.015, 1040)
place(-2.009, -6.368, 15.736, "Electroshocker", 1040)
place(-2.009, -6.368, 15.736, "Electroshocker", 340)
place(-2.009, -6.368, 15.736, "Electroshocker", 340)
place(-2.009, -6.368, 15.736, "Electroshocker", 340)
place(-2.009, -6.368, 15.736, "Electroshocker", 340)
place(-2.009, -6.368, 15.736, "Electroshocker", 340)
upgrade(-2.009, -5.018, 15.736, 365)
upgrade(-2.009, -5.018, 15.736, 166)
upgrade(-2.009, -5.018, 15.736, 165)
upgrade(-2.009, -5.018, 15.736, 165)
upgrade(-2.009, -5.018, 15.736, 165)
upgrade(-2.009, -5.018, 15.736, 165)
upgrade(-2.009, -5.018, 15.736, 165)
upgrade(-2.009, -5.018, 15.736, 165)
upgrade(-2.009, -5.018, 15.736, 165)
upgrade(-2.009, -5.018, 15.736, 561)
upgrade(-2.009, -5.018, 15.736, 565)
upgrade(-2.009, -5.018, 15.736, 565)
upgrade(-2.009, -5.018, 15.736, 589)
upgrade(-2.009, -5.018, 15.736, 633)
upgrade(-2.009, -5.018, 15.736, 673)
upgrade(-2.009, -5.018, 15.736, 713)
place(-4.896, -6.368, 16.659, "Electroshocker", 713)
place(-4.896, -6.368, 16.659, "Electroshocker", 33)
place(-4.896, -6.368, 16.659, "Electroshocker", 33)
place(-4.896, -6.368, 16.659, "Electroshocker", 33)
place(-4.896, -6.368, 16.659, "Electroshocker", 45)
place(-4.896, -6.368, 16.659, "Electroshocker", 51)
place(-4.896, -6.368, 16.659, "Electroshocker", 57)
place(-4.896, -6.368, 16.659, "Electroshocker", 57)
place(-4.896, -6.368, 16.659, "Electroshocker", 57)
place(-4.896, -6.368, 16.659, "Electroshocker", 57)
place(-4.896, -6.368, 16.659, "Electroshocker", 254)
place(-4.896, -6.368, 16.659, "Electroshocker", 257)
place(-4.896, -6.368, 16.659, "Electroshocker", 357)
place(-4.896, -6.368, 16.659, "Electroshocker", 357)
place(-4.896, -6.368, 16.659, "Electroshocker", 1228)
upgrade(-4.896, -5.018, 16.659, 1109)
upgrade(-4.896, -5.018, 16.659, 938)
place(2.724, -6.368, 6.643, "Electroshocker", 938)
place(2.724, -6.368, 6.643, "Electroshocker", 214)
place(2.724, -6.368, 6.643, "Electroshocker", 214)
place(2.724, -6.368, 6.643, "Electroshocker", 214)
place(2.724, -6.368, 6.643, "Electroshocker", 214)
place(2.724, -6.368, 6.643, "Electroshocker", 214)
place(2.724, -6.368, 6.643, "Electroshocker", 447)
upgrade(2.724, -5.018, 6.643, 139)
upgrade(2.724, -5.018, 6.643, 139)
upgrade(2.724, -5.018, 6.643, 139)
upgrade(2.724, -5.018, 6.643, 139)
upgrade(2.724, -5.018, 6.643, 203)
upgrade(2.724, -5.018, 6.643, 83)
upgrade(2.724, -5.018, 6.643, 39)
upgrade(2.724, -5.018, 6.643, 139)
upgrade(2.724, -5.018, 6.643, 139)
upgrade(2.724, -5.018, 6.643, 239)
upgrade(2.724, -5.018, 6.643, 239)
upgrade(2.724, -5.018, 6.643, 519)
upgrade(2.724, -5.018, 6.643, 539)
upgrade(2.724, -5.018, 6.643, 539)
upgrade(2.724, -5.018, 6.643, 539)
upgrade(2.724, -5.018, 6.643, 539)
upgrade(2.724, -5.018, 6.643, 539)
upgrade(2.724, -5.018, 6.643, 539)
upgrade(2.724, -5.018, 6.643, 539)
upgrade(2.724, -5.018, 6.643, 539)
upgrade(2.724, -5.018, 6.643, 539)
upgrade(2.724, -5.018, 6.643, 539)
upgrade(2.724, -5.018, 6.643, 539)
upgrade(2.724, -5.018, 6.643, 539)
upgrade(2.724, -5.018, 6.643, 632)
upgrade(2.724, -5.018, 6.643, 639)
upgrade(2.724, -5.018, 6.643, 639)
upgrade(2.724, -5.018, 6.643, 639)
upgrade(2.724, -5.018, 6.643, 737)
place(1.516, -6.368, 3.766, "Electroshocker", 737)
place(1.516, -6.368, 3.766, "Electroshocker", 39)
place(1.516, -6.368, 3.766, "Electroshocker", 991)
upgrade(1.516, -5.018, 3.766, 849)
upgrade(1.516, -5.018, 3.766, 731)
place(4.503, -6.368, 4.215, "Electroshocker", 731)
place(4.503, -6.368, 4.215, "Electroshocker", 1)
place(4.503, -6.368, 4.215, "Electroshocker", 1)
place(4.503, -6.368, 4.215, "Electroshocker", 1)
place(4.503, -6.368, 4.215, "Electroshocker", 1)
place(4.503, -6.368, 4.215, "Electroshocker", 1)
place(4.503, -6.368, 4.215, "Electroshocker", 1)
place(4.503, -6.368, 4.215, "Electroshocker", 101)
place(4.503, -6.368, 4.215, "Electroshocker", 190)
place(4.503, -6.368, 4.215, "Electroshocker", 201)
place(4.503, -6.368, 4.215, "Electroshocker", 292)
place(4.503, -6.368, 4.215, "Electroshocker", 378)
upgrade(4.503, -5.018, 4.215, 106)
upgrade(4.503, -5.018, 4.215, 126)
upgrade(4.503, -5.018, 4.215, 126)
upgrade(4.503, -5.018, 4.215, 358)
upgrade(4.503, -5.018, 4.215, 184)
upgrade(4.503, -5.018, 4.215, 259)
upgrade(4.503, -5.018, 4.215, 259)
upgrade(4.503, -5.018, 4.215, 355)
upgrade(4.503, -5.018, 4.215, 458)
upgrade(4.503, -5.018, 4.215, 459)
upgrade(4.503, -5.018, 4.215, 459)
upgrade(4.503, -5.018, 4.215, 459)
upgrade(4.503, -5.018, 4.215, 459)
upgrade(4.503, -5.018, 4.215, 459)
upgrade(4.503, -5.018, 4.215, 859)
place(-1.026, -6.368, 0.451, "DJ Booth", 859)
place(-1.026, -6.368, 0.451, "DJ Booth", 259)
place(-1.026, -6.368, 0.451, "DJ Booth", 259)
place(-1.026, -6.368, 0.451, "DJ Booth", 259)
place(-1.026, -6.368, 0.451, "DJ Booth", 259)
place(-1.026, -6.368, 0.451, "DJ Booth", 659)
place(-1.026, -6.368, 0.451, "DJ Booth", 659)
upgrade(-1.026, -5.003, 0.451, 842)
SetDjTrack(-1.026, -5.003, 0.451, "Green", 558)
upgrade(-1.026, -5.003, 0.451, 542)
upgrade(-1.026, -5.003, 0.451, 851)
upgrade(-1.026, -5.003, 0.451, 851)
upgrade(-1.026, -5.003, 0.451, 851)
upgrade(-1.026, -5.003, 0.451, 851)
upgrade(-1.026, -5.003, 0.451, 851)
upgrade(-1.026, -5.003, 0.451, 948)
upgrade(-1.026, -5.003, 0.451, 1012)
upgrade(-1.026, -5.003, 0.451, 1051)
upgrade(-1.026, -5.003, 0.451, 1151)
upgrade(-1.026, -5.003, 0.451, 86)
upgrade(-1.026, -5.003, 0.451, 1)
upgrade(-1.026, -5.003, 0.451, 1)
upgrade(-1.026, -5.003, 0.451, 101)
upgrade(-1.026, -5.003, 0.451, 211)
upgrade(-1.026, -5.003, 0.451, 237)
upgrade(-1.026, -5.003, 0.451, 249)
upgrade(-1.026, -5.003, 0.451, 281)
upgrade(-1.026, -5.003, 0.451, 301)
upgrade(-1.026, -5.003, 0.451, 440)
upgrade(-1.026, -5.003, 0.451, 441)
upgrade(-1.026, -5.003, 0.451, 441)
upgrade(-1.026, -5.003, 0.451, 441)
upgrade(-1.026, -5.003, 0.451, 441)
upgrade(-1.026, -5.003, 0.451, 441)
upgrade(-1.026, -5.003, 0.451, 441)
upgrade(-1.026, -5.003, 0.451, 441)
upgrade(-1.026, -5.003, 0.451, 441)
upgrade(-1.026, -5.003, 0.451, 441)
upgrade(-1.026, -5.003, 0.451, 841)
upgrade(-1.026, -5.003, 0.451, 841)
upgrade(-1.026, -5.003, 0.451, 841)
upgrade(-1.026, -5.003, 0.451, 841)
upgrade(-1.026, -5.003, 0.451, 841)
upgrade(-1.026, -5.003, 0.451, 2233)
upgrade(-1.026, -5.003, 0.451, 2355)
upgrade(-1.026, -5.003, 0.451, 2689)
upgrade(-1.026, -5.003, 0.451, 2689)
upgrade(-1.026, -5.003, 0.451, 2689)
upgrade(-1.026, -5.003, 0.451, 2689)
upgrade(-1.026, -5.003, 0.451, 2689)
upgrade(-1.026, -5.003, 0.451, 2689)
upgrade(-1.026, -5.003, 0.451, 2689)
upgrade(-1.026, -5.003, 0.451, 2689)
upgrade(-1.026, -5.003, 0.451, 2689)
upgrade(-1.026, -5.003, 0.451, 2689)
upgrade(-1.026, -5.003, 0.451, 2689)
upgrade(-1.026, -5.003, 0.451, 2689)
upgrade(-1.026, -5.003, 0.451, 2689)
upgrade(-1.026, -5.003, 0.451, 2689)
upgrade(-1.026, -5.003, 0.451, 2689)
upgrade(-1.026, -5.003, 0.451, 2689)
upgrade(-1.026, -5.003, 0.451, 2689)
upgrade(-1.026, -5.003, 0.451, 2689)
upgrade(-1.026, -5.003, 0.451, 2689)
upgrade(-1.026, -5.003, 0.451, 2987)
upgrade(-1.026, -5.003, 0.451, 2989)
upgrade(-1.026, -5.003, 0.451, 2989)
upgrade(-1.026, -5.003, 0.451, 2989)
upgrade(-1.026, -5.003, 0.451, 2989)
upgrade(-1.026, -5.003, 0.451, 2989)
upgrade(-1.026, -5.003, 0.451, 2989)
place(2.976, -6.368, 0.919, "Crook Boss", 2989)
DropTheBeat(-1.026, -5.003, 0.451, 392)
place(2.976, -6.368, 0.919, "Crook Boss", 884)
place(2.976, -6.368, 0.919, "Crook Boss", 884)
place(2.976, -6.368, 0.919, "Crook Boss", 884)
DropTheBeat(-1.026, -5.003, 0.451, 884)
place(2.976, -6.368, 0.919, "Crook Boss", 884)
place(2.976, -6.368, 0.919, "Crook Boss", 884)
place(2.976, -6.368, 0.919, "Crook Boss", 884)
DropTheBeat(-1.026, -5.003, 0.451, 884)
place(2.976, -6.368, 0.919, "Crook Boss", 1154)
place(2.976, -6.368, 0.919, "Crook Boss", 1184)
place(2.976, -6.368, 0.919, "Crook Boss", 2379)
DropTheBeat(-1.026, -5.003, 0.451, 813)
upgrade(2.976, -5.018, 0.919, 779)
upgrade(2.976, -5.018, 0.919, 68)
upgrade(2.976, -5.018, 0.919, 44)
DropTheBeat(-1.026, -5.003, 0.451, 44)
upgrade(2.976, -5.018, 0.919, 44)
upgrade(2.976, -5.018, 0.919, 344)
upgrade(2.976, -5.018, 0.919, 633)
DropTheBeat(-1.026, -5.003, 0.451, 944)
upgrade(2.976, -5.018, 0.919, 944)
upgrade(2.976, -5.018, 0.919, 944)
upgrade(2.976, -5.018, 0.919, 1244)
upgrade(2.976, -5.018, 0.919, 1994)
DropTheBeat(-1.026, -5.003, 0.451, 2076)
upgrade(2.976, -5.018, 0.919, 2076)
upgrade(2.976, -5.018, 0.919, 2076)
upgrade(2.976, -5.018, 0.919, 2076)
DropTheBeat(-1.026, -5.003, 0.451, 2076)
upgrade(2.976, -5.018, 0.919, 2374)
upgrade(2.976, -5.018, 0.919, 2964)
upgrade(2.976, -5.018, 0.919, 3276)
place(5.953, -6.368, 1.519, "Crook Boss", 3276)
DropTheBeat(-1.026, -5.003, 0.451, 299)
place(5.953, -6.368, 1.519, "Crook Boss", 216)
place(5.953, -6.368, 1.519, "Crook Boss", 216)
place(5.953, -6.368, 1.519, "Crook Boss", 816)
DropTheBeat(-1.026, -5.003, 0.451, 816)
place(5.953, -6.368, 1.519, "Crook Boss", 816)
place(5.953, -6.368, 1.519, "Crook Boss", 816)
place(5.953, -6.368, 1.519, "Crook Boss", 816)
DropTheBeat(-1.026, -5.003, 0.451, 816)
place(5.953, -6.368, 1.519, "Crook Boss", 816)
place(5.953, -6.368, 1.519, "Crook Boss", 816)
place(5.953, -6.368, 1.519, "Crook Boss", 816)
DropTheBeat(-1.026, -5.003, 0.451, 816)
place(5.953, -6.368, 1.519, "Crook Boss", 816)
place(5.953, -6.368, 1.519, "Crook Boss", 816)
place(5.953, -6.368, 1.519, "Crook Boss", 816)
DropTheBeat(-1.026, -5.003, 0.451, 816)
place(5.953, -6.368, 1.519, "Crook Boss", 816)
place(5.953, -6.368, 1.519, "Crook Boss", 1581)
DropTheBeat(-1.026, -5.003, 0.451, 844)
upgrade(5.953, -5.018, 1.519, 1145)
upgrade(5.953, -5.018, 1.519, 548)
upgrade(5.953, -5.018, 1.519, 406)
upgrade(5.953, -5.018, 1.519, 406)
DropTheBeat(-1.026, -5.003, 0.451, 406)
upgrade(5.953, -5.018, 1.519, 406)
upgrade(5.953, -5.018, 1.519, 406)
upgrade(5.953, -5.018, 1.519, 506)
DropTheBeat(-1.026, -5.003, 0.451, 605)
upgrade(5.953, -5.018, 1.519, 606)
upgrade(5.953, -5.018, 1.519, 706)
upgrade(5.953, -5.018, 1.519, 806)
DropTheBeat(-1.026, -5.003, 0.451, 906)
upgrade(5.953, -5.018, 1.519, 906)
upgrade(5.953, -5.018, 1.519, 1006)
upgrade(5.953, -5.018, 1.519, 1006)
DropTheBeat(-1.026, -5.003, 0.451, 1006)
upgrade(5.953, -5.018, 1.519, 1006)
upgrade(5.953, -5.018, 1.519, 1006)
upgrade(5.953, -5.018, 1.519, 1006)
DropTheBeat(-1.026, -5.003, 0.451, 1006)
upgrade(5.953, -5.018, 1.519, 1006)
upgrade(5.953, -5.018, 1.519, 1006)
upgrade(5.953, -5.018, 1.519, 1006)
DropTheBeat(-1.026, -5.003, 0.451, 1006)
upgrade(5.953, -5.018, 1.519, 1006)
upgrade(5.953, -5.018, 1.519, 1006)
upgrade(5.953, -5.018, 1.519, 1728)
DropTheBeat(-1.026, -5.003, 0.451, 1806)
upgrade(5.953, -5.018, 1.519, 1806)
upgrade(5.953, -5.018, 1.519, 1806)
upgrade(5.953, -5.018, 1.519, 1806)
DropTheBeat(-1.026, -5.003, 0.451, 1806)
upgrade(5.953, -5.018, 1.519, 1806)
upgrade(5.953, -5.018, 1.519, 1806)
upgrade(5.953, -5.018, 1.519, 1806)
DropTheBeat(-1.026, -5.003, 0.451, 1806)
upgrade(5.953, -5.018, 1.519, 1806)
upgrade(5.953, -5.018, 1.519, 2206)
upgrade(5.953, -5.018, 1.519, 2206)
DropTheBeat(-1.026, -5.003, 0.451, 2206)
upgrade(5.953, -5.018, 1.519, 2206)
upgrade(5.953, -5.018, 1.519, 2206)
upgrade(5.953, -5.018, 1.519, 2206)
DropTheBeat(-1.026, -5.003, 0.451, 2206)
upgrade(5.953, -5.018, 1.519, 2206)
upgrade(5.953, -5.018, 1.519, 2206)
upgrade(5.953, -5.018, 1.519, 3005)
DropTheBeat(-1.026, -5.003, 0.451, 3006)
upgrade(5.953, -5.018, 1.519, 3006)
upgrade(5.953, -5.018, 1.519, 3006)
upgrade(5.953, -5.018, 1.519, 3006)
DropTheBeat(-1.026, -5.003, 0.451, 3006)
upgrade(5.953, -5.018, 1.519, 3567)
place(2.139, -6.368, -2.070, "Crook Boss", 3567)
place(2.139, -6.368, -2.070, "Crook Boss", 511)
place(2.139, -6.368, -2.070, "Crook Boss", 1311)
DropTheBeat(-1.026, -5.003, 0.451, 1311)
place(2.139, -6.368, -2.070, "Crook Boss", 1311)
place(2.139, -6.368, -2.070, "Crook Boss", 1311)
place(2.139, -6.368, -2.070, "Crook Boss", 1311)
DropTheBeat(-1.026, -5.003, 0.451, 1311)
place(2.139, -6.368, -2.070, "Crook Boss", 1311)
place(2.139, -6.368, -2.070, "Crook Boss", 1311)
place(2.139, -6.368, -2.070, "Crook Boss", 1311)
DropTheBeat(-1.026, -5.003, 0.451, 1311)
place(2.139, -6.368, -2.070, "Crook Boss", 1311)
place(2.139, -6.368, -2.070, "Crook Boss", 1311)
place(2.139, -6.368, -2.070, "Crook Boss", 1311)
place(2.139, -6.368, -2.070, "Crook Boss", 1311)
DropTheBeat(-1.026, -5.003, 0.451, 1311)
place(2.139, -6.368, -2.070, "Crook Boss", 1311)
place(2.139, -6.368, -2.070, "Crook Boss", 1311)
place(2.139, -6.368, -2.070, "Crook Boss", 1680)
DropTheBeat(-1.026, -5.003, 0.451, 123)
upgrade(2.139, -5.018, -2.070, 111)
upgrade(2.139, -5.018, -2.070, 483)
upgrade(2.139, -5.018, -2.070, 445)
upgrade(2.139, -5.018, -2.070, 842)
DropTheBeat(-1.026, -5.003, 0.451, 842)
upgrade(2.139, -5.018, -2.070, 842)
upgrade(2.139, -5.018, -2.070, 842)
DropTheBeat(-1.026, -5.003, 0.451, 842)
upgrade(2.139, -5.018, -2.070, 842)
upgrade(2.139, -5.018, -2.070, 842)
upgrade(2.139, -5.018, -2.070, 842)
upgrade(2.139, -5.018, -2.070, 842)
DropTheBeat(-1.026, -5.003, 0.451, 842)
upgrade(2.139, -5.018, -2.070, 842)
upgrade(2.139, -5.018, -2.070, 842)
upgrade(2.139, -5.018, -2.070, 1110)
DropTheBeat(-1.026, -5.003, 0.451, 1110)
upgrade(2.139, -5.018, -2.070, 1142)
upgrade(2.139, -5.018, -2.070, 1142)
DropTheBeat(-1.026, -5.003, 0.451, 1442)
upgrade(2.139, -5.018, -2.070, 1442)
upgrade(2.139, -5.018, -2.070, 1742)
upgrade(2.139, -5.018, -2.070, 1742)
DropTheBeat(-1.026, -5.003, 0.451, 2042)
upgrade(2.139, -5.018, -2.070, 2042)
upgrade(2.139, -5.018, -2.070, 2142)
upgrade(2.139, -5.018, -2.070, 2442)
DropTheBeat(-1.026, -5.003, 0.451, 2542)
upgrade(2.139, -5.018, -2.070, 2542)
upgrade(2.139, -5.018, -2.070, 2642)
upgrade(2.139, -5.018, -2.070, 2742)
DropTheBeat(-1.026, -5.003, 0.451, 2742)
upgrade(2.139, -5.018, -2.070, 3441)
place(8.724, -6.368, 0.252, "Crook Boss", 3441)
place(8.724, -6.368, 0.252, "Crook Boss", 682)
place(8.724, -6.368, 0.252, "Crook Boss", 782)
DropTheBeat(-1.026, -5.003, 0.451, 782)
place(8.724, -6.368, 0.252, "Crook Boss", 782)
place(8.724, -6.368, 0.252, "Crook Boss", 882)
place(8.724, -6.368, 0.252, "Crook Boss", 882)
DropTheBeat(-1.026, -5.003, 0.451, 975)
place(8.724, -6.368, 0.252, "Crook Boss", 1582)
place(8.724, -6.368, 0.252, "Crook Boss", 1582)
upgrade(8.724, -5.018, 0.252, 115)
DropTheBeat(-1.026, -5.003, 0.451, 115)
upgrade(8.724, -5.018, 0.252, 115)
upgrade(8.724, -5.018, 0.252, 115)
DropTheBeat(-1.026, -5.003, 0.451, 115)
upgrade(8.724, -5.018, 0.252, 115)
upgrade(8.724, -5.018, 0.252, 115)
upgrade(8.724, -5.018, 0.252, 515)
upgrade(8.724, -5.018, 0.252, 915)
DropTheBeat(-1.026, -5.003, 0.451, 915)
upgrade(8.724, -5.018, 0.252, 915)
upgrade(8.724, -5.018, 0.252, 915)
upgrade(8.724, -5.018, 0.252, 915)
DropTheBeat(-1.026, -5.003, 0.451, 915)
upgrade(8.724, -5.018, 0.252, 1314)
upgrade(8.724, -5.018, 0.252, 310)
upgrade(8.724, -5.018, 0.252, 280)
DropTheBeat(-1.026, -5.003, 0.451, 280)
upgrade(8.724, -5.018, 0.252, 280)
upgrade(8.724, -5.018, 0.252, 880)
upgrade(8.724, -5.018, 0.252, 880)
DropTheBeat(-1.026, -5.003, 0.451, 880)
upgrade(8.724, -5.018, 0.252, 880)
upgrade(8.724, -5.018, 0.252, 880)
upgrade(8.724, -5.018, 0.252, 1479)
DropTheBeat(-1.026, -5.003, 0.451, 1480)
upgrade(8.724, -5.018, 0.252, 1480)
upgrade(8.724, -5.018, 0.252, 1480)
upgrade(8.724, -5.018, 0.252, 1480)
DropTheBeat(-1.026, -5.003, 0.451, 1480)
upgrade(8.724, -5.018, 0.252, 1480)
upgrade(8.724, -5.018, 0.252, 2286)
upgrade(8.724, -5.018, 0.252, 2480)
DropTheBeat(-1.026, -5.003, 0.451, 2480)
upgrade(8.724, -5.018, 0.252, 2480)
upgrade(8.724, -5.018, 0.252, 2480)
upgrade(8.724, -5.018, 0.252, 2480)
DropTheBeat(-1.026, -5.003, 0.451, 2480)
upgrade(8.724, -5.018, 0.252, 2480)
upgrade(8.724, -5.018, 0.252, 3921)
place(6.115, -6.368, -1.481, "Crook Boss", 3921)
place(6.115, -6.368, -1.481, "Crook Boss", 1263)
DropTheBeat(-1.026, -5.003, 0.451, 1293)
place(6.115, -6.368, -1.481, "Crook Boss", 1863)
upgrade(6.115, -5.018, -1.481, 293)
upgrade(6.115, -5.018, -1.481, 293)
DropTheBeat(-1.026, -5.003, 0.451, 293)
upgrade(6.115, -5.018, -1.481, 293)
upgrade(6.115, -5.018, -1.481, 574)
upgrade(6.115, -5.018, -1.481, 593)
DropTheBeat(-1.026, -5.003, 0.451, 886)
upgrade(6.115, -5.018, -1.481, 893)
upgrade(6.115, -5.018, -1.481, 893)
upgrade(6.115, -5.018, -1.481, 1191)
upgrade(6.115, -5.018, -1.481, 158)
DropTheBeat(-1.026, -5.003, 0.451, 158)
upgrade(6.115, -5.018, -1.481, 1158)
upgrade(6.115, -5.018, -1.481, 1458)
upgrade(6.115, -5.018, -1.481, 2053)
DropTheBeat(-1.026, -5.003, 0.451, 2053)
upgrade(6.115, -5.018, -1.481, 2356)
upgrade(6.115, -5.018, -1.481, 2658)
DropTheBeat(-1.026, -5.003, 0.451, 2658)
upgrade(6.115, -5.018, -1.481, 2658)
upgrade(6.115, -5.018, -1.481, 2658)
upgrade(6.115, -5.018, -1.481, 2756)
DropTheBeat(-1.026, -5.003, 0.451, 2758)
upgrade(6.115, -5.018, -1.481, 2758)
upgrade(6.115, -5.018, -1.481, 2758)
upgrade(6.115, -5.018, -1.481, 2858)
DropTheBeat(-1.026, -5.003, 0.451, 2958)
upgrade(6.115, -5.018, -1.481, 2958)
upgrade(6.115, -5.018, -1.481, 2958)
upgrade(6.115, -5.018, -1.481, 2958)
DropTheBeat(-1.026, -5.003, 0.451, 3954)
upgrade(6.115, -5.018, -1.481, 3954)
upgrade(-1.026, -5.003, 0.451, 1674)
upgrade(-1.026, -5.003, 0.451, 898)
upgrade(-1.026, -5.003, 0.451, 898)
DropTheBeat(-1.026, -5.003, 0.451, 998)
upgrade(-1.026, -5.003, 0.451, 998)
upgrade(-1.026, -5.003, 0.451, 998)
upgrade(-1.026, -5.003, 0.451, 1098)
upgrade(-1.026, -5.003, 0.451, 1098)
DropTheBeat(-1.026, -5.003, 0.451, 1098)
upgrade(-1.026, -5.003, 0.451, 1098)
upgrade(-1.026, -5.003, 0.451, 1098)
upgrade(-1.026, -5.003, 0.451, 1098)
DropTheBeat(-1.026, -5.003, 0.451, 1098)
upgrade(-1.026, -5.003, 0.451, 1098)
upgrade(-1.026, -5.003, 0.451, 1098)
DropTheBeat(-1.026, -5.003, 0.451, 1098)
upgrade(-1.026, -5.003, 0.451, 1098)
upgrade(-1.026, -5.003, 0.451, 1698)
upgrade(-1.026, -5.003, 0.451, 1698)
upgrade(-1.026, -5.003, 0.451, 3221)
DropTheBeat(-1.026, -5.003, 0.451, 3221)
upgrade(-1.026, -5.003, 0.451, 3677)
upgrade(-1.026, -5.003, 0.451, 3677)
upgrade(-1.026, -5.003, 0.451, 3677)
DropTheBeat(-1.026, -5.003, 0.451, 3677)
upgrade(-1.026, -5.003, 0.451, 3677)
upgrade(-1.026, -5.003, 0.451, 3677)
upgrade(-1.026, -5.003, 0.451, 3677)
DropTheBeat(-1.026, -5.003, 0.451, 3677)
upgrade(-1.026, -5.003, 0.451, 3677)
upgrade(-1.026, -5.003, 0.451, 3677)
upgrade(-1.026, -5.003, 0.451, 3677)
DropTheBeat(-1.026, -5.003, 0.451, 3677)
upgrade(-1.026, -5.003, 0.451, 3677)
upgrade(-1.026, -5.003, 0.451, 3677)
upgrade(-1.026, -5.003, 0.451, 3697)
DropTheBeat(-1.026, -5.003, 0.451, 3697)
upgrade(-1.026, -5.003, 0.451, 3697)
upgrade(-1.026, -5.003, 0.451, 4708)
upgrade(-1.026, -5.003, 0.451, 4757)
DropTheBeat(-1.026, -5.003, 0.451, 4845)
upgrade(-1.026, -5.003, 0.451, 4857)
upgrade(-1.026, -5.003, 0.451, 5057)
upgrade(-1.026, -5.003, 0.451, 5257)
DropTheBeat(-1.026, -5.003, 0.451, 5257)
upgrade(-1.026, -5.003, 0.451, 5357)
upgrade(-1.026, -5.003, 0.451, 5357)
DropTheBeat(-1.026, -5.003, 0.451, 5657)
upgrade(-1.026, -5.003, 0.451, 5657)
upgrade(-1.026, -5.003, 0.451, 6056)
upgrade(-1.026, -5.003, 0.451, 6356)
DropTheBeat(-1.026, -5.003, 0.451, 6356)
upgrade(-1.026, -5.003, 0.451, 6356)
upgrade(-1.026, -5.003, 0.451, 6656)
upgrade(-1.026, -5.003, 0.451, 6656)
DropTheBeat(-1.026, -5.003, 0.451, 7452)
upgrade(-1.026, -5.003, 0.451, 7456)
upgrade(-1.026, -5.003, 0.451, 7456)
upgrade(-1.026, -5.003, 0.451, 7456)
DropTheBeat(-1.026, -5.003, 0.451, 7456)
upgrade(-1.026, -5.003, 0.451, 7456)
upgrade(-1.026, -5.003, 0.451, 7756)
upgrade(-1.026, -5.003, 0.451, 7756)
DropTheBeat(-1.026, -5.003, 0.451, 7756)
upgrade(-1.026, -5.003, 0.451, 7756)
upgrade(-1.026, -5.003, 0.451, 7756)
upgrade(-1.026, -5.003, 0.451, 7756)
DropTheBeat(-1.026, -5.003, 0.451, 7756)
upgrade(-1.026, -5.003, 0.451, 8288)
upgrade(-1.026, -5.003, 0.451, 841)
upgrade(-1.026, -5.003, 0.451, 356)
upgrade(-1.026, -5.003, 0.451, 356)
DropTheBeat(-1.026, -5.003, 0.451, 356)
upgrade(-1.026, -5.003, 0.451, 356)
upgrade(-1.026, -5.003, 0.451, 356)
upgrade(-1.026, -5.003, 0.451, 656)
DropTheBeat(-1.026, -5.003, 0.451, 656)
upgrade(-1.026, -5.003, 0.451, 1837)
upgrade(-1.026, -5.003, 0.451, 2261)
upgrade(-1.026, -5.003, 0.451, 2740)
upgrade(-1.026, -5.003, 0.451, 2742)
DropTheBeat(-1.026, -5.003, 0.451, 2742)
upgrade(-1.026, -5.003, 0.451, 2742)
upgrade(-1.026, -5.003, 0.451, 2742)
upgrade(-1.026, -5.003, 0.451, 2742)
DropTheBeat(-1.026, -5.003, 0.451, 2742)
upgrade(-1.026, -5.003, 0.451, 2742)
upgrade(-1.026, -5.003, 0.451, 2742)
DropTheBeat(-1.026, -5.003, 0.451, 2742)
upgrade(-1.026, -5.003, 0.451, 2742)
upgrade(-1.026, -5.003, 0.451, 2742)
upgrade(-1.026, -5.003, 0.451, 2742)
DropTheBeat(-1.026, -5.003, 0.451, 2742)
upgrade(-1.026, -5.003, 0.451, 2742)
upgrade(-1.026, -5.003, 0.451, 3342)
upgrade(-1.026, -5.003, 0.451, 3926)
DropTheBeat(-1.026, -5.003, 0.451, 3942)
upgrade(-1.026, -5.003, 0.451, 3942)
upgrade(-1.026, -5.003, 0.451, 6033)
DropTheBeat(-1.026, -5.003, 0.451, 6042)
upgrade(-1.026, -5.003, 0.451, 6042)
upgrade(-1.026, -5.003, 0.451, 6842)
upgrade(-1.026, -5.003, 0.451, 6842)
DropTheBeat(-1.026, -5.003, 0.451, 7142)
upgrade(-1.026, -5.003, 0.451, 7142)
upgrade(-1.026, -5.003, 0.451, 7142)
upgrade(-1.026, -5.003, 0.451, 7241)
DropTheBeat(-1.026, -5.003, 0.451, 7342)
upgrade(-1.026, -5.003, 0.451, 7404)
upgrade(-1.026, -5.003, 0.451, 7442)
upgrade(-1.026, -5.003, 0.451, 7442)
upgrade(-1.026, -5.003, 0.451, 7442)
DropTheBeat(-1.026, -5.003, 0.451, 7442)
upgrade(-1.026, -5.003, 0.451, 7442)
upgrade(-1.026, -5.003, 0.451, 7442)
upgrade(-1.026, -5.003, 0.451, 7442)
DropTheBeat(-1.026, -5.003, 0.451, 7442)
upgrade(-1.026, -5.003, 0.451, 7442)
upgrade(-1.026, -5.003, 0.451, 7442)
DropTheBeat(-1.026, -5.003, 0.451, 7442)
upgrade(-1.026, -5.003, 0.451, 7442)
upgrade(-1.026, -5.003, 0.451, 8642)
upgrade(-1.026, -5.003, 0.451, 8642)
DropTheBeat(-1.026, -5.003, 0.451, 10392)
upgrade(-1.026, -5.003, 0.451, 10392)
upgrade(-1.026, -5.003, 0.451, 10392)
upgrade(-1.026, -5.003, 0.451, 11885)
DropTheBeat(-1.026, -5.003, 0.451, 12142)
upgrade(-1.026, -5.003, 0.451, 12142)
upgrade(-1.026, -5.003, 0.451, 13810)
upgrade(-1.026, -5.003, 0.451, 14139)
DropTheBeat(-1.026, -5.003, 0.451, 14336)
upgrade(-1.026, -5.003, 0.451, 14336)
upgrade(-1.026, -5.003, 0.451, 14336)
upgrade(-1.026, -5.003, 0.451, 14336)
DropTheBeat(-1.026, -5.003, 0.451, 14336)
upgrade(-1.026, -5.003, 0.451, 14336)
upgrade(-1.026, -5.003, 0.451, 14336)
upgrade(-1.026, -5.003, 0.451, 14336)
DropTheBeat(-1.026, -5.003, 0.451, 14336)
upgrade(-1.026, -5.003, 0.451, 14336)
upgrade(-1.026, -5.003, 0.451, 14336)
upgrade(-1.026, -5.003, 0.451, 14336)
DropTheBeat(-1.026, -5.003, 0.451, 14336)
upgrade(-1.026, -5.003, 0.451, 14336)
upgrade(-1.026, -5.003, 0.451, 14636)
upgrade(-1.026, -5.003, 0.451, 15224)
DropTheBeat(-1.026, -5.003, 0.451, 15524)
upgrade(-1.026, -5.003, 0.451, 15536)
upgrade(-1.026, -5.003, 0.451, 15824)
upgrade(-1.026, -5.003, 0.451, 16136)
DropTheBeat(-1.026, -5.003, 0.451, 16234)
upgrade(-1.026, -5.003, 0.451, 16236)
upgrade(-1.026, -5.003, 0.451, 16636)
upgrade(-1.026, -5.003, 0.451, 17262)
DropTheBeat(-1.026, -5.003, 0.451, 17269)
upgrade(-1.026, -5.003, 0.451, 17269)
upgrade(-1.026, -5.003, 0.451, 17669)
upgrade(-1.026, -5.003, 0.451, 18069)
DropTheBeat(-1.026, -5.003, 0.451, 18069)
upgrade(-1.026, -5.003, 0.451, 18069)
upgrade(-1.026, -5.003, 0.451, 18469)
upgrade(-1.026, -5.003, 0.451, 18469)
DropTheBeat(-1.026, -5.003, 0.451, 18869)
upgrade(-1.026, -5.003, 0.451, 18869)
upgrade(-1.026, -5.003, 0.451, 18869)
upgrade(-1.026, -5.003, 0.451, 18869)
DropTheBeat(-1.026, -5.003, 0.451, 18869)
upgrade(-1.026, -5.003, 0.451, 20067)
upgrade(2.724, -5.018, 6.643, 264)
upgrade(2.724, -5.018, 6.643, 69)
DropTheBeat(-1.026, -5.003, 0.451, 69)
upgrade(2.724, -5.018, 6.643, 69)
upgrade(2.724, -5.018, 6.643, 69)
upgrade(2.724, -5.018, 6.643, 69)
DropTheBeat(-1.026, -5.003, 0.451, 463)
upgrade(2.724, -5.018, 6.643, 469)
upgrade(2.724, -5.018, 6.643, 469)
upgrade(2.724, -5.018, 6.643, 1269)
DropTheBeat(-1.026, -5.003, 0.451, 1269)
upgrade(2.724, -5.018, 6.643, 1637)
upgrade(2.724, -5.018, 6.643, 1669)
DropTheBeat(-1.026, -5.003, 0.451, 1669)
upgrade(2.724, -5.018, 6.643, 1669)
upgrade(2.724, -5.018, 6.643, 1669)
upgrade(2.724, -5.018, 6.643, 1669)
DropTheBeat(-1.026, -5.003, 0.451, 1669)
upgrade(2.724, -5.018, 6.643, 1669)
upgrade(2.724, -5.018, 6.643, 1669)
upgrade(2.724, -5.018, 6.643, 1669)
DropTheBeat(-1.026, -5.003, 0.451, 1669)
upgrade(2.724, -5.018, 6.643, 1669)
upgrade(2.724, -5.018, 6.643, 1669)
upgrade(2.724, -5.018, 6.643, 1669)
DropTheBeat(-1.026, -5.003, 0.451, 1669)
upgrade(2.724, -5.018, 6.643, 1669)
upgrade(2.724, -5.018, 6.643, 1669)
upgrade(2.724, -5.018, 6.643, 1669)
DropTheBeat(-1.026, -5.003, 0.451, 1669)
upgrade(2.724, -5.018, 6.643, 1669)
upgrade(2.724, -5.018, 6.643, 1669)
upgrade(2.724, -5.018, 6.643, 1669)
DropTheBeat(-1.026, -5.003, 0.451, 1669)
upgrade(2.724, -5.018, 6.643, 6584)
upgrade(2.724, -5.018, 6.643, 4598)
upgrade(2.724, -5.018, 6.643, 4544)
DropTheBeat(-1.026, -5.003, 0.451, 4544)
upgrade(2.724, -5.018, 6.643, 4544)
upgrade(2.724, -5.018, 6.643, 4544)
upgrade(2.724, -5.018, 6.643, 4544)
DropTheBeat(-1.026, -5.003, 0.451, 4544)
upgrade(2.724, -5.018, 6.643, 4544)
upgrade(2.724, -5.018, 6.643, 4544)
upgrade(2.724, -5.018, 6.643, 4544)
DropTheBeat(-1.026, -5.003, 0.451, 4544)
upgrade(2.724, -5.018, 6.643, 6196)
upgrade(2.724, -5.018, 6.643, 6419)
upgrade(2.724, -5.018, 6.643, 1321)
upgrade(2.724, -5.018, 6.643, 1022)
DropTheBeat(-1.026, -5.003, 0.451, 1022)
upgrade(2.724, -5.018, 6.643, 1022)
upgrade(2.724, -5.018, 6.643, 1022)
upgrade(2.724, -5.018, 6.643, 1022)
DropTheBeat(-1.026, -5.003, 0.451, 1022)
upgrade(2.724, -5.018, 6.643, 1022)
upgrade(2.724, -5.018, 6.643, 2642)
upgrade(2.724, -5.018, 6.643, 2793)
DropTheBeat(-1.026, -5.003, 0.451, 3321)
upgrade(2.724, -5.018, 6.643, 3324)
upgrade(2.724, -5.018, 6.643, 3324)
upgrade(2.724, -5.018, 6.643, 3324)
DropTheBeat(-1.026, -5.003, 0.451, 3324)
upgrade(2.724, -5.018, 6.643, 3324)
upgrade(2.724, -5.018, 6.643, 3324)
DropTheBeat(-1.026, -5.003, 0.451, 3324)
upgrade(2.724, -5.018, 6.643, 3324)
upgrade(2.724, -5.018, 6.643, 3324)
upgrade(2.724, -5.018, 6.643, 3884)
DropTheBeat(-1.026, -5.003, 0.451, 3924)
upgrade(2.724, -5.018, 6.643, 3924)
upgrade(2.724, -5.018, 6.643, 3924)
DropTheBeat(-1.026, -5.003, 0.451, 4524)
upgrade(2.724, -5.018, 6.643, 4524)
upgrade(2.724, -5.018, 6.643, 4524)
upgrade(2.724, -5.018, 6.643, 5124)
DropTheBeat(-1.026, -5.003, 0.451, 5124)
upgrade(2.724, -5.018, 6.643, 5124)
upgrade(2.724, -5.018, 6.643, 5124)
DropTheBeat(-1.026, -5.003, 0.451, 6167)
upgrade(2.724, -5.018, 6.643, 6317)
upgrade(2.724, -5.018, 6.643, 6324)
upgrade(2.724, -5.018, 6.643, 6324)
DropTheBeat(-1.026, -5.003, 0.451, 6324)
upgrade(2.724, -5.018, 6.643, 6324)
upgrade(2.724, -5.018, 6.643, 6324)
upgrade(2.724, -5.018, 6.643, 6924)
DropTheBeat(-1.026, -5.003, 0.451, 6924)
upgrade(2.724, -5.018, 6.643, 6924)
upgrade(2.724, -5.018, 6.643, 7520)
DropTheBeat(-1.026, -5.003, 0.451, 7524)
upgrade(2.724, -5.018, 6.643, 7524)
upgrade(2.724, -5.018, 6.643, 7524)
upgrade(2.724, -5.018, 6.643, 7524)
DropTheBeat(-1.026, -5.003, 0.451, 7524)
upgrade(2.724, -5.018, 6.643, 9399)
upgrade(2.724, -5.018, 6.643, 9399)
DropTheBeat(-1.026, -5.003, 0.451, 9399)
upgrade(2.724, -5.018, 6.643, 9399)
upgrade(2.724, -5.018, 6.643, 9999)
upgrade(2.724, -5.018, 6.643, 9999)
DropTheBeat(-1.026, -5.003, 0.451, 9999)
upgrade(2.724, -5.018, 6.643, 9999)
upgrade(2.724, -5.018, 6.643, 10599)
upgrade(2.724, -5.018, 6.643, 11199)
DropTheBeat(-1.026, -5.003, 0.451, 11199)
upgrade(2.724, -5.018, 6.643, 11199)
upgrade(2.724, -5.018, 6.643, 11795)
upgrade(2.724, -5.018, 6.643, 11799)
DropTheBeat(-1.026, -5.003, 0.451, 11799)
upgrade(2.724, -5.018, 6.643, 11799)
upgrade(2.724, -5.018, 6.643, 12399)
DropTheBeat(-1.026, -5.003, 0.451, 12399)
upgrade(2.724, -5.018, 6.643, 12399)
upgrade(2.724, -5.018, 6.643, 12399)
upgrade(2.724, -5.018, 6.643, 12399)
DropTheBeat(-1.026, -5.003, 0.451, 12399)
upgrade(2.724, -5.018, 6.643, 12399)
upgrade(2.724, -5.018, 6.643, 12399)
upgrade(2.724, -5.018, 6.643, 12399)
DropTheBeat(-1.026, -5.003, 0.451, 12399)
upgrade(2.724, -5.018, 6.643, 12399)
upgrade(2.724, -5.018, 6.643, 12399)
upgrade(2.724, -5.018, 6.643, 12399)
DropTheBeat(-1.026, -5.003, 0.451, 12399)
upgrade(2.724, -5.018, 6.643, 12399)
upgrade(2.724, -5.018, 6.643, 12399)
upgrade(2.724, -5.018, 6.643, 17398)
DropTheBeat(-1.026, -5.003, 0.451, 3065)
upgrade(1.516, -5.018, 3.766, 3065)
upgrade(1.516, -5.018, 3.766, 886)
upgrade(1.516, -5.018, 3.766, 880)
upgrade(1.516, -5.018, 3.766, 880)
DropTheBeat(-1.026, -5.003, 0.451, 880)
upgrade(1.516, -5.018, 3.766, 880)
upgrade(1.516, -5.018, 3.766, 880)
upgrade(1.516, -5.018, 3.766, 2733)
DropTheBeat(-1.026, -5.003, 0.451, 3268)
upgrade(1.516, -5.018, 3.766, 3268)
upgrade(1.516, -5.018, 3.766, 3290)
upgrade(1.516, -5.018, 3.766, 3290)
upgrade(1.516, -5.018, 3.766, 3290)
DropTheBeat(-1.026, -5.003, 0.451, 5135)
upgrade(1.516, -5.018, 3.766, 5165)
upgrade(1.516, -5.018, 3.766, 5165)
upgrade(1.516, -5.018, 3.766, 5265)
DropTheBeat(-1.026, -5.003, 0.451, 5265)
upgrade(1.516, -5.018, 3.766, 6055)
upgrade(1.516, -5.018, 3.766, 768)
DropTheBeat(-1.026, -5.003, 0.451, 768)
upgrade(1.516, -5.018, 3.766, 768)
upgrade(1.516, -5.018, 3.766, 2068)
DropTheBeat(-1.026, -5.003, 0.451, 2168)
upgrade(1.516, -5.018, 3.766, 2168)
upgrade(1.516, -5.018, 3.766, 2168)
upgrade(1.516, -5.018, 3.766, 2168)
DropTheBeat(-1.026, -5.003, 0.451, 2168)
upgrade(1.516, -5.018, 3.766, 2168)
upgrade(1.516, -5.018, 3.766, 2568)
DropTheBeat(-1.026, -5.003, 0.451, 3368)
upgrade(1.516, -5.018, 3.766, 3368)
upgrade(1.516, -5.018, 3.766, 3368)
upgrade(1.516, -5.018, 3.766, 4668)
DropTheBeat(-1.026, -5.003, 0.451, 4668)
upgrade(1.516, -5.018, 3.766, 5167)
upgrade(1.516, -5.018, 3.766, 5168)
upgrade(1.516, -5.018, 3.766, 6468)
DropTheBeat(-1.026, -5.003, 0.451, 6867)
upgrade(1.516, -5.018, 3.766, 7267)
upgrade(1.516, -5.018, 3.766, 8068)
upgrade(1.516, -5.018, 3.766, 8468)
DropTheBeat(-1.026, -5.003, 0.451, 8468)
upgrade(1.516, -5.018, 3.766, 10295)
upgrade(1.516, -5.018, 3.766, 10404)
upgrade(1.516, -5.018, 3.766, 10984)
DropTheBeat(-1.026, -5.003, 0.451, 10984)
upgrade(1.516, -5.018, 3.766, 10984)
upgrade(1.516, -5.018, 3.766, 10984)
upgrade(1.516, -5.018, 3.766, 10984)
DropTheBeat(-1.026, -5.003, 0.451, 10984)
upgrade(1.516, -5.018, 3.766, 10984)
upgrade(1.516, -5.018, 3.766, 10984)
upgrade(1.516, -5.018, 3.766, 11984)
DropTheBeat(-1.026, -5.003, 0.451, 11984)
upgrade(1.516, -5.018, 3.766, 12984)
upgrade(1.516, -5.018, 3.766, 12984)
DropTheBeat(-1.026, -5.003, 0.451, 14310)
upgrade(1.516, -5.018, 3.766, 16427)
upgrade(4.503, -5.018, 4.215, 546)
upgrade(4.503, -5.018, 4.215, 179)
upgrade(4.503, -5.018, 4.215, 170)
DropTheBeat(-1.026, -5.003, 0.451, 1069)
upgrade(4.503, -5.018, 4.215, 1069)
upgrade(4.503, -5.018, 4.215, 1070)
upgrade(4.503, -5.018, 4.215, 2868)
DropTheBeat(-1.026, -5.003, 0.451, 2868)
upgrade(4.503, -5.018, 4.215, 3241)
upgrade(4.503, -5.018, 4.215, 3270)
DropTheBeat(-1.026, -5.003, 0.451, 4270)
upgrade(4.503, -5.018, 4.215, 4769)
upgrade(4.503, -5.018, 4.215, 5570)
upgrade(4.503, -5.018, 4.215, 620)
DropTheBeat(-1.026, -5.003, 0.451, 573)
upgrade(4.503, -5.018, 4.215, 1002)
upgrade(4.503, -5.018, 4.215, 1473)
upgrade(4.503, -5.018, 4.215, 2973)
DropTheBeat(-1.026, -5.003, 0.451, 2973)
upgrade(4.503, -5.018, 4.215, 3357)
upgrade(4.503, -5.018, 4.215, 3973)
upgrade(4.503, -5.018, 4.215, 3973)
DropTheBeat(-1.026, -5.003, 0.451, 4573)
upgrade(4.503, -5.018, 4.215, 4573)
upgrade(4.503, -5.018, 4.215, 4573)
upgrade(4.503, -5.018, 4.215, 5173)
DropTheBeat(-1.026, -5.003, 0.451, 5173)
upgrade(4.503, -5.018, 4.215, 5173)
upgrade(4.503, -5.018, 4.215, 5173)
upgrade(4.503, -5.018, 4.215, 5173)
DropTheBeat(-1.026, -5.003, 0.451, 5173)
upgrade(4.503, -5.018, 4.215, 5173)
upgrade(4.503, -5.018, 4.215, 5173)
upgrade(4.503, -5.018, 4.215, 5173)
DropTheBeat(-1.026, -5.003, 0.451, 5173)
upgrade(4.503, -5.018, 4.215, 9819)
upgrade(4.503, -5.018, 4.215, 10173)
upgrade(4.503, -5.018, 4.215, 10173)
DropTheBeat(-1.026, -5.003, 0.451, 10173)
upgrade(4.503, -5.018, 4.215, 10173)
upgrade(4.503, -5.018, 4.215, 10173)
upgrade(4.503, -5.018, 4.215, 10173)
upgrade(4.503, -5.018, 4.215, 10173)
DropTheBeat(-1.026, -5.003, 0.451, 10173)
upgrade(4.503, -5.018, 4.215, 12191)
upgrade(4.503, -5.018, 4.215, 12582)
DropTheBeat(-1.026, -5.003, 0.451, 12799)
upgrade(4.503, -5.018, 4.215, 14643)
upgrade(4.275, -5.018, 11.227, 393)
upgrade(4.275, -5.018, 11.227, 280)
DropTheBeat(-1.026, -5.003, 0.451, 380)
upgrade(4.275, -5.018, 11.227, 380)
upgrade(4.275, -5.018, 11.227, 580)
upgrade(4.275, -5.018, 11.227, 680)
DropTheBeat(-1.026, -5.003, 0.451, 680)
upgrade(4.275, -5.018, 11.227, 680)
upgrade(4.275, -5.018, 11.227, 680)
upgrade(4.275, -5.018, 11.227, 980)
DropTheBeat(-1.026, -5.003, 0.451, 980)
upgrade(4.275, -5.018, 11.227, 980)
upgrade(4.275, -5.018, 11.227, 1579)
DropTheBeat(-1.026, -5.003, 0.451, 1580)
upgrade(4.275, -5.018, 11.227, 1580)
upgrade(4.275, -5.018, 11.227, 6928)
upgrade(4.275, -5.018, 11.227, 4812)
DropTheBeat(-1.026, -5.003, 0.451, 6555)
upgrade(4.275, -5.018, 11.227, 6555)
upgrade(4.275, -5.018, 11.227, 1529)
upgrade(4.275, -5.018, 11.227, 1958)
upgrade(4.275, -5.018, 11.227, 2757)
DropTheBeat(-1.026, -5.003, 0.451, 2758)
upgrade(4.275, -5.018, 11.227, 2758)
upgrade(4.275, -5.018, 11.227, 2758)
upgrade(4.275, -5.018, 11.227, 2758)
DropTheBeat(-1.026, -5.003, 0.451, 7607)
upgrade(4.275, -5.018, 11.227, 7622)
upgrade(4.275, -5.018, 11.227, 7622)
upgrade(4.275, -5.018, 11.227, 7622)
DropTheBeat(-1.026, -5.003, 0.451, 7622)
upgrade(4.275, -5.018, 11.227, 9551)
upgrade(4.275, -5.018, 11.227, 9725)
upgrade(4.275, -5.018, 11.227, 10355)
DropTheBeat(-1.026, -5.003, 0.451, 10355)
upgrade(4.275, -5.018, 11.227, 10355)
upgrade(4.275, -5.018, 11.227, 10355)
DropTheBeat(-1.026, -5.003, 0.451, 11655)
upgrade(4.275, -5.018, 11.227, 11655)
upgrade(4.275, -5.018, 11.227, 11955)
upgrade(4.275, -5.018, 11.227, 11955)
DropTheBeat(-1.026, -5.003, 0.451, 12255)
upgrade(4.275, -5.018, 11.227, 12255)
upgrade(4.275, -5.018, 11.227, 12555)
upgrade(4.275, -5.018, 11.227, 13851)
DropTheBeat(-1.026, -5.003, 0.451, 13855)
upgrade(4.275, -5.018, 11.227, 13855)
upgrade(4.275, -5.018, 11.227, 1592)
upgrade(6.821, -5.018, 9.457, 1359)
upgrade(6.821, -5.018, 9.457, 1336)
DropTheBeat(-1.026, -5.003, 0.451, 1336)
upgrade(6.821, -5.018, 9.457, 1336)
upgrade(6.821, -5.018, 9.457, 1336)
upgrade(6.821, -5.018, 9.457, 1336)
DropTheBeat(-1.026, -5.003, 0.451, 1336)
upgrade(6.821, -5.018, 9.457, 1336)
upgrade(6.821, -5.018, 9.457, 1336)
DropTheBeat(-1.026, -5.003, 0.451, 1336)
upgrade(6.821, -5.018, 9.457, 1336)
upgrade(6.821, -5.018, 9.457, 4005)
upgrade(6.821, -5.018, 9.457, 2486)
upgrade(6.821, -5.018, 9.457, 2411)
DropTheBeat(-1.026, -5.003, 0.451, 2411)
upgrade(6.821, -5.018, 9.457, 2411)
upgrade(6.821, -5.018, 9.457, 4411)
upgrade(6.821, -5.018, 9.457, 4411)
DropTheBeat(-1.026, -5.003, 0.451, 4411)
upgrade(6.821, -5.018, 9.457, 4411)
upgrade(6.821, -5.018, 9.457, 4411)
upgrade(6.821, -5.018, 9.457, 4411)
DropTheBeat(-1.026, -5.003, 0.451, 4411)
upgrade(6.821, -5.018, 9.457, 4411)
upgrade(6.821, -5.018, 9.457, 4411)
upgrade(6.821, -5.018, 9.457, 4411)
DropTheBeat(-1.026, -5.003, 0.451, 4411)
upgrade(6.821, -5.018, 9.457, 4411)
upgrade(6.821, -5.018, 9.457, 4411)
upgrade(6.821, -5.018, 9.457, 6350)
upgrade(6.821, -5.018, 9.457, 1638)
DropTheBeat(-1.026, -5.003, 0.451, 1016)
upgrade(6.821, -5.018, 9.457, 1014)
upgrade(6.821, -5.018, 9.457, 1014)
upgrade(6.821, -5.018, 9.457, 1014)
DropTheBeat(-1.026, -5.003, 0.451, 1014)
upgrade(6.821, -5.018, 9.457, 3152)
upgrade(6.821, -5.018, 9.457, 3200)
upgrade(6.821, -5.018, 9.457, 3855)
DropTheBeat(-1.026, -5.003, 0.451, 3855)
upgrade(6.821, -5.018, 9.457, 3855)
upgrade(6.821, -5.018, 9.457, 3855)
upgrade(6.821, -5.018, 9.457, 3855)
DropTheBeat(-1.026, -5.003, 0.451, 3855)
upgrade(6.821, -5.018, 9.457, 3855)
upgrade(6.821, -5.018, 9.457, 3855)
upgrade(6.821, -5.018, 9.457, 3855)
DropTheBeat(-1.026, -5.003, 0.451, 3855)
upgrade(6.821, -5.018, 9.457, 3855)
upgrade(6.821, -5.018, 9.457, 5355)
upgrade(6.821, -5.018, 9.457, 5355)
DropTheBeat(-1.026, -5.003, 0.451, 5355)
upgrade(6.821, -5.018, 9.457, 10228)
upgrade(6.821, -5.018, 9.457, 10230)
DropTheBeat(-1.026, -5.003, 0.451, 12876)
upgrade(6.821, -5.018, 9.457, 13230)
upgrade(6.821, -5.018, 9.457, 13230)
upgrade(6.821, -5.018, 9.457, 366)
DropTheBeat(-1.026, -5.003, 0.451, 336)
upgrade(5.230, -5.018, 14.113, 336)
upgrade(5.230, -5.018, 14.113, 1836)
upgrade(5.230, -5.018, 14.113, 1836)
DropTheBeat(-1.026, -5.003, 0.451, 1836)
upgrade(5.230, -5.018, 14.113, 1836)
upgrade(5.230, -5.018, 14.113, 1836)
upgrade(5.230, -5.018, 14.113, 1836)
DropTheBeat(-1.026, -5.003, 0.451, 1836)
upgrade(5.230, -5.018, 14.113, 1836)
upgrade(5.230, -5.018, 14.113, 1836)
DropTheBeat(-1.026, -5.003, 0.451, 1836)
upgrade(5.230, -5.018, 14.113, 1836)
upgrade(5.230, -5.018, 14.113, 1836)
DropTheBeat(-1.026, -5.003, 0.451, 1836)
upgrade(5.230, -5.018, 14.113, 1836)
upgrade(5.230, -5.018, 14.113, 1836)
upgrade(5.230, -5.018, 14.113, 1836)
DropTheBeat(-1.026, -5.003, 0.451, 1836)
upgrade(5.230, -5.018, 14.113, 1836)
upgrade(5.230, -5.018, 14.113, 1836)
upgrade(5.230, -5.018, 14.113, 1836)
DropTheBeat(-1.026, -5.003, 0.451, 1836)
upgrade(5.230, -5.018, 14.113, 1836)
upgrade(5.230, -5.018, 14.113, 6833)
upgrade(5.230, -5.018, 14.113, 4911)
upgrade(5.230, -5.018, 14.113, 4711)
DropTheBeat(-1.026, -5.003, 0.451, 4711)
upgrade(5.230, -5.018, 14.113, 4711)
upgrade(5.230, -5.018, 14.113, 4711)
upgrade(5.230, -5.018, 14.113, 4711)
DropTheBeat(-1.026, -5.003, 0.451, 4711)
upgrade(5.230, -5.018, 14.113, 4711)
upgrade(5.230, -5.018, 14.113, 4711)
upgrade(5.230, -5.018, 14.113, 4711)
DropTheBeat(-1.026, -5.003, 0.451, 4711)
upgrade(5.230, -5.018, 14.113, 4711)
upgrade(5.230, -5.018, 14.113, 9711)
upgrade(5.230, -5.018, 14.113, 5072)
upgrade(5.230, -5.018, 14.113, 4314)
DropTheBeat(-1.026, -5.003, 0.451, 4314)
upgrade(5.230, -5.018, 14.113, 6186)
upgrade(5.230, -5.018, 14.113, 6189)
upgrade(5.230, -5.018, 14.113, 6189)
DropTheBeat(-1.026, -5.003, 0.451, 6189)
upgrade(5.230, -5.018, 14.113, 6189)
upgrade(5.230, -5.018, 14.113, 6189)
upgrade(5.230, -5.018, 14.113, 6189)
DropTheBeat(-1.026, -5.003, 0.451, 8457)
upgrade(5.230, -5.018, 14.113, 8458)
upgrade(5.230, -5.018, 14.113, 9086)
upgrade(5.230, -5.018, 14.113, 9138)
DropTheBeat(-1.026, -5.003, 0.451, 9138)
upgrade(5.230, -5.018, 14.113, 9138)
upgrade(5.230, -5.018, 14.113, 9138)
upgrade(5.230, -5.018, 14.113, 9138)
DropTheBeat(-1.026, -5.003, 0.451, 10138)
upgrade(5.230, -5.018, 14.113, 10138)
upgrade(5.230, -5.018, 14.113, 10738)
upgrade(5.230, -5.018, 14.113, 10738)
DropTheBeat(-1.026, -5.003, 0.451, 10738)
upgrade(5.230, -5.018, 14.113, 10738)
upgrade(5.230, -5.018, 14.113, 11334)
upgrade(5.230, -5.018, 14.113, 13087)
DropTheBeat(-1.026, -5.003, 0.451, 13685)
upgrade(5.230, -5.018, 14.113, 13688)
upgrade(5.230, -5.018, 14.113, 314)
upgrade(7.756, -5.018, 12.334, 1059)
DropTheBeat(-1.026, -5.003, 0.451, 1094)
upgrade(7.756, -5.018, 12.334, 1679)
upgrade(7.756, -5.018, 12.334, 2587)
upgrade(7.756, -5.018, 12.334, 1208)
DropTheBeat(-1.026, -5.003, 0.451, 1069)
upgrade(7.756, -5.018, 12.334, 1069)
upgrade(7.756, -5.018, 12.334, 1669)
upgrade(7.756, -5.018, 12.334, 1669)
DropTheBeat(-1.026, -5.003, 0.451, 5925)
upgrade(7.756, -5.018, 12.334, 6889)
upgrade(7.756, -5.018, 12.334, 2245)
upgrade(7.756, -5.018, 12.334, 1562)
DropTheBeat(-1.026, -5.003, 0.451, 3275)
upgrade(7.756, -5.018, 12.334, 3275)
upgrade(7.756, -5.018, 12.334, 3312)
upgrade(7.756, -5.018, 12.334, 5058)
upgrade(7.756, -5.018, 12.334, 5062)
DropTheBeat(-1.026, -5.003, 0.451, 5062)
upgrade(7.756, -5.018, 12.334, 6803)
upgrade(7.756, -5.018, 12.334, 8545)
DropTheBeat(-1.026, -5.003, 0.451, 8562)
upgrade(7.756, -5.018, 12.334, 8562)
upgrade(7.756, -5.018, 12.334, 8562)
upgrade(7.756, -5.018, 12.334, 8562)
DropTheBeat(-1.026, -5.003, 0.451, 9652)
upgrade(7.756, -5.018, 12.334, 11907)
upgrade(7.756, -5.018, 12.334, 12790)
upgrade(7.756, -5.018, 12.334, 13495)
DropTheBeat(-1.026, -5.003, 0.451, 13495)
upgrade(7.756, -5.018, 12.334, 13495)
upgrade(7.756, -5.018, 12.334, 13495)
upgrade(7.756, -5.018, 12.334, 13495)
DropTheBeat(-1.026, -5.003, 0.451, 14151)
upgrade(7.756, -5.018, 12.334, 4209)
upgrade(0.523, -5.018, 14.015, 106)
upgrade(0.523, -5.018, 14.015, 101)
DropTheBeat(-1.026, -5.003, 0.451, 2101)
upgrade(0.523, -5.018, 14.015, 2101)
upgrade(0.523, -5.018, 14.015, 2101)
upgrade(0.523, -5.018, 14.015, 1870)
upgrade(0.523, -5.018, 14.015, 1496)
DropTheBeat(-1.026, -5.003, 0.451, 1476)
upgrade(0.523, -5.018, 14.015, 2976)
upgrade(0.523, -5.018, 14.015, 5958)
DropTheBeat(-1.026, -5.003, 0.451, 767)
upgrade(0.523, -5.018, 14.015, 596)
SetDjTrack(-1.026, -5.003, 0.451, "Red", 579)
upgrade(0.523, -5.018, 14.015, 579)
upgrade(0.523, -5.018, 14.015, 2579)
DropTheBeat(-1.026, -5.003, 0.451, 2579)
upgrade(0.523, -5.018, 14.015, 2579)
upgrade(0.523, -5.018, 14.015, 2579)
upgrade(0.523, -5.018, 14.015, 5539)
DropTheBeat(-1.026, -5.003, 0.451, 5579)
upgrade(0.523, -5.018, 14.015, 7578)
upgrade(0.523, -5.018, 14.015, 7579)
upgrade(0.523, -5.018, 14.015, 7579)
DropTheBeat(-1.026, -5.003, 0.451, 7579)
upgrade(0.523, -5.018, 14.015, 7579)
upgrade(0.523, -5.018, 14.015, 7579)
upgrade(0.523, -5.018, 14.015, 10579)
DropTheBeat(-1.026, -5.003, 0.451, 10579)
upgrade(0.523, -5.018, 14.015, 10579)
upgrade(0.523, -5.018, 14.015, 13577)
upgrade(0.523, -5.018, 14.015, 13579)
DropTheBeat(-1.026, -5.003, 0.451, 13579)
upgrade(0.523, -5.018, 14.015, 13579)
upgrade(0.523, -5.018, 14.015, 13579)
upgrade(0.523, -5.018, 14.015, 15955)
DropTheBeat(-1.026, -5.003, 0.451, 16016)
upgrade(0.523, -5.018, 14.015, 16016)
upgrade(0.523, -5.018, 14.015, 16747)
upgrade(-2.009, -5.018, 15.736, 6222)
upgrade(-2.009, -5.018, 15.736, 659)
DropTheBeat(-1.026, -5.003, 0.451, 659)
upgrade(-2.009, -5.018, 15.736, 659)
upgrade(-2.009, -5.018, 15.736, 659)
upgrade(-2.009, -5.018, 15.736, 659)
DropTheBeat(-1.026, -5.003, 0.451, 2549)
upgrade(-2.009, -5.018, 15.736, 2202)
upgrade(-2.009, -5.018, 15.736, 2084)
DropTheBeat(-1.026, -5.003, 0.451, 4084)
upgrade(-2.009, -5.018, 15.736, 4084)
upgrade(-2.009, -5.018, 15.736, 4084)
upgrade(-2.009, -5.018, 15.736, 4857)
upgrade(-2.009, -5.018, 15.736, 5684)
DropTheBeat(-1.026, -5.003, 0.451, 5684)
upgrade(-2.009, -5.018, 15.736, 2305)
upgrade(-2.009, -5.018, 15.736, 2252)
DropTheBeat(-1.026, -5.003, 0.451, 5145)
upgrade(-2.009, -5.018, 15.736, 5252)
upgrade(-2.009, -5.018, 15.736, 5252)
upgrade(-2.009, -5.018, 15.736, 5252)
DropTheBeat(-1.026, -5.003, 0.451, 6752)
upgrade(-2.009, -5.018, 15.736, 6752)
upgrade(-2.009, -5.018, 15.736, 6752)
upgrade(-2.009, -5.018, 15.736, 6752)
DropTheBeat(-1.026, -5.003, 0.451, 6752)
upgrade(-2.009, -5.018, 15.736, 6752)
upgrade(-2.009, -5.018, 15.736, 6752)
upgrade(-2.009, -5.018, 15.736, 6752)
DropTheBeat(-1.026, -5.003, 0.451, 6752)
upgrade(-2.009, -5.018, 15.736, 6752)
upgrade(-2.009, -5.018, 15.736, 6752)
upgrade(-2.009, -5.018, 15.736, 6752)
DropTheBeat(-1.026, -5.003, 0.451, 6752)
upgrade(-2.009, -5.018, 15.736, 6752)
upgrade(-2.009, -5.018, 15.736, 6752)
upgrade(-2.009, -5.018, 15.736, 6752)
DropTheBeat(-1.026, -5.003, 0.451, 6752)
upgrade(-2.009, -5.018, 15.736, 6752)
upgrade(-2.009, -5.018, 15.736, 6752)
upgrade(-2.009, -5.018, 15.736, 11751)
DropTheBeat(-1.026, -5.003, 0.451, 11752)
upgrade(-2.009, -5.018, 15.736, 11752)
upgrade(-2.009, -5.018, 15.736, 11752)
upgrade(-2.009, -5.018, 15.736, 11752)
DropTheBeat(-1.026, -5.003, 0.451, 11752)
upgrade(-2.009, -5.018, 15.736, 11752)
upgrade(-2.009, -5.018, 15.736, 11752)
DropTheBeat(-1.026, -5.003, 0.451, 11752)
upgrade(-2.009, -5.018, 15.736, 11752)
upgrade(-2.009, -5.018, 15.736, 11752)
upgrade(-2.009, -5.018, 15.736, 16752)
upgrade(-4.896, -5.018, 16.659, 1316)
DropTheBeat(-1.026, -5.003, 0.451, 1316)
upgrade(-4.896, -5.018, 16.659, 664)
upgrade(-4.896, -5.018, 16.659, 664)
DropTheBeat(-1.026, -5.003, 0.451, 664)
upgrade(-4.896, -5.018, 16.659, 664)
upgrade(-4.896, -5.018, 16.659, 664)
upgrade(-4.896, -5.018, 16.659, 664)
DropTheBeat(-1.026, -5.003, 0.451, 664)
upgrade(-4.896, -5.018, 16.659, 664)
upgrade(-4.896, -5.018, 16.659, 664)
upgrade(-4.896, -5.018, 16.659, 664)
DropTheBeat(-1.026, -5.003, 0.451, 664)
upgrade(-4.896, -5.018, 16.659, 664)
upgrade(-4.896, -5.018, 16.659, 664)
upgrade(-4.896, -5.018, 16.659, 664)
upgrade(-4.896, -5.018, 16.659, 5663)
DropTheBeat(-1.026, -5.003, 0.451, 3678)
SetDjTrack(-1.026, -5.003, 0.451, "Green", 3295)
upgrade(-4.896, -5.018, 16.659, 3289)
upgrade(-4.896, -5.018, 16.659, 3289)
upgrade(-4.896, -5.018, 16.659, 3289)
DropTheBeat(-1.026, -5.003, 0.451, 3289)
upgrade(-4.896, -5.018, 16.659, 3289)
upgrade(-4.896, -5.018, 16.659, 3289)
upgrade(-4.896, -5.018, 16.659, 3289)
DropTheBeat(-1.026, -5.003, 0.451, 3289)
upgrade(-4.896, -5.018, 16.659, 3289)
upgrade(-4.896, -5.018, 16.659, 3289)
upgrade(-4.896, -5.018, 16.659, 8289)
upgrade(-4.896, -5.018, 16.659, 2906)
DropTheBeat(-1.026, -5.003, 0.451, 2892)
upgrade(-4.896, -5.018, 16.659, 2892)
upgrade(-4.896, -5.018, 16.659, 2892)
upgrade(-4.896, -5.018, 16.659, 2892)
DropTheBeat(-1.026, -5.003, 0.451, 2892)
upgrade(-4.896, -5.018, 16.659, 2892)
upgrade(-4.896, -5.018, 16.659, 5411)
upgrade(-4.896, -5.018, 16.659, 5855)
DropTheBeat(-1.026, -5.003, 0.451, 6168)
upgrade(-4.896, -5.018, 16.659, 6168)
upgrade(-4.896, -5.018, 16.659, 6168)
upgrade(-4.896, -5.018, 16.659, 6857)
DropTheBeat(-1.026, -5.003, 0.451, 7054)
upgrade(-4.896, -5.018, 16.659, 7167)
upgrade(-4.896, -5.018, 16.659, 7454)
upgrade(-4.896, -5.018, 16.659, 8067)
DropTheBeat(-1.026, -5.003, 0.451, 8067)
upgrade(-4.896, -5.018, 16.659, 8067)
upgrade(-4.896, -5.018, 16.659, 8067)
upgrade(-4.896, -5.018, 16.659, 11551)
DropTheBeat(-1.026, -5.003, 0.451, 13316)
upgrade(-4.896, -5.018, 16.659, 13317)
upgrade(-4.896, -5.018, 16.659, 15003)
upgrade(2.976, -5.018, 0.919, 2461)
DropTheBeat(-1.026, -5.003, 0.451, 2423)
upgrade(2.976, -5.018, 0.919, 6294)
upgrade(2.976, -5.018, 0.919, 6298)
upgrade(2.976, -5.018, 0.919, 8298)
DropTheBeat(-1.026, -5.003, 0.451, 8298)
upgrade(2.976, -5.018, 0.919, 8298)
upgrade(2.976, -5.018, 0.919, 8298)
DropTheBeat(-1.026, -5.003, 0.451, 8298)
upgrade(2.976, -5.018, 0.919, 8298)
upgrade(2.976, -5.018, 0.919, 8298)
upgrade(2.976, -5.018, 0.919, 8298)
DropTheBeat(-1.026, -5.003, 0.451, 8298)
upgrade(2.976, -5.018, 0.919, 8298)
upgrade(2.976, -5.018, 0.919, 8298)
upgrade(2.976, -5.018, 0.919, 2060)
upgrade(2.976, -5.018, 0.919, 1823)
DropTheBeat(-1.026, -5.003, 0.451, 1823)
upgrade(2.976, -5.018, 0.919, 1823)
upgrade(2.976, -5.018, 0.919, 6822)
upgrade(2.976, -5.018, 0.919, 6823)
DropTheBeat(-1.026, -5.003, 0.451, 11674)
upgrade(2.976, -5.018, 0.919, 11823)
upgrade(2.976, -5.018, 0.919, 11823)
upgrade(2.976, -5.018, 0.919, 11823)
DropTheBeat(-1.026, -5.003, 0.451, 11823)
upgrade(2.976, -5.018, 0.919, 11823)
upgrade(2.976, -5.018, 0.919, 11823)
upgrade(2.976, -5.018, 0.919, 13554)
DropTheBeat(-1.026, -5.003, 0.451, 14422)
upgrade(2.976, -5.018, 0.919, 14427)
upgrade(2.976, -5.018, 0.919, 15208)
upgrade(2.976, -5.018, 0.919, 15208)
DropTheBeat(-1.026, -5.003, 0.451, 15208)
upgrade(2.976, -5.018, 0.919, 15208)
upgrade(2.976, -5.018, 0.919, 15208)
upgrade(2.976, -5.018, 0.919, 15208)
DropTheBeat(-1.026, -5.003, 0.451, 17193)
upgrade(2.976, -5.018, 0.919, 17207)
upgrade(2.976, -5.018, 0.919, 19507)
upgrade(2.976, -5.018, 0.919, 21487)
DropTheBeat(-1.026, -5.003, 0.451, 23808)
upgrade(2.976, -5.018, 0.919, 23808)
upgrade(2.976, -5.018, 0.919, 24108)
upgrade(2.976, -5.018, 0.919, 24408)
upgrade(2.976, -5.018, 0.919, 24408)
DropTheBeat(-1.026, -5.003, 0.451, 24408)
upgrade(2.976, -5.018, 0.919, 24408)
upgrade(2.976, -5.018, 0.919, 27404)
DropTheBeat(-1.026, -5.003, 0.451, 27408)
upgrade(2.976, -5.018, 0.919, 29082)
upgrade(2.976, -5.018, 0.919, 32241)
upgrade(2.976, -5.018, 0.919, 35283)
DropTheBeat(-1.026, -5.003, 0.451, 35283)
upgrade(2.976, -5.018, 0.919, 35283)
upgrade(2.976, -5.018, 0.919, 35283)
upgrade(2.976, -5.018, 0.919, 35283)
DropTheBeat(-1.026, -5.003, 0.451, 35283)
upgrade(2.976, -5.018, 0.919, 35283)
upgrade(2.976, -5.018, 0.919, 40283)
upgrade(2.976, -5.018, 0.919, 40283)
DropTheBeat(-1.026, -5.003, 0.451, 40283)
upgrade(2.976, -5.018, 0.919, 40283)
upgrade(2.976, -5.018, 0.919, 40283)
upgrade(2.976, -5.018, 0.919, 40283)
DropTheBeat(-1.026, -5.003, 0.451, 40283)
upgrade(2.976, -5.018, 0.919, 40283)
upgrade(2.976, -5.018, 0.919, 40283)
upgrade(2.976, -5.018, 0.919, 7631)
DropTheBeat(-1.026, -5.003, 0.451, 7631)
upgrade(5.953, -5.018, 1.519, 5164)
upgrade(5.953, -5.018, 1.519, 4908)
upgrade(5.953, -5.018, 1.519, 4908)
DropTheBeat(-1.026, -5.003, 0.451, 4908)
upgrade(5.953, -5.018, 1.519, 4908)
upgrade(5.953, -5.018, 1.519, 4908)
upgrade(5.953, -5.018, 1.519, 7588)
upgrade(5.953, -5.018, 1.519, 8381)
DropTheBeat(-1.026, -5.003, 0.451, 8398)
upgrade(5.953, -5.018, 1.519, 8402)
upgrade(5.953, -5.018, 1.519, 8402)
upgrade(5.953, -5.018, 1.519, 8402)
DropTheBeat(-1.026, -5.003, 0.451, 8402)
upgrade(5.953, -5.018, 1.519, 8402)
upgrade(5.953, -5.018, 1.519, 8402)
upgrade(5.953, -5.018, 1.519, 9902)
DropTheBeat(-1.026, -5.003, 0.451, 4415)
upgrade(5.953, -5.018, 1.519, 4427)
upgrade(5.953, -5.018, 1.519, 5927)
DropTheBeat(-1.026, -5.003, 0.451, 5927)
upgrade(5.953, -5.018, 1.519, 5927)
upgrade(5.953, -5.018, 1.519, 8257)
upgrade(5.953, -5.018, 1.519, 9243)
DropTheBeat(-1.026, -5.003, 0.451, 9257)
upgrade(5.953, -5.018, 1.519, 12257)
upgrade(5.953, -5.018, 1.519, 13757)
DropTheBeat(-1.026, -5.003, 0.451, 13757)
upgrade(5.953, -5.018, 1.519, 15757)
upgrade(5.953, -5.018, 1.519, 17257)
DropTheBeat(-1.026, -5.003, 0.451, 19055)
upgrade(5.953, -5.018, 1.519, 19132)
upgrade(5.953, -5.018, 1.519, 19632)
upgrade(5.953, -5.018, 1.519, 19632)
DropTheBeat(-1.026, -5.003, 0.451, 20131)
upgrade(5.953, -5.018, 1.519, 20132)
upgrade(5.953, -5.018, 1.519, 20632)
upgrade(5.953, -5.018, 1.519, 21132)
DropTheBeat(-1.026, -5.003, 0.451, 21132)
upgrade(5.953, -5.018, 1.519, 26382)
upgrade(5.953, -5.018, 1.519, 26382)
DropTheBeat(-1.026, -5.003, 0.451, 31382)
upgrade(5.953, -5.018, 1.519, 36582)
upgrade(5.953, -5.018, 1.519, 36632)
upgrade(5.953, -5.018, 1.519, 36632)
DropTheBeat(-1.026, -5.003, 0.451, 36632)
upgrade(5.953, -5.018, 1.519, 36632)
upgrade(5.953, -5.018, 1.519, 41596)
upgrade(2.139, -5.018, -2.070, 9651)
DropTheBeat(-1.026, -5.003, 0.451, 1257)
upgrade(2.139, -5.018, -2.070, 1257)
upgrade(2.139, -5.018, -2.070, 1257)
upgrade(2.139, -5.018, -2.070, 1257)
DropTheBeat(-1.026, -5.003, 0.451, 1257)
upgrade(2.139, -5.018, -2.070, 1257)
upgrade(2.139, -5.018, -2.070, 4825)
upgrade(2.139, -5.018, -2.070, 5952)
DropTheBeat(-1.026, -5.003, 0.451, 5986)
upgrade(2.139, -5.018, -2.070, 5986)
upgrade(2.139, -5.018, -2.070, 5986)
upgrade(2.139, -5.018, -2.070, 5986)
DropTheBeat(-1.026, -5.003, 0.451, 5986)
upgrade(2.139, -5.018, -2.070, 5986)
upgrade(2.139, -5.018, -2.070, 5986)
upgrade(2.139, -5.018, -2.070, 5986)
DropTheBeat(-1.026, -5.003, 0.451, 9986)
upgrade(2.139, -5.018, -2.070, 9986)
upgrade(2.139, -5.018, -2.070, 9986)
upgrade(2.139, -5.018, -2.070, 6509)
DropTheBeat(-1.026, -5.003, 0.451, 6511)
upgrade(2.139, -5.018, -2.070, 6511)
upgrade(2.139, -5.018, -2.070, 6987)
upgrade(2.139, -5.018, -2.070, 10438)
DropTheBeat(-1.026, -5.003, 0.451, 10511)
upgrade(2.139, -5.018, -2.070, 10962)
upgrade(2.139, -5.018, -2.070, 11671)
upgrade(2.139, -5.018, -2.070, 14926)
DropTheBeat(-1.026, -5.003, 0.451, 14926)
upgrade(2.139, -5.018, -2.070, 17299)
upgrade(2.139, -5.018, -2.070, 23518)
upgrade(2.139, -5.018, -2.070, 23551)
DropTheBeat(-1.026, -5.003, 0.451, 23551)
upgrade(2.139, -5.018, -2.070, 23551)
upgrade(2.139, -5.018, -2.070, 28801)
upgrade(2.139, -5.018, -2.070, 28801)
DropTheBeat(-1.026, -5.003, 0.451, 28801)
upgrade(2.139, -5.018, -2.070, 30551)
upgrade(2.139, -5.018, -2.070, 33051)
DropTheBeat(-1.026, -5.003, 0.451, 36533)
upgrade(2.139, -5.018, -2.070, 36533)
upgrade(2.139, -5.018, -2.070, 36551)
upgrade(2.139, -5.018, -2.070, 36551)
DropTheBeat(-1.026, -5.003, 0.451, 36551)
upgrade(2.139, -5.018, -2.070, 36551)
upgrade(2.139, -5.018, -2.070, 36551)
upgrade(2.139, -5.018, -2.070, 36551)
DropTheBeat(-1.026, -5.003, 0.451, 36551)
upgrade(2.139, -5.018, -2.070, 38919)
upgrade(2.139, -5.018, -2.070, 39051)
upgrade(2.139, -5.018, -2.070, 39051)
DropTheBeat(-1.026, -5.003, 0.451, 39051)
upgrade(2.139, -5.018, -2.070, 39051)
upgrade(2.139, -5.018, -2.070, 39051)
upgrade(2.139, -5.018, -2.070, 39051)
DropTheBeat(-1.026, -5.003, 0.451, 39051)
upgrade(2.139, -5.018, -2.070, 39051)
upgrade(2.139, -5.018, -2.070, 39051)
upgrade(2.139, -5.018, -2.070, 39051)
DropTheBeat(-1.026, -5.003, 0.451, 41105)
upgrade(2.139, -5.018, -2.070, 41546)
upgrade(6.115, -5.018, -1.481, 21747)
upgrade(6.115, -5.018, -1.481, 1176)
upgrade(6.115, -5.018, -1.481, 1176)
DropTheBeat(-1.026, -5.003, 0.451, 1176)
upgrade(6.115, -5.018, -1.481, 1176)
upgrade(6.115, -5.018, -1.481, 1176)
upgrade(6.115, -5.018, -1.481, 1176)
DropTheBeat(-1.026, -5.003, 0.451, 1176)
upgrade(6.115, -5.018, -1.481, 1176)
upgrade(6.115, -5.018, -1.481, 1176)
upgrade(6.115, -5.018, -1.481, 3676)
DropTheBeat(-1.026, -5.003, 0.451, 3676)
upgrade(6.115, -5.018, -1.481, 3676)
upgrade(6.115, -5.018, -1.481, 3676)
upgrade(6.115, -5.018, -1.481, 3676)
DropTheBeat(-1.026, -5.003, 0.451, 3676)
upgrade(6.115, -5.018, -1.481, 3676)
upgrade(6.115, -5.018, -1.481, 3676)
upgrade(6.115, -5.018, -1.481, 6161)
DropTheBeat(-1.026, -5.003, 0.451, 6176)
upgrade(6.115, -5.018, -1.481, 8051)
upgrade(6.115, -5.018, -1.481, 8051)
upgrade(6.115, -5.018, -1.481, 8051)
DropTheBeat(-1.026, -5.003, 0.451, 8051)
upgrade(6.115, -5.018, -1.481, 8051)
upgrade(6.115, -5.018, -1.481, 11806)
upgrade(6.115, -5.018, -1.481, 514)
DropTheBeat(-1.026, -5.003, 0.451, 1429)
upgrade(6.115, -5.018, -1.481, 1456)
upgrade(6.115, -5.018, -1.481, 1460)
upgrade(6.115, -5.018, -1.481, 1460)
DropTheBeat(-1.026, -5.003, 0.451, 1460)
upgrade(6.115, -5.018, -1.481, 1460)
upgrade(6.115, -5.018, -1.481, 1460)
upgrade(6.115, -5.018, -1.481, 1460)
DropTheBeat(-1.026, -5.003, 0.451, 3836)
upgrade(6.115, -5.018, -1.481, 3860)
upgrade(6.115, -5.018, -1.481, 8809)
upgrade(6.115, -5.018, -1.481, 11260)
DropTheBeat(-1.026, -5.003, 0.451, 11260)
upgrade(6.115, -5.018, -1.481, 11260)
upgrade(6.115, -5.018, -1.481, 16697)
DropTheBeat(-1.026, -5.003, 0.451, 16860)
upgrade(6.115, -5.018, -1.481, 16860)
upgrade(6.115, -5.018, -1.481, 17460)
upgrade(6.115, -5.018, -1.481, 23653)
upgrade(6.115, -5.018, -1.481, 23660)
DropTheBeat(-1.026, -5.003, 0.451, 23660)
upgrade(6.115, -5.018, -1.481, 23660)
upgrade(6.115, -5.018, -1.481, 24860)
upgrade(6.115, -5.018, -1.481, 30460)
DropTheBeat(-1.026, -5.003, 0.451, 30460)
upgrade(6.115, -5.018, -1.481, 32860)
upgrade(6.115, -5.018, -1.481, 34021)
DropTheBeat(-1.026, -5.003, 0.451, 34060)
upgrade(6.115, -5.018, -1.481, 34060)
upgrade(6.115, -5.018, -1.481, 34660)
upgrade(6.115, -5.018, -1.481, 35260)
DropTheBeat(-1.026, -5.003, 0.451, 35859)
upgrade(6.115, -5.018, -1.481, 35859)
upgrade(6.115, -5.018, -1.481, 40212)
upgrade(8.724, -5.018, 0.252, 1238)
upgrade(8.724, -5.018, 0.252, 485)
DropTheBeat(-1.026, -5.003, 0.451, 485)
upgrade(8.724, -5.018, 0.252, 485)
upgrade(8.724, -5.018, 0.252, 5476)
DropTheBeat(-1.026, -5.003, 0.451, 5485)
upgrade(8.724, -5.018, 0.252, 5485)
upgrade(8.724, -5.018, 0.252, 5485)
upgrade(8.724, -5.018, 0.252, 5485)
DropTheBeat(-1.026, -5.003, 0.451, 5485)
upgrade(8.724, -5.018, 0.252, 7350)
upgrade(8.724, -5.018, 0.252, 7360)
upgrade(8.724, -5.018, 0.252, 11212)
DropTheBeat(-1.026, -5.003, 0.451, 11235)
upgrade(8.724, -5.018, 0.252, 12056)
upgrade(8.724, -5.018, 0.252, 1017)
upgrade(8.724, -5.018, 0.252, 922)
upgrade(8.724, -5.018, 0.252, 922)
DropTheBeat(-1.026, -5.003, 0.451, 922)
upgrade(8.724, -5.018, 0.252, 922)
upgrade(8.724, -5.018, 0.252, 922)
upgrade(8.724, -5.018, 0.252, 922)
DropTheBeat(-1.026, -5.003, 0.451, 922)
upgrade(8.724, -5.018, 0.252, 1922)
upgrade(8.724, -5.018, 0.252, 3671)
DropTheBeat(-1.026, -5.003, 0.451, 3922)
upgrade(8.724, -5.018, 0.252, 3922)
upgrade(8.724, -5.018, 0.252, 8921)
upgrade(8.724, -5.018, 0.252, 10172)
DropTheBeat(-1.026, -5.003, 0.451, 10243)
upgrade(8.724, -5.018, 0.252, 12252)
upgrade(8.724, -5.018, 0.252, 12252)
DropTheBeat(-1.026, -5.003, 0.451, 12252)
upgrade(8.724, -5.018, 0.252, 12252)
upgrade(8.724, -5.018, 0.252, 12252)
DropTheBeat(-1.026, -5.003, 0.451, 17192)
upgrade(8.724, -5.018, 0.252, 17252)
upgrade(8.724, -5.018, 0.252, 17252)
upgrade(8.724, -5.018, 0.252, 17252)
DropTheBeat(-1.026, -5.003, 0.451, 17252)
upgrade(8.724, -5.018, 0.252, 21777)
upgrade(8.724, -5.018, 0.252, 22252)
upgrade(8.724, -5.018, 0.252, 24252)
DropTheBeat(-1.026, -5.003, 0.451, 24252)
upgrade(8.724, -5.018, 0.252, 24852)
upgrade(8.724, -5.018, 0.252, 29234)
DropTheBeat(-1.026, -5.003, 0.451, 29252)
upgrade(8.724, -5.018, 0.252, 29252)
upgrade(8.724, -5.018, 0.252, 36236)
upgrade(8.724, -5.018, 0.252, 36252)
DropTheBeat(-1.026, -5.003, 0.451, 36252)
upgrade(8.724, -5.018, 0.252, 36851)
upgrade(8.724, -5.018, 0.252, 39451)
upgrade(8.724, -5.018, 0.252, 40052)
DropTheBeat(-1.026, -5.003, 0.451, 41852)
upgrade(8.724, -5.018, 0.252, 46114)
place(9.306, -6.368, -3.250, "Turret", 46114)
place(9.306, -6.368, -3.250, "Turret", 6352)
DropTheBeat(-1.026, -5.003, 0.451, 6352)
place(9.306, -6.368, -3.250, "Turret", 6352)
place(9.306, -6.368, -3.250, "Turret", 6352)
upgrade(9.306, -5.418, -3.250, 2602)
DropTheBeat(-1.026, -5.003, 0.451, 2602)
upgrade(9.306, -5.418, -3.250, 266)
upgrade(9.306, -5.418, -3.250, 265)
upgrade(9.306, -5.418, -3.250, 2765)
DropTheBeat(-1.026, -5.003, 0.451, 2765)
upgrade(9.306, -5.418, -3.250, 2765)
upgrade(9.306, -5.418, -3.250, 12625)
SetDjTrack(-1.026, -5.003, 0.451, "Red", 6627)
upgrade(9.306, -5.418, -3.250, 6390)
DropTheBeat(-1.026, -5.003, 0.451, 6390)
upgrade(9.306, -5.418, -3.250, 6390)
upgrade(9.306, -5.418, -3.250, 6390)
DropTheBeat(-1.026, -5.003, 0.451, 8830)
upgrade(9.306, -5.418, -3.250, 8885)
upgrade(9.306, -5.418, -3.250, 8890)
upgrade(9.306, -5.418, -3.250, 8890)
DropTheBeat(-1.026, -5.003, 0.451, 8890)
upgrade(9.306, -5.418, -3.250, 8890)
upgrade(9.306, -5.418, -3.250, 11390)
upgrade(9.306, -5.418, -3.250, 11390)
DropTheBeat(-1.026, -5.003, 0.451, 11390)
upgrade(9.306, -5.418, -3.250, 11390)
upgrade(9.306, -5.418, -3.250, 11390)
upgrade(9.306, -5.418, -3.250, 13890)
DropTheBeat(-1.026, -5.003, 0.451, 13890)
upgrade(9.306, -5.418, -3.250, 13890)
upgrade(9.306, -5.418, -3.250, 13890)
DropTheBeat(-1.026, -5.003, 0.451, 16383)
upgrade(9.306, -5.418, -3.250, 16383)
upgrade(9.306, -5.418, -3.250, 16390)
upgrade(9.306, -5.418, -3.250, 16390)
upgrade(9.306, -5.418, -3.250, 16390)
DropTheBeat(-1.026, -5.003, 0.451, 16390)
upgrade(9.306, -5.418, -3.250, 16390)
upgrade(9.306, -5.418, -3.250, 20146)
place(-0.793, -6.368, -4.145, "Turret", 20146)
DropTheBeat(-1.026, -5.003, 0.451, 1384)
place(-0.793, -6.368, -4.145, "Turret", 2255)
place(-0.793, -6.368, -4.145, "Turret", 2582)
place(-0.793, -6.368, -4.145, "Turret", 2582)
DropTheBeat(-1.026, -5.003, 0.451, 2582)
place(-0.793, -6.368, -4.145, "Turret", 2582)
place(-0.793, -6.368, -4.145, "Turret", 2582)
place(-0.793, -6.368, -4.145, "Turret", 2582)
DropTheBeat(-1.026, -5.003, 0.451, 4351)
place(-0.793, -6.368, -4.145, "Turret", 8582)
place(-0.793, -6.368, -4.145, "Turret", 8582)
DropTheBeat(-1.026, -5.003, 0.451, 8582)
place(-0.793, -6.368, -4.145, "Turret", 10059)
upgrade(-0.793, -5.418, -4.145, 1832)
upgrade(-0.793, -5.418, -4.145, 1832)
DropTheBeat(-1.026, -5.003, 0.451, 1832)
upgrade(-0.793, -5.418, -4.145, 1832)
upgrade(-0.793, -5.418, -4.145, 1832)
upgrade(-0.793, -5.418, -4.145, 4189)
DropTheBeat(-1.026, -5.003, 0.451, 1908)
upgrade(-0.793, -5.418, -4.145, 2799)
upgrade(-0.793, -5.418, -4.145, 2820)
upgrade(-0.793, -5.418, -4.145, 5820)
DropTheBeat(-1.026, -5.003, 0.451, 5820)
upgrade(-0.793, -5.418, -4.145, 6420)
upgrade(-0.793, -5.418, -4.145, 6420)
DropTheBeat(-1.026, -5.003, 0.451, 6420)
upgrade(-0.793, -5.418, -4.145, 6420)
upgrade(-0.793, -5.418, -4.145, 6420)
upgrade(-0.793, -5.418, -4.145, 6420)
DropTheBeat(-1.026, -5.003, 0.451, 6420)
upgrade(-0.793, -5.418, -4.145, 13920)
upgrade(-0.793, -5.418, -4.145, 6976)
DropTheBeat(-1.026, -5.003, 0.451, 6795)
upgrade(-0.793, -5.418, -4.145, 6795)
upgrade(-0.793, -5.418, -4.145, 6795)
upgrade(-0.793, -5.418, -4.145, 6795)
DropTheBeat(-1.026, -5.003, 0.451, 6795)
upgrade(-0.793, -5.418, -4.145, 6795)
upgrade(-0.793, -5.418, -4.145, 6795)
DropTheBeat(-1.026, -5.003, 0.451, 11795)
upgrade(-0.793, -5.418, -4.145, 16794)
upgrade(-0.793, -5.418, -4.145, 21781)
DropTheBeat(-1.026, -5.003, 0.451, 21795)
upgrade(-0.793, -5.418, -4.145, 21795)
place(-4.666, -6.368, -2.787, "Turret", 21795)
place(-4.666, -6.368, -2.787, "Turret", 2795)
place(-4.666, -6.368, -2.787, "Turret", 7795)
DropTheBeat(-1.026, -5.003, 0.451, 7795)
place(-4.666, -6.368, -2.787, "Turret", 7795)
place(-4.666, -6.368, -2.787, "Turret", 12678)
DropTheBeat(-1.026, -5.003, 0.451, 4047)
upgrade(-4.666, -5.418, -2.787, 4045)
upgrade(-4.666, -5.418, -2.787, 6381)
upgrade(-4.666, -5.418, -2.787, 6433)
DropTheBeat(-1.026, -5.003, 0.451, 6433)
upgrade(-4.666, -5.418, -2.787, 6433)
upgrade(-4.666, -5.418, -2.787, 11432)
upgrade(-4.666, -5.418, -2.787, 4325)
DropTheBeat(-1.026, -5.003, 0.451, 4308)
upgrade(-4.666, -5.418, -2.787, 4308)
upgrade(-4.666, -5.418, -2.787, 9308)
upgrade(-4.666, -5.418, -2.787, 9308)
DropTheBeat(-1.026, -5.003, 0.451, 9308)
upgrade(-4.666, -5.418, -2.787, 9308)
upgrade(-4.666, -5.418, -2.787, 9308)
DropTheBeat(-1.026, -5.003, 0.451, 9308)
upgrade(-4.666, -5.418, -2.787, 9308)
upgrade(-4.666, -5.418, -2.787, 9308)
DropTheBeat(-1.026, -5.003, 0.451, 9308)
upgrade(-4.666, -5.418, -2.787, 9308)
upgrade(-4.666, -5.418, -2.787, 9308)
DropTheBeat(-1.026, -5.003, 0.451, 9308)
upgrade(-4.666, -5.418, -2.787, 9308)
upgrade(-4.666, -5.418, -2.787, 16808)
upgrade(-4.666, -5.418, -2.787, 16808)
DropTheBeat(-1.026, -5.003, 0.451, 16808)
upgrade(-4.666, -5.418, -2.787, 16808)
upgrade(-4.666, -5.418, -2.787, 16808)
DropTheBeat(-1.026, -5.003, 0.451, 16808)
upgrade(-4.666, -5.418, -2.787, 16808)
upgrade(-4.666, -5.418, -2.787, 16808)
upgrade(-4.666, -5.418, -2.787, 16808)
upgrade(-4.666, -5.418, -2.787, 16808)
DropTheBeat(-1.026, -5.003, 0.451, 16808)
upgrade(-4.666, -5.418, -2.787, 16808)
upgrade(-4.666, -5.418, -2.787, 16808)
DropTheBeat(-1.026, -5.003, 0.451, 16808)
upgrade(-4.666, -5.418, -2.787, 16808)
upgrade(-4.666, -5.418, -2.787, 16808)
upgrade(-4.666, -5.418, -2.787, 24308)
DropTheBeat(-1.026, -5.003, 0.451, 5793)
SetDjTrack(-1.026, -5.003, 0.451, "Green", 5793)
upgrade(9.306, -5.418, -3.250, 5309)
upgrade(9.306, -5.418, -3.250, 5308)
upgrade(9.306, -5.418, -3.250, 5308)
DropTheBeat(-1.026, -5.003, 0.451, 5308)
upgrade(9.306, -5.418, -3.250, 5308)
upgrade(9.306, -5.418, -3.250, 5308)
DropTheBeat(-1.026, -5.003, 0.451, 5308)
upgrade(9.306, -5.418, -3.250, 5308)
upgrade(9.306, -5.418, -3.250, 5308)
DropTheBeat(-1.026, -5.003, 0.451, 5308)
upgrade(9.306, -5.418, -3.250, 5308)
upgrade(9.306, -5.418, -3.250, 5308)
upgrade(9.306, -5.418, -3.250, 5308)
DropTheBeat(-1.026, -5.003, 0.451, 5308)
upgrade(9.306, -5.418, -3.250, 5308)
upgrade(9.306, -5.418, -3.250, 5308)
DropTheBeat(-1.026, -5.003, 0.451, 5308)
upgrade(9.306, -5.418, -3.250, 5308)
upgrade(9.306, -5.418, -3.250, 5308)
upgrade(9.306, -5.418, -3.250, 12802)
DropTheBeat(-1.026, -5.003, 0.451, 12808)
upgrade(9.306, -5.418, -3.250, 32796)
upgrade(9.306, -5.418, -3.250, 3080)
upgrade(9.306, -5.418, -3.250, 3058)
DropTheBeat(-1.026, -5.003, 0.451, 3058)
upgrade(9.306, -5.418, -3.250, 3058)
upgrade(9.306, -5.418, -3.250, 3058)
upgrade(9.306, -5.418, -3.250, 3058)
DropTheBeat(-1.026, -5.003, 0.451, 3058)
upgrade(9.306, -5.418, -3.250, 3058)
upgrade(9.306, -5.418, -3.250, 3058)
DropTheBeat(-1.026, -5.003, 0.451, 3058)
upgrade(9.306, -5.418, -3.250, 3058)
upgrade(9.306, -5.418, -3.250, 23058)
upgrade(9.306, -5.418, -3.250, 26964)
DropTheBeat(-1.026, -5.003, 0.451, 27171)
upgrade(9.306, -5.418, -3.250, 27171)
upgrade(9.306, -5.418, -3.250, 28404)
upgrade(9.306, -5.418, -3.250, 28404)
DropTheBeat(-1.026, -5.003, 0.451, 28404)
upgrade(9.306, -5.418, -3.250, 30504)
upgrade(9.306, -5.418, -3.250, 30504)
DropTheBeat(-1.026, -5.003, 0.451, 30504)
upgrade(9.306, -5.418, -3.250, 30504)
upgrade(9.306, -5.418, -3.250, 33004)
upgrade(9.306, -5.418, -3.250, 33004)
DropTheBeat(-1.026, -5.003, 0.451, 38004)
upgrade(9.306, -5.418, -3.250, 39496)
upgrade(9.306, -5.418, -3.250, 45504)
DropTheBeat(-1.026, -5.003, 0.451, 45504)
upgrade(9.306, -5.418, -3.250, 45504)
upgrade(9.306, -5.418, -3.250, 45504)
DropTheBeat(-1.026, -5.003, 0.451, 45504)
upgrade(9.306, -5.418, -3.250, 45504)
upgrade(9.306, -5.418, -3.250, 50504)
upgrade(9.306, -5.418, -3.250, 50504)
DropTheBeat(-1.026, -5.003, 0.451, 50504)
upgrade(9.306, -5.418, -3.250, 50504)
upgrade(-0.793, -5.418, -4.145, 254)
DropTheBeat(-1.026, -5.003, 0.451, 254)
upgrade(-0.793, -5.418, -4.145, 254)
upgrade(-0.793, -5.418, -4.145, 5254)
upgrade(-0.793, -5.418, -4.145, 5254)
DropTheBeat(-1.026, -5.003, 0.451, 5254)
upgrade(-0.793, -5.418, -4.145, 5254)
upgrade(-0.793, -5.418, -4.145, 10254)
DropTheBeat(-1.026, -5.003, 0.451, 13254)
upgrade(-0.793, -5.418, -4.145, 13254)
upgrade(-0.793, -5.418, -4.145, 26234)
upgrade(-0.793, -5.418, -4.145, 31744)
upgrade(-0.793, -5.418, -4.145, 4498)
DropTheBeat(-1.026, -5.003, 0.451, 4498)
upgrade(-0.793, -5.418, -4.145, 9494)
upgrade(-0.793, -5.418, -4.145, 16993)
DropTheBeat(-1.026, -5.003, 0.451, 16994)
upgrade(-0.793, -5.418, -4.145, 19423)
upgrade(-0.793, -5.418, -4.145, 24494)
DropTheBeat(-1.026, -5.003, 0.451, 26994)
upgrade(-0.793, -5.418, -4.145, 29492)
upgrade(-0.793, -5.418, -4.145, 31994)
upgrade(-0.793, -5.418, -4.145, 31994)
DropTheBeat(-1.026, -5.003, 0.451, 31994)
upgrade(-0.793, -5.418, -4.145, 39042)
upgrade(-0.793, -5.418, -4.145, 39094)
DropTheBeat(-1.026, -5.003, 0.451, 41594)
upgrade(-0.793, -5.418, -4.145, 41594)
upgrade(-0.793, -5.418, -4.145, 41594)
upgrade(-0.793, -5.418, -4.145, 44094)
DropTheBeat(-1.026, -5.003, 0.451, 44094)
upgrade(-0.793, -5.418, -4.145, 44094)
upgrade(-0.793, -5.418, -4.145, 46403)
upgrade(-0.793, -5.418, -4.145, 46594)
DropTheBeat(-1.026, -5.003, 0.451, 46594)
upgrade(-0.793, -5.418, -4.145, 46594)
upgrade(-0.793, -5.418, -4.145, 49089)
upgrade(-0.793, -5.418, -4.145, 49094)
DropTheBeat(-1.026, -5.003, 0.451, 49094)
upgrade(-0.793, -5.418, -4.145, 49094)
upgrade(-0.793, -5.418, -4.145, 49094)
upgrade(-0.793, -5.418, -4.145, 49094)
upgrade(-0.793, -5.418, -4.145, 49094)
DropTheBeat(-1.026, -5.003, 0.451, 52020)
upgrade(-0.793, -5.418, -4.145, 53327)
upgrade(-0.793, -5.418, -4.145, 54596)
upgrade(-0.793, -5.418, -4.145, 54596)
DropTheBeat(-1.026, -5.003, 0.451, 54596)
upgrade(-0.793, -5.418, -4.145, 54596)
upgrade(-0.793, -5.418, -4.145, 54596)
upgrade(-0.793, -5.418, -4.145, 54596)
DropTheBeat(-1.026, -5.003, 0.451, 54596)
upgrade(-0.793, -5.418, -4.145, 57096)
upgrade(-4.666, -5.418, -2.787, 2458)
upgrade(-4.666, -5.418, -2.787, 4346)
DropTheBeat(-1.026, -5.003, 0.451, 4346)
upgrade(-4.666, -5.418, -2.787, 9330)
upgrade(-4.666, -5.418, -2.787, 9346)
upgrade(-4.666, -5.418, -2.787, 16846)
DropTheBeat(-1.026, -5.003, 0.451, 16846)
upgrade(-4.666, -5.418, -2.787, 16846)
upgrade(-4.666, -5.418, -2.787, 19346)
upgrade(-4.666, -5.418, -2.787, 20843)
DropTheBeat(-1.026, -5.003, 0.451, 20843)
upgrade(-4.666, -5.418, -2.787, 2016)
upgrade(-4.666, -5.418, -2.787, 6596)
DropTheBeat(-1.026, -5.003, 0.451, 6596)
upgrade(-4.666, -5.418, -2.787, 19696)
DropTheBeat(-1.026, -5.003, 0.451, 22696)
upgrade(-4.666, -5.418, -2.787, 22696)
upgrade(-4.666, -5.418, -2.787, 28694)
upgrade(-4.666, -5.418, -2.787, 38296)
DropTheBeat(-1.026, -5.003, 0.451, 38296)
upgrade(-4.666, -5.418, -2.787, 38296)
upgrade(-4.666, -5.418, -2.787, 38896)
DropTheBeat(-1.026, -5.003, 0.451, 38896)
upgrade(-4.666, -5.418, -2.787, 38896)
upgrade(-4.666, -5.418, -2.787, 38896)
upgrade(-4.666, -5.418, -2.787, 38896)
DropTheBeat(-1.026, -5.003, 0.451, 41381)
upgrade(-4.666, -5.418, -2.787, 61367)
SetDjTrack(-1.026, -5.003, 0.451, "Red", 8633)
place(-5.217, -1.745, 9.890, "Ranger", 8633)
DropTheBeat(-1.026, -5.003, 0.451, 4146)
upgrade(-5.217, -0.395, 9.890, 6633)
upgrade(-5.217, -0.395, 9.890, 5221)
place(-8.272, -1.745, 9.877, "Ranger", 5221)
DropTheBeat(-1.026, -5.003, 0.451, 2496)
place(-8.272, -1.745, 9.877, "Ranger", 2496)
upgrade(-8.272, -0.395, 9.877, 23969)
upgrade(-8.272, -0.395, 9.877, 25760)
place(-9.350, -1.745, 7.071, "Ranger", 25760)
DropTheBeat(-1.026, -5.003, 0.451, 21903)
upgrade(-9.350, -0.395, 7.071, 20244)
upgrade(-9.350, -0.395, 7.071, 18833)
place(-5.037, -1.745, 6.731, "Ranger", 18833)
DropTheBeat(-1.026, -5.003, 0.451, 9112)
upgrade(-5.037, -0.395, 6.731, 9094)
upgrade(-5.037, -0.395, 6.731, 8004)
place(13.282, -0.956, 8.058, "Ranger", 8004)
place(13.282, -0.956, 8.058, "Ranger", 2444)
place(13.282, -0.956, 8.058, "Ranger", 2444)
DropTheBeat(-1.026, -5.003, 0.451, 2444)
place(13.282, -0.956, 8.058, "Ranger", 6796)
upgrade(13.282, 0.394, 8.058, 3598)
upgrade(13.282, 0.394, 8.058, 2184)
DropTheBeat(-1.026, -5.003, 0.451, 2176)
upgrade(13.282, 0.394, 8.058, 2176)
upgrade(13.282, 0.394, 8.058, 2176)
upgrade(13.282, 0.394, 8.058, 4626)
DropTheBeat(-1.026, -5.003, 0.451, 4676)
upgrade(13.282, 0.394, 8.058, 4676)
upgrade(13.282, 0.394, 8.058, 7149)
place(14.015, -0.956, 11.000, "Ranger", 7149)
place(14.015, -0.956, 11.000, "Ranger", 4451)
DropTheBeat(-1.026, -5.003, 0.451, 4451)
place(14.015, -0.956, 11.000, "Ranger", 6941)
upgrade(14.015, 0.394, 11.000, 4201)
upgrade(14.015, 0.394, 11.000, 2778)
DropTheBeat(-1.026, -5.003, 0.451, 2776)
upgrade(14.015, 0.394, 11.000, 26144)
place(16.227, -0.956, 7.084, "Ranger", 26144)
upgrade(16.227, 0.394, 7.084, 16551)
upgrade(16.227, 0.394, 7.084, 15139)
place(16.974, -0.956, 10.297, "Ranger", 15139)
DropTheBeat(-1.026, -5.003, 0.451, 9953)
upgrade(16.974, 0.394, 10.297, 25651)
upgrade(16.974, 0.394, 10.297, 25651)
upgrade(-5.037, -0.395, 6.731, 27651)
DropTheBeat(-1.026, -5.003, 0.451, 27651)
upgrade(-5.037, -0.395, 6.731, 12753)
upgrade(-5.037, -0.395, 6.731, 12689)
upgrade(-5.037, -0.395, 6.731, 20189)
DropTheBeat(-1.026, -5.003, 0.451, 20189)
upgrade(-5.037, -0.395, 6.731, 20189)
DropTheBeat(-1.026, -5.003, 0.451, 20189)
upgrade(-5.037, -0.395, 6.731, 20189)
upgrade(-5.037, -0.395, 6.731, 20189)
DropTheBeat(-1.026, -5.003, 0.451, 20189)
upgrade(-5.037, -0.395, 6.731, 20189)
upgrade(-5.037, -0.395, 6.731, 20189)
upgrade(-5.037, -0.395, 6.731, 25189)
DropTheBeat(-1.026, -5.003, 0.451, 1492)
upgrade(-9.350, -0.395, 7.071, 8932)
upgrade(-9.350, -0.395, 7.071, 8939)
DropTheBeat(-1.026, -5.003, 0.451, 8939)
upgrade(-9.350, -0.395, 7.071, 13902)
upgrade(-9.350, -0.395, 7.071, 13939)
upgrade(-9.350, -0.395, 7.071, 13939)
DropTheBeat(-1.026, -5.003, 0.451, 13939)
upgrade(-9.350, -0.395, 7.071, 13939)
upgrade(-9.350, -0.395, 7.071, 3980)
upgrade(-9.350, -0.395, 7.071, 3977)
DropTheBeat(-1.026, -5.003, 0.451, 3977)
upgrade(-9.350, -0.395, 7.071, 8976)
upgrade(-9.350, -0.395, 7.071, 8977)
DropTheBeat(-1.026, -5.003, 0.451, 8977)
upgrade(-9.350, -0.395, 7.071, 8977)
upgrade(-9.350, -0.395, 7.071, 8977)
DropTheBeat(-1.026, -5.003, 0.451, 13977)
upgrade(-9.350, -0.395, 7.071, 32891)
upgrade(-9.350, -0.395, 7.071, 33977)
upgrade(-5.217, -0.395, 9.890, 10227)
DropTheBeat(-1.026, -5.003, 0.451, 12721)
upgrade(-5.217, -0.395, 9.890, 12727)
upgrade(-5.217, -0.395, 9.890, 12727)
upgrade(-5.217, -0.395, 9.890, 12727)
DropTheBeat(-1.026, -5.003, 0.451, 12727)
upgrade(-5.217, -0.395, 9.890, 12727)
upgrade(-5.217, -0.395, 9.890, 20223)
upgrade(-5.217, -0.395, 9.890, 5272)
DropTheBeat(-1.026, -5.003, 0.451, 5265)
upgrade(-5.217, -0.395, 9.890, 5265)
upgrade(-5.217, -0.395, 9.890, 5265)
DropTheBeat(-1.026, -5.003, 0.451, 5265)
upgrade(-5.217, -0.395, 9.890, 5265)
upgrade(-5.217, -0.395, 9.890, 5265)
upgrade(-5.217, -0.395, 9.890, 25265)
upgrade(-8.272, -0.395, 9.877, 1840)
DropTheBeat(-1.026, -5.003, 0.451, 5987)
upgrade(-8.272, -0.395, 9.877, 5987)
upgrade(-8.272, -0.395, 9.877, 7324)
upgrade(-8.272, -0.395, 9.877, 7328)
DropTheBeat(-1.026, -5.003, 0.451, 7328)
upgrade(-8.272, -0.395, 9.877, 7328)
upgrade(-8.272, -0.395, 9.877, 7328)
upgrade(-8.272, -0.395, 9.877, 7328)
upgrade(-8.272, -0.395, 9.877, 9828)
DropTheBeat(-1.026, -5.003, 0.451, 9828)
upgrade(-8.272, -0.395, 9.877, 9828)
upgrade(-8.272, -0.395, 9.877, 12328)
DropTheBeat(-1.026, -5.003, 0.451, 17321)
upgrade(-8.272, -0.395, 9.877, 17321)
upgrade(-8.272, -0.395, 9.877, 2389)
upgrade(-8.272, -0.395, 9.877, 12366)
upgrade(-8.272, -0.395, 9.877, 12366)
DropTheBeat(-1.026, -5.003, 0.451, 12366)
upgrade(-8.272, -0.395, 9.877, 17336)
upgrade(13.282, 0.394, 8.058, 3616)
upgrade(13.282, 0.394, 8.058, 3616)
DropTheBeat(-1.026, -5.003, 0.451, 3616)
upgrade(13.282, 0.394, 8.058, 13616)
upgrade(13.282, 0.394, 8.058, 13616)
DropTheBeat(-1.026, -5.003, 0.451, 13616)
upgrade(13.282, 0.394, 8.058, 16115)
upgrade(13.282, 0.394, 8.058, 1155)
upgrade(13.282, 0.394, 8.058, 6154)
DropTheBeat(-1.026, -5.003, 0.451, 15797)
upgrade(13.282, 0.394, 8.058, 15797)
upgrade(13.282, 0.394, 8.058, 21154)
upgrade(13.282, 0.394, 8.058, 26151)
upgrade(16.227, 0.394, 7.084, 4896)
DropTheBeat(-1.026, -5.003, 0.451, 4896)
upgrade(16.227, 0.394, 7.084, 9818)
DropTheBeat(-1.026, -5.003, 0.451, 12404)
upgrade(16.227, 0.394, 7.084, 12404)
upgrade(16.227, 0.394, 7.084, 14904)
upgrade(16.227, 0.394, 7.084, 24901)
DropTheBeat(-1.026, -5.003, 0.451, 24904)
upgrade(16.227, 0.394, 7.084, 13642)
upgrade(16.227, 0.394, 7.084, 14239)
DropTheBeat(-1.026, -5.003, 0.451, 19842)
upgrade(16.227, 0.394, 7.084, 20438)
upgrade(16.227, 0.394, 7.084, 22942)
upgrade(16.227, 0.394, 7.084, 27241)
DropTheBeat(-1.026, -5.003, 0.451, 8524)
upgrade(14.015, 0.394, 11.000, 8492)
upgrade(14.015, 0.394, 11.000, 19692)
upgrade(14.015, 0.394, 11.000, 6530)
DropTheBeat(-1.026, -5.003, 0.451, 6530)
upgrade(14.015, 0.394, 11.000, 6530)
upgrade(14.015, 0.394, 11.000, 8924)
DropTheBeat(-1.026, -5.003, 0.451, 9530)
upgrade(14.015, 0.394, 11.000, 10130)
upgrade(14.015, 0.394, 11.000, 14528)
DropTheBeat(-1.026, -5.003, 0.451, 15728)
upgrade(14.015, 0.394, 11.000, 16328)
upgrade(14.015, 0.394, 11.000, 16928)
upgrade(14.015, 0.394, 11.000, 18128)
DropTheBeat(-1.026, -5.003, 0.451, 18128)
upgrade(14.015, 0.394, 11.000, 18128)
upgrade(14.015, 0.394, 11.000, 25598)
upgrade(16.974, 0.394, 10.297, 1930)
DropTheBeat(-1.026, -5.003, 0.451, 1878)
upgrade(16.974, 0.394, 10.297, 1878)
upgrade(16.974, 0.394, 10.297, 1878)
upgrade(16.974, 0.394, 10.297, 1878)
DropTheBeat(-1.026, -5.003, 0.451, 1878)
upgrade(16.974, 0.394, 10.297, 1358)
upgrade(16.974, 0.394, 10.297, 1140)
DropTheBeat(-1.026, -5.003, 0.451, 1128)
upgrade(16.974, 0.394, 10.297, 1128)
upgrade(16.974, 0.394, 10.297, 1128)
upgrade(16.974, 0.394, 10.297, 8628)
DropTheBeat(-1.026, -5.003, 0.451, 8628)
upgrade(16.974, 0.394, 10.297, 8628)
upgrade(16.974, 0.394, 10.297, 16126)
DropTheBeat(-1.026, -5.003, 0.451, 16128)
upgrade(16.974, 0.394, 10.297, 16128)
upgrade(16.974, 0.394, 10.297, 23628)
upgrade(16.974, 0.394, 10.297, 23628)
DropTheBeat(-1.026, -5.003, 0.451, 23628)
upgrade(16.974, 0.394, 10.297, 23628)
upgrade(16.974, 0.394, 10.297, 23628)
upgrade(16.974, 0.394, 10.297, 23628)
DropTheBeat(-1.026, -5.003, 0.451, 27955)
upgrade(16.974, 0.394, 10.297, 28191)
DropTheBeat(-1.026, -5.003, 0.451, 4597)
DropTheBeat(-1.026, -5.003, 0.451, 10597)
DropTheBeat(-1.026, -5.003, 0.451, 16597)
DropTheBeat(-1.026, -5.003, 0.451, 24589)
DropTheBeat(-1.026, -5.003, 0.451, 34579)
DropTheBeat(-1.026, -5.003, 0.451, 38997)
DropTheBeat(-1.026, -5.003, 0.451, 46995)
DropTheBeat(-1.026, -5.003, 0.451, 56587)
DropTheBeat(-1.026, -5.003, 0.451, 64288)
DropTheBeat(-1.026, -5.003, 0.451, 74690)
DropTheBeat(-1.026, -5.003, 0.451, 79692)
DropTheBeat(-1.026, -5.003, 0.451, 79692)
DropTheBeat(-1.026, -5.003, 0.451, 89692)
DropTheBeat(-1.026, -5.003, 0.451, 99692)
DropTheBeat(-1.026, -5.003, 0.451, 107692)
DropTheBeat(-1.026, -5.003, 0.451, 114681)
DropTheBeat(-1.026, -5.003, 0.451, 119692)
DropTheBeat(-1.026, -5.003, 0.451, 124692)
DropTheBeat(-1.026, -5.003, 0.451, 132189)
DropTheBeat(-1.026, -5.003, 0.451, 149692)
DropTheBeat(-1.026, -5.003, 0.451, 149692)
DropTheBeat(-1.026, -5.003, 0.451, 164649)
DropTheBeat(-1.026, -5.003, 0.451, 172192)
DropTheBeat(-1.026, -5.003, 0.451, 179692)
DropTheBeat(-1.026, -5.003, 0.451, 187192)
DropTheBeat(-1.026, -5.003, 0.451, 206692)
DropTheBeat(-1.026, -5.003, 0.451, 206692)
DropTheBeat(-1.026, -5.003, 0.451, 221692)
DropTheBeat(-1.026, -5.003, 0.451, 224176)
DropTheBeat(-1.026, -5.003, 0.451, 239192)
DropTheBeat(-1.026, -5.003, 0.451, 246691)
DropTheBeat(-1.026, -5.003, 0.451, 251620)
DropTheBeat(-1.026, -5.003, 0.451, 261692)
DropTheBeat(-1.026, -5.003, 0.451, 269192)
DropTheBeat(-1.026, -5.003, 0.451, 271665)
DropTheBeat(-1.026, -5.003, 0.451, 286692)
DropTheBeat(-1.026, -5.003, 0.451, 299192)
DropTheBeat(-1.026, -5.003, 0.451, 311692)
DropTheBeat(-1.026, -5.003, 0.451, 324192)
DropTheBeat(-1.026, -5.003, 0.451, 336692)
DropTheBeat(-1.026, -5.003, 0.451, 336692)
DropTheBeat(-1.026, -5.003, 0.451, 349192)
DropTheBeat(-1.026, -5.003, 0.451, 381692)
DropTheBeat(-1.026, -5.003, 0.451, 394192)
DropTheBeat(-1.026, -5.003, 0.451, 419192)
DropTheBeat(-1.026, -5.003, 0.451, 431692)
DropTheBeat(-1.026, -5.003, 0.451, 444192)
DropTheBeat(-1.026, -5.003, 0.451, 476692)
DropTheBeat(-1.026, -5.003, 0.451, 489192)
DropTheBeat(-1.026, -5.003, 0.451, 514141)
DropTheBeat(-1.026, -5.003, 0.451, 514192)
DropTheBeat(-1.026, -5.003, 0.451, 514192)
DropTheBeat(-1.026, -5.003, 0.451, 514192)
DropTheBeat(-1.026, -5.003, 0.451, 514192)
DropTheBeat(-1.026, -5.003, 0.451, 514192)
DropTheBeat(-1.026, -5.003, 0.451, 514192)
DropTheBeat(-1.026, -5.003, 0.451, 514192)
DropTheBeat(-1.026, -5.003, 0.451, 514192)
DropTheBeat(-1.026, -5.003, 0.451, 526692)
DropTheBeat(-1.026, -5.003, 0.451, 539192)
DropTheBeat(-1.026, -5.003, 0.451, 547641)
DropTheBeat(-1.026, -5.003, 0.451, 564192)
DropTheBeat(-1.026, -5.003, 0.451, 576692)
DropTheBeat(-1.026, -5.003, 0.451, 589192)
DropTheBeat(-1.026, -5.003, 0.451, 613867)
DropTheBeat(-1.026, -5.003, 0.451, 626692)
DropTheBeat(-1.026, -5.003, 0.451, 626692)
DropTheBeat(-1.026, -5.003, 0.451, 639192)
DropTheBeat(-1.026, -5.003, 0.451, 651692)
DropTheBeat(-1.026, -5.003, 0.451, 664192)
DropTheBeat(-1.026, -5.003, 0.451, 676692)
DropTheBeat(-1.026, -5.003, 0.451, 676692)
DropTheBeat(-1.026, -5.003, 0.451, 676692)
DropTheBeat(-1.026, -5.003, 0.451, 676692)
DropTheBeat(-1.026, -5.003, 0.451, 676692)
DropTheBeat(-1.026, -5.003, 0.451, 676692)
DropTheBeat(-1.026, -5.003, 0.451, 676692)
DropTheBeat(-1.026, -5.003, 0.451, 689192)
DropTheBeat(-1.026, -5.003, 0.451, 689192)
DropTheBeat(-1.026, -5.003, 0.451, 714100)
DropTheBeat(-1.026, -5.003, 0.451, 726692)
DropTheBeat(-1.026, -5.003, 0.451, 739192)
DropTheBeat(-1.026, -5.003, 0.451, 751635)
DropTheBeat(-1.026, -5.003, 0.451, 764192)
DropTheBeat(-1.026, -5.003, 0.451, 776692)
DropTheBeat(-1.026, -5.003, 0.451, 776692)
DropTheBeat(-1.026, -5.003, 0.451, 776692)
DropTheBeat(-1.026, -5.003, 0.451, 776692)
DropTheBeat(-1.026, -5.003, 0.451, 789192)
DropTheBeat(-1.026, -5.003, 0.451, 801692)
DropTheBeat(-1.026, -5.003, 0.451, 801692)
DropTheBeat(-1.026, -5.003, 0.451, 814192)
DropTheBeat(-1.026, -5.003, 0.451, 814192)
DropTheBeat(-1.026, -5.003, 0.451, 818904)