-- DIFFICULTY: Hardcore
place(4.314, 1.000, -4.569, "Pyromancer", 1600)
upgrade(4.314, 2.350, -4.569, 1344)
upgrade(4.314, 2.350, -4.569, 1527)
place(12.909, 1.000, 10.397, "Crook Boss", 3201)
place(3.345, 1.000, -25.695, "Pyromancer", 1839)
upgrade(3.345, 2.350, -25.695, 1304)
upgrade(3.345, 2.350, -25.695, 1079)
upgrade(3.345, 2.350, -25.695, 1744)
upgrade(3.345, 2.350, -25.695, 674)
upgrade(12.909, 2.350, 10.397, 1739)
upgrade(12.909, 2.350, 10.397, 934)
place(9.204, 1.000, 10.378, "Crook Boss", 2787)
upgrade(9.204, 2.350, 10.378, 1937)
upgrade(9.204, 2.350, 10.378, 513)
upgrade(12.909, 2.350, 10.397, 3093)
upgrade(12.909, 2.350, 10.397, 1444)
upgrade(9.204, 2.350, 10.378, 5132)