place(4.744, 1.000, -36.926, "Brawler", 600)
place(-1.586, 1.000, -37.209, "Brawler", 300)
place(4.796, 1.037, -34.897, "Brawler", 437)
place(-1.545, 1.037, -34.986, "Brawler", 697)
place(4.684, 1.037, -32.368, "Trapper", 1059)
place(-1.395, 1.037, -32.171, "Trapper", 627)
place(7.331, 1.037, -30.786, "Trapper", 815)
place(7.510, 1.037, -33.869, "Trapper", 1271)
place(-1.289, 1.037, -28.972, "Trapper", 771)
upgrade(4.684, 2.387, -32.368, 1410)
upgrade(7.510, 2.387, -33.869, 910)
upgrade(-1.395, 2.387, -32.171, 631)
upgrade(-1.289, 2.387, -28.972, 1206)
upgrade(7.331, 2.387, -30.786, 706)
upgrade(4.684, 2.387, -32.368, 1580)
upgrade(-1.395, 2.387, -32.171, 1556)
upgrade(-1.289, 2.387, -28.972, 2051)
upgrade(4.796, 2.387, -34.897, 1461)
upgrade(-1.545, 2.387, -34.986, 1311)
upgrade(4.744, 2.350, -36.926, 1196)
upgrade(-1.586, 2.350, -37.209, 2072)
upgrade(4.796, 2.387, -34.897, 2281)
upgrade(-1.545, 2.387, -34.986, 1531)
upgrade(4.744, 2.350, -36.926, 781)
upgrade(-1.586, 2.350, -37.209, 2188)
upgrade(7.331, 2.387, -30.786, 1732)
sell(-1.586, 2.350, -37.209)
sell(-1.545, 2.387, -34.986)
sell(4.744, 2.350, -36.926)
sell(4.796, 2.387, -34.897)
sell(4.684, 2.387, -32.368)
sell(7.510, 2.387, -33.869)
sell(7.331, 2.387, -30.786)
sell(-1.395, 2.387, -32.171)
sell(-1.289, 2.387, -28.972)