-- ZEPHYR_META: {"authorId":"948884748837732373","authorTag":"lukag0atcic","category":"community","official":false,"createdAt":"2026-09-30T11:45:29.341Z","updatedAt":"2026-09-30T11:45:29.341Z"}
place(-11.1, 1.0, -9.1, "Scout", -35300, 0.84)
place(-12.5, 1.0, -12.1, "Scout", -35300, 3.87)
upgrade(-12.5, -12.1, 1, -35350, 5.61)
upgrade(-14.4, -9.0, 1, -35400, 6.46)
upgrade(-11.1, -9.1, 1, -35450, 7.26)
upgrade(-12.5, -12.1, 1, -35825, 15.50)
upgrade(-14.4, -9.0, 1, -36200, 33.02)
upgrade(-11.1, -9.1, 1, -36575, 34.33)
place(-12.1, 1.0, -3.1, "Shotgunner", -36575, 66.59)
place(-9.9, 1.0, -2.9, "Shotgunner", -36575, 88.07)
place(-7.7, 1.0, -2.9, "Shotgunner", -36575, 110.10)
place(-12.0, 1.0, -0.8, "Shotgunner", -36575, 126.34)
place(-10.0, 1.0, -0.8, "Shotgunner", -36575, 151.84)
place(-7.9, 1.0, -0.7, "Shotgunner", -36575, 161.78)
upgrade(-7.9, -0.7, 1, -37325, 163.78)
upgrade(-10.0, -0.8, 1, -38075, 176.27)
upgrade(-12.0, -0.8, 1, -38825, 179.93)
upgrade(-7.7, -2.9, 1, -39575, 181.40)
upgrade(-9.9, -2.9, 1, -40325, 198.66)
upgrade(-12.1, -3.1, 1, -41075, 200.29)
upgrade(-12.1, -3.1, 1, -42575, 207.71)
upgrade(-9.9, -2.9, 1, -44075, 220.26)
upgrade(-7.7, -2.9, 1, -45575, 221.79)
upgrade(-12.0, -0.8, 1, -47075, 234.53)
upgrade(-10.0, -0.8, 1, -48575, 242.91)
upgrade(-7.9, -0.7, 1, -50075, 258.57)
place(-3.8, 1.0, -3.1, "DJ Booth", -50075, 266.96)
upgrade(-3.8, -3.1, 1, -50375, 274.16)
option(-3.8, -3.1, "Track", "Green", 278.65)
upgrade(-3.8, -3.1, 1, -54625, 282.80)
ability(-3.8, -3.1, "Drop The Beat", 285.38)
place(-12.2, 1.0, 1.3, "Shotgunner", -54625, 291.15)
place(-10.0, 1.0, 1.5, "Shotgunner", -54625, 292.92)
place(-7.9, 1.0, 1.6, "Shotgunner", -54625, 304.88)
upgrade(-7.9, 1.6, 1, -55300, 307.36)
upgrade(-7.9, 1.6, 1, -56650, 309.30)
upgrade(-10.0, 1.5, 1, -57325, 318.60)
upgrade(-10.0, 1.5, 1, -58675, 322.83)
upgrade(-12.2, 1.3, 1, -59350, 326.40)
skip(16, 328.18)
upgrade(-12.2, 1.3, 1, -60700, 329.84)
ability(-3.8, -3.1, "Drop The Beat", 331.51)
upgrade(-12.1, -3.1, 1, -66550, 348.26)
upgrade(-9.9, -2.9, 1, -72400, 378.55)
ability(-3.8, -3.1, "Drop The Beat", 381.24)
upgrade(-7.7, -2.9, 1, -78250, 386.29)
upgrade(-12.0, -0.8, 1, -84100, 402.89)
ability(-3.8, -3.1, "Drop The Beat", 411.32)
skip(19, 424.80)
upgrade(-10.0, -0.8, 1, -89950, 427.24)
upgrade(-7.9, -0.7, 1, -95800, 441.41)
ability(-3.8, -3.1, "Drop The Beat", 446.05)
upgrade(-12.2, 1.3, 1, -101650, 450.89)
skip(20, 452.78)
upgrade(-10.0, 1.5, 1, -107500, 471.85)
skip(21, 480.23)
upgrade(-7.9, 1.6, 1, -113350, 480.32)
upgrade(-3.8, -3.1, 1, -121350, 497.56)
ability(-3.8, -3.1, "Drop The Beat", 506.43)
skip(23, 532.18)
upgrade(-3.8, -3.1, 1, -141350, 550.75)
place(0.4, 1.0, -3.3, "Crook Boss", -141350, 559.21)
place(3.6, 1.0, -3.3, "Crook Boss", -141350, 562.23)
skip(24, 567.56)
place(-2.4, 1.0, 2.7, "Crook Boss", -141350, 570.53)
place(0.8, 1.0, 2.6, "Crook Boss", -141350, 573.65)
place(3.9, 1.0, 2.4, "Crook Boss", -141350, 581.83)
upgrade(3.9, 2.4, 1, -142625, 583.53)
upgrade(0.8, 2.6, 1, -143900, 584.39)
upgrade(-2.4, 2.7, 1, -145175, 585.11)
upgrade(0.4, -3.3, 1, -146450, 585.99)
upgrade(3.6, -3.3, 1, -147725, 590.75)
upgrade(3.6, -3.3, 1, -150062, 592.13)
upgrade(0.4, -3.3, 1, -152399, 597.18)
upgrade(-2.4, 2.7, 1, -154736, 598.69)
upgrade(0.8, 2.6, 1, -157073, 609.02)
upgrade(3.9, 2.4, 1, -159410, 611.08)
ability(-3.8, -3.1, "Drop The Beat", 632.62)
upgrade(0.4, -3.3, 1, -171310, 657.58)
ability(-3.8, -3.1, "Drop The Beat", 663.07)
upgrade(3.6, -3.3, 1, -183210, 679.07)
ability(-3.8, -3.1, "Drop The Beat", 693.87)
upgrade(-2.4, 2.7, 1, -195110, 705.99)
ability(-3.8, -3.1, "Drop The Beat", 724.05)
upgrade(0.8, 2.6, 1, -207010, 726.76)
option(-3.8, -3.1, "Track", "Purple", 745.04)
option(-3.8, -3.1, "Track", "Green", 746.78)
ability(-3.8, -3.1, "Drop The Beat", 754.02)
upgrade(3.9, 2.4, 1, -220310, 757.54)
option(-3.8, -3.1, "Track", "Green", 766.83)
ability(-3.8, -3.1, "Drop The Beat", 784.08)
upgrade(-12.1, -3.1, 1, -236270, 786.11)
upgrade(-9.9, -2.9, 1, -252230, 807.09)
upgrade(-7.7, -2.9, 1, -268190, 824.00)
ability(-3.8, -3.1, "Drop The Beat", 826.94)
upgrade(-12.0, -0.8, 1, -284150, 833.83)
option(-3.8, -3.1, "Track", "Red", 835.41)
upgrade(-10.0, -0.8, 1, -301988, 855.07)
ability(-3.8, -3.1, "Drop The Beat", 857.43)
skip(30, 876.17)
upgrade(-7.9, -0.7, 1, -319826, 878.42)
ability(-3.8, -3.1, "Drop The Beat", 887.62)
upgrade(-12.2, 1.3, 1, -337664, 889.50)
upgrade(-10.0, 1.5, 1, -355502, 896.51)
upgrade(-7.9, 1.6, 1, -373340, 903.66)
skip(31, 916.13)
ability(-3.8, -3.1, "Drop The Beat", 930.23)
upgrade(0.4, -3.3, 1, -418465, 934.36)
ability(-3.8, -3.1, "Drop The Beat", 960.27)
skip(32, 961.48)
upgrade(3.6, -3.3, 1, -463590, 972.30)
ability(-3.8, -3.1, "Drop The Beat", 991.04)
upgrade(-2.4, 2.7, 1, -508715, 1002.57)
ability(-3.8, -3.1, "Drop The Beat", 1021.35)
upgrade(0.8, 2.6, 1, -553840, 1032.00)
skip(34, 1050.10)
ability(-3.8, -3.1, "Drop The Beat", 1058.03)
upgrade(3.9, 2.4, 1, -598965, 1077.72)
place(-7.8, 1.0, 4.3, "Minigunner", -598965, 1083.94)
upgrade(-7.8, 4.3, 1, -599297, 1086.05)
upgrade(-7.8, 4.3, 1, -600722, 1086.32)
upgrade(-7.8, 4.3, 1, -627322, 1087.15)
place(-11.1, 1.0, 4.2, "Minigunner", -627322, 1090.10)
upgrade(-11.1, 4.2, 1, -627654, 1092.09)
upgrade(-11.1, 4.2, 1, -630504, 1092.66)
upgrade(-11.1, 4.2, 1, -650929, 1094.25)
ability(-3.8, -3.1, "Drop The Beat", 1096.16)
place(-8.1, 1.0, 7.5, "Minigunner", -650929, 1100.28)
upgrade(-8.1, 7.5, 1, -651261, 1101.99)
upgrade(-8.1, 7.5, 1, -660286, 1102.58)
place(-11.5, 1.0, 7.5, "Minigunner", -660286, 1106.08)
upgrade(-11.5, 7.5, 1, -660618, 1107.87)
upgrade(-11.5, 7.5, 1, -662043, 1108.12)
place(7.3, 1.0, 2.5, "Minigunner", -669643, 1114.47)
upgrade(7.3, 2.5, 1, -669975, 1116.37)
upgrade(7.3, 2.5, 1, -683750, 1116.97)
place(12.8, 1.0, -3.5, "Minigunner", -683750, 1121.19)
upgrade(12.8, -3.5, 1, -684082, 1123.42)
upgrade(12.8, -3.5, 1, -685507, 1123.67)
upgrade(12.8, -3.5, 1, -707357, 1126.83)
ability(-3.8, -3.1, "Drop The Beat", 1128.03)
place(12.8, 1.0, -0.4, "Minigunner", -707357, 1132.50)
upgrade(12.8, -0.4, 1, -707689, 1134.52)
upgrade(12.8, -0.4, 1, -710539, 1134.93)
place(6.7, 1.0, -3.3, "Minigunner", -716714, 1143.92)
upgrade(6.7, -3.3, 1, -717046, 1145.88)
upgrade(6.7, -3.3, 1, -724646, 1146.36)
upgrade(6.7, -3.3, 1, -745071, 1148.55)
place(5.7, 1.0, -6.3, "Minigunner", -745071, 1153.49)
upgrade(5.7, -6.3, 1, -745403, 1165.16)
ability(-3.8, -3.1, "Drop The Beat", 1166.86)
place(5.7, 1.0, -9.4, "Minigunner", -754428, 1174.36)
upgrade(5.7, -9.4, 1, -754760, 1176.43)
upgrade(5.7, -9.4, 1, -776942, 1179.05)
place(7.8, 1.0, -11.6, "Minigunner", -776942, 1184.82)
upgrade(7.8, -11.6, 1, -777274, 1187.46)
upgrade(7.8, -11.6, 1, -778699, 1190.21)
upgrade(7.8, -11.6, 1, -805299, 1190.64)
ability(-3.8, -3.1, "Drop The Beat", 1200.92)
place(9.7, 1.0, -8.9, "Minigunner", -805299, 1206.69)
upgrade(9.7, -8.9, 1, -805631, 1209.73)
upgrade(9.7, -8.9, 1, -813231, 1210.28)
place(11.7, 1.0, -11.4, "Minigunner", -813231, 1219.43)
upgrade(11.7, -11.4, 1, -813563, 1221.26)
upgrade(11.7, -11.4, 1, -821163, 1221.67)
place(-0.4, 1.0, -9.3, "Minigunner", -822588, 1226.33)
upgrade(-0.4, -9.3, 1, -822920, 1228.46)
upgrade(-0.4, -9.3, 1, -824345, 1228.68)
upgrade(-0.4, -9.3, 1, -831945, 1229.09)
ability(-3.8, -3.1, "Drop The Beat", 1236.03)
place(-0.1, 1.0, -12.4, "Minigunner", -831945, 1240.44)
upgrade(-0.1, -12.4, 1, -832277, 1243.03)
upgrade(-0.1, -12.4, 1, -835127, 1243.47)
place(-3.6, 1.0, -9.2, "Minigunner", -836552, 1248.52)
upgrade(-3.6, -9.2, 1, -836884, 1252.68)
upgrade(-3.6, -9.2, 1, -840066, 1253.34)
upgrade(-3.6, -9.2, 1, -860491, 1253.42)
place(-3.2, 1.0, -12.3, "Minigunner", -840066, 1257.97)
upgrade(-3.2, -12.3, 1, -840398, 1260.80)
upgrade(-3.2, -12.3, 1, -841823, 1261.15)
upgrade(-3.2, -12.3, 1, -863673, 1264.64)
place(-6.6, 1.0, -9.2, "Minigunner", -863673, 1273.99)
upgrade(-6.6, -9.2, 1, -864005, 1277.46)
upgrade(-6.6, -9.2, 1, -865762, 1278.08)
sell(-11.1, -9.1, 1282.58)
sell(-14.4, -9.0, 1287.23)
upgrade(9.7, -8.9, 1, -892362, 1289.09)
sell(-12.5, -12.1, 1290.42)
place(-9.9, 1.0, -9.0, "Minigunner", -892362, 1293.99)
upgrade(-9.9, -9.0, 1, -892694, 1297.31)
upgrade(-9.9, -9.0, 1, -894451, 1297.74)
upgrade(-9.9, -9.0, 1, -895876, 1297.88)
ability(-3.8, -3.1, "Drop The Beat", 1299.73)
place(-13.2, 1.0, -9.2, "Minigunner", -895876, 1308.54)
upgrade(-13.2, -9.2, 1, -896208, 1312.24)
upgrade(-13.2, -9.2, 1, -896540, 1312.45)
upgrade(-13.2, -9.2, 1, -899390, 1313.11)
place(-12.3, 1.0, -12.3, "Minigunner", -899390, 1318.27)
upgrade(-12.3, -12.3, 1, -899722, 1320.31)
upgrade(-12.3, -12.3, 1, -901147, 1320.54)
upgrade(-12.3, -12.3, 1, -922997, 1322.41)
place(-0.1, 1.0, -15.9, "Minigunner", -922997, 1325.33)
upgrade(-0.1, -15.9, 1, -923329, 1327.54)
upgrade(-0.1, -15.9, 1, -926179, 1327.98)
upgrade(-0.1, -15.9, 1, -932354, 1328.36)
ability(-3.8, -3.1, "Drop The Beat", 1335.36)
place(-15.5, 1.0, -11.5, "Minigunner", -932354, 1350.81)
upgrade(-15.5, -11.5, 1, -932686, 1356.05)
upgrade(-15.5, -11.5, 1, -935536, 1356.43)
upgrade(-15.5, -11.5, 1, -941711, 1356.70)
upgrade(-15.5, -11.5, 1, -962136, 1356.99)
place(3.0, 1.0, -17.5, "Minigunner", -941711, 1365.58)
upgrade(3.0, -17.5, 1, -942043, 1368.96)
upgrade(3.0, -17.5, 1, -948550, 1374.91)
ability(-3.8, -3.1, "Drop The Beat", 1376.68)
place(6.1, 1.0, -17.2, "Minigunner", -968975, 1380.21)
upgrade(6.1, -17.2, 1, -969307, 1384.25)
upgrade(6.1, -17.2, 1, -970732, 1384.62)
ability(-3.8, -3.1, "Drop The Beat", 1387.05)
upgrade(6.1, -17.2, 1, -992582, 1391.21)
ability(-3.8, -3.1, "Drop The Beat", 1418.13)