-- ZEPHYR_META: {"authorId":"458722786005745675","authorTag":"nado00010","category":"community","official":false,"createdAt":"2026-06-22T21:58:01.557Z","updatedAt":"2026-06-22T21:58:01.557Z"}
place(7.2, 1.0, 28.4, "Trapper", 0, 28.10)
place(9.6, 1.0, 26.5, "Trapper", 0, 55.65)
place(10.5, 1.0, 23.5, "Trapper", 0, 74.99)
place(10.9, 1.0, 20.4, "Trapper", 0, 98.37)
place(10.8, 1.0, 17.4, "Trapper", 0, 123.12)
place(10.8, 1.0, 14.2, "Trapper", 0, 124.86)
upgrade(4.2, 29.6, 1, -500, 165.13)
upgrade(7.2, 28.4, 1, -1000, 165.59)
upgrade(9.6, 26.5, 1, -1500, 166.07)
upgrade(10.5, 23.5, 1, -2000, 195.34)
upgrade(10.9, 20.4, 1, -2500, 196.20)
upgrade(10.8, 17.4, 1, -3000, 197.20)
upgrade(10.8, 14.2, 1, -3500, 198.18)
upgrade(4.2, 29.6, 1, -5000, 233.56)
upgrade(7.2, 28.4, 1, -6500, 246.10)
upgrade(9.6, 26.5, 1, -8000, 251.99)
upgrade(10.5, 23.5, 1, -9500, 273.88)
upgrade(10.9, 20.4, 1, -11000, 296.71)
upgrade(10.8, 17.4, 1, -12500, 298.02)
upgrade(10.8, 14.2, 1, -14000, 318.18)