-- ZEPHYR_META: {"authorId":"953270431417262151","authorTag":"dark_xzz1","category":"community","official":false,"createdAt":"2026-09-06T06:05:11.446Z","updatedAt":"2026-09-06T06:05:11.446Z"}
place(12.2, 1.0, 26.7, "Militant", 0, 2.35)
upgrade(12.2, 26.7, 1, -300, 37.61)
upgrade(12.2, 26.7, 1, -1150, 52.08)
skip(5, 101.36)
place(15.2, 1.0, 26.8, "Crook Boss", -1150, 105.22)
upgrade(15.2, 26.8, 1, -2650, 129.03)
place(17.8, 1.0, 33.4, "Pyromancer", -2650, 143.02)
upgrade(17.8, 33.4, 1, -2975, 158.20)
upgrade(17.8, 33.4, 1, -3975, 162.52)
skip(9, 191.72)
upgrade(15.2, 26.8, 1, -6725, 196.42)
upgrade(12.2, 26.7, 1, -9475, 232.00)
place(13.6, 1.0, 29.4, "Crook Boss", -9475, 268.46)
upgrade(13.6, 29.4, 1, -10975, 271.16)
skip(12, 274.52)
upgrade(13.6, 29.4, 1, -13725, 277.01)
place(10.6, 1.0, 29.3, "Crook Boss", -13725, 301.77)
upgrade(10.6, 29.3, 1, -15225, 308.66)
skip(14, 324.68)
upgrade(10.6, 29.3, 1, -17975, 326.17)
place(9.1, 1.0, 26.6, "Crook Boss", -17975, 351.04)
upgrade(9.1, 26.6, 1, -19475, 353.22)
upgrade(9.1, 26.6, 1, -22225, 353.82)
upgrade(17.8, 33.4, 1, -24225, 385.39)
skip(16, 388.22)
place(13.9, 1.0, 24.1, "Crook Boss", -24225, 394.56)
upgrade(13.9, 24.1, 1, -25725, 396.95)
upgrade(13.9, 24.1, 1, -28475, 397.67)
place(23.6, 1.0, 34.7, "Shotgunner", -28475, 416.10)
place(25.8, 1.0, 34.2, "Shotgunner", -28475, 418.79)
place(23.1, 1.0, 36.8, "Shotgunner", -28475, 420.41)
upgrade(23.1, 36.8, 1, -29225, 422.33)
upgrade(23.6, 34.7, 1, -30725, 434.08)
upgrade(23.6, 34.7, 1, -32225, 435.02)
upgrade(25.8, 34.2, 1, -32975, 437.34)
upgrade(25.8, 34.2, 1, -34475, 438.11)
skip(18, 444.87)
skip(19, 475.71)
upgrade(13.6, 29.4, 1, -48475, 481.52)
skip(20, 503.65)
upgrade(15.2, 26.8, 1, -62475, 508.68)
skip(21, 529.65)
upgrade(10.6, 29.3, 1, -76475, 540.95)
upgrade(9.1, 26.6, 1, -90475, 572.08)
skip(23, 580.61)
skip(24, 606.94)
upgrade(13.9, 24.1, 1, -104475, 607.15)
place(7.5, 1.0, 29.3, "Pyromancer", -104475, 611.42)
upgrade(7.5, 29.3, 1, -104800, 613.83)
upgrade(7.5, 29.3, 1, -105800, 614.84)
upgrade(7.5, 29.3, 1, -107800, 627.06)
upgrade(7.5, 29.3, 1, -111577, 627.78)
skip(25, 650.43)
upgrade(7.5, 29.3, 1, -122688, 651.69)
place(16.2, 1.0, 18.5, "Shotgunner", -122688, 683.19)
place(16.1, 0.9, 16.4, "Shotgunner", -122688, 684.99)
place(18.6, 1.0, 18.8, "Shotgunner", -122688, 686.24)
skip(26, 691.61)
upgrade(16.2, 18.5, 1, -123438, 693.86)
upgrade(16.2, 18.5, 1, -124938, 694.53)
upgrade(16.2, 18.5, 1, -145215, 709.21)
skip(27, 717.55)
upgrade(16.1, 16.4, 1, -145965, 723.60)
upgrade(16.1, 16.4, 1, -147465, 724.24)
upgrade(16.1, 16.4, 1, -153965, 725.25)
skip(28, 743.31)