-- ZEPHYR_META: {"authorId":"769554957141278750","authorTag":"gelo.mindgoinbrrr","category":"community","official":false,"createdAt":"2026-09-05T04:11:59.877Z","updatedAt":"2026-09-05T04:11:59.877Z"}
place(-11.9, 1.0, -3.8, "Militant", 0, 1.23)
upgrade(-11.9, -3.8, 1, -300, 15.34)
upgrade(-11.9, -3.8, 1, -1150, 30.04)
place(-14.1, 1.0, -8.8, "Pyromancer", -1150, 47.53)
upgrade(-14.1, -8.8, 1, -1475, 57.15)
place(-8.7, 1.0, -3.7, "Militant", -1475, 65.88)
upgrade(-8.7, -3.7, 1, -1775, 68.36)
upgrade(-8.7, -3.7, 1, -2625, 72.61)
place(-12.6, 1.0, -0.7, "Militant", -2625, 84.91)
upgrade(-12.6, -0.7, 1, -2925, 88.25)
upgrade(-12.6, -0.7, 1, -3775, 93.40)
place(-9.6, 1.0, -0.7, "Militant", -3775, 104.96)
upgrade(-9.6, -0.7, 1, -4075, 106.47)
upgrade(-9.6, -0.7, 1, -4925, 109.21)
place(-24.1, 1.0, -6.6, "Shotgunner", -4925, 119.19)
upgrade(-24.1, -6.6, 1, -5675, 129.99)
upgrade(-24.1, -6.6, 1, -7175, 139.02)
place(-17.8, 1.0, -6.0, "Shotgunner", -7175, 153.83)
upgrade(-17.8, -6.0, 1, -7925, 155.26)
upgrade(-17.8, -6.0, 1, -9425, 164.47)
place(-17.7, 1.0, -8.1, "Shotgunner", -9425, 177.22)
upgrade(-17.7, -8.1, 1, -10175, 178.49)
upgrade(-17.7, -8.1, 1, -11675, 185.20)
place(-14.0, 1.0, -11.8, "Commander", -11675, 194.46)
upgrade(-14.0, -11.8, 1, -12075, 196.01)
upgrade(-14.0, -11.8, 1, -14525, 202.49)
place(-16.7, 1.0, -9.9, "Shotgunner", -14525, 211.29)
upgrade(-16.7, -9.9, 1, -15275, 212.97)
upgrade(-16.7, -9.9, 1, -16775, 216.99)
place(-5.7, 1.0, -3.7, "Militant", -16775, 229.72)
upgrade(-5.7, -3.7, 1, -17075, 231.27)
upgrade(-5.7, -3.7, 1, -17925, 231.84)
place(-2.7, 1.0, -3.6, "Militant", -17925, 237.40)
upgrade(-2.7, -3.6, 1, -18225, 239.04)
upgrade(-2.7, -3.6, 1, -19075, 239.47)
place(-10.7, 1.0, -9.0, "Militant", -19075, 245.99)
upgrade(-10.7, -9.0, 1, -19375, 247.49)
upgrade(-10.7, -9.0, 1, -20225, 247.89)
place(-7.6, 1.0, -8.8, "Militant", -20225, 251.00)
upgrade(-7.6, -8.8, 1, -20525, 252.53)
place(-4.5, 1.0, -8.9, "Militant", -21375, 256.22)
upgrade(-4.5, -8.9, 1, -21675, 257.84)
upgrade(-14.1, -8.8, 1, -23525, 272.71)
upgrade(-14.1, -8.8, 1, -25525, 273.98)
upgrade(-14.1, -8.8, 1, -29302, 275.84)
upgrade(-14.0, -11.8, 1, -33802, 285.01)
upgrade(-11.9, -3.8, 1, -36552, 294.00)
upgrade(-8.7, -3.7, 1, -39302, 299.09)
upgrade(-5.7, -3.7, 1, -42052, 310.64)
upgrade(-12.6, -0.7, 1, -44802, 312.30)
upgrade(-9.6, -0.7, 1, -47552, 316.38)
upgrade(-10.7, -9.0, 1, -50302, 322.31)
upgrade(-7.6, -8.8, 1, -53052, 327.24)
upgrade(-4.5, -8.9, 1, -55802, 340.12)
upgrade(-2.7, -3.6, 1, -58552, 344.86)
place(-24.6, 1.0, -3.8, "EvolvedEnforcer", -58552, 355.52)
upgrade(-11.9, -3.8, 1, -66552, 374.12)
upgrade(-4.5, -8.9, 1, -74552, 384.49)
upgrade(-2.7, -3.6, 1, -82552, 400.65)
upgrade(-5.7, -3.7, 1, -90552, 412.40)
upgrade(-8.7, -3.7, 1, -98552, 428.07)
upgrade(-9.6, -0.7, 1, -106552, 445.68)
upgrade(-12.6, -0.7, 1, -114552, 458.09)
upgrade(-7.6, -8.8, 1, -122552, 470.85)
upgrade(-10.7, -9.0, 1, -130552, 481.63)