place(6.332, 1.000, 12.354, "Ace Pilot", 600)
upgrade(6.332, 1.000, 12.355, 482)
upgrade(6.332, 1.000, 12.355, 770)
place(5.132, 1.000, 8.773, "Crook Boss", 2497)
upgrade(5.132, 2.350, 8.773, 1902)
upgrade(5.132, 2.350, 8.773, 3796)
place(8.880, 1.000, 10.229, "Crook Boss", 2183)
upgrade(8.880, 2.350, 10.229, 1384)
upgrade(8.880, 2.350, 10.229, 3429)
place(9.184, 1.000, 13.760, "Crook Boss", 2570)
upgrade(9.184, 2.350, 13.760, 1320)
upgrade(9.184, 2.350, 13.760, 3572)
place(5.953, 1.000, 15.797, "Crook Boss", 2620)
upgrade(5.953, 2.350, 15.797, 1995)
upgrade(5.953, 2.350, 15.797, 3744)
place(12.748, 1.000, 11.424, "DJ Booth", 7588)
upgrade(12.748, 2.365, 11.424, 6738)
upgrade(12.748, 2.365, 11.424, 6438)
upgrade(12.748, 2.365, 11.424, 5188)
upgrade(12.748, 2.365, 11.424, 2188)
upgrade(12.748, 2.365, 11.424, 2188)
DropTheBeat(12.748, 2.365, 11.424, 2188)
upgrade(12.748, 2.365, 11.424, 8915)
SetDjTrack(12.748, 2.365, 11.424, "Green", 915)
DropTheBeat(12.748, 2.365, 11.424, 1749)
place(8.151, 1.000, 6.879, "Crook Boss", 2640)
upgrade(8.151, 2.350, 6.879, 1310)
upgrade(8.151, 2.350, 6.879, 3179)
DropTheBeat(12.748, 2.365, 11.424, 12999)
upgrade(12.748, 2.365, 11.424, 21755)
DropTheBeat(12.748, 2.365, 11.424, 5555)
upgrade(8.880, 2.350, 10.229, 16859)
upgrade(5.132, 2.350, 8.773, 11759)
upgrade(8.151, 2.350, 6.879, 11884)
DropTheBeat(12.748, 2.365, 11.424, 11845)
upgrade(9.184, 2.350, 13.760, 19070)
upgrade(5.953, 2.350, 15.797, 1233)
place(5.156, 1.000, 5.493, "Commander", 13010)
upgrade(5.156, 2.700, 5.493, 18701)
upgrade(5.156, 2.700, 5.493, 19697)
upgrade(5.156, 2.700, 5.493, 17615)
upgrade(5.156, 2.700, 5.493, 1893)
CommanderAbility(5.156, 2.700, 5.493, 20615)
upgrade(6.332, 1.000, 12.355, 21215)
upgrade(5.953, 2.350, 15.797, 21215)
upgrade(6.332, 1.000, 12.355, 34082)
upgrade(6.332, 1.000, 12.355, 31957)
CommanderAbility(5.156, 2.700, 5.493, 43730)
upgrade(8.880, 2.350, 10.229, 14013)
CommanderAbility(5.156, 2.700, 5.493, 38725)
upgrade(8.151, 2.350, 6.879, 5850)
CommanderAbility(5.156, 2.700, 5.493, 46741)
upgrade(5.953, 2.350, 15.797, 46741)
upgrade(9.184, 2.350, 13.760, 88284)
upgrade(9.184, 2.350, 13.760, 88909)
upgrade(9.184, 2.350, 13.760, 88909)
upgrade(9.184, 2.350, 13.760, 89534)
upgrade(9.184, 2.350, 13.760, 89534)
upgrade(9.184, 2.350, 13.760, 90159)
upgrade(9.184, 2.350, 13.760, 90159)
upgrade(5.132, 2.350, 8.773, 198432)
upgrade(5.132, 2.350, 8.773, 198432)
upgrade(5.132, 2.350, 8.773, 201432)