skip(0, 0.72)
skip(1, 11.11)
place(11.3, 1.0, 12.2, "Cowboy", 0, 13.05)
skip(2, 23.44)
upgrade(11.3, 12.2, 1, -225, 27.94)
skip(3, 35.00)
place(3.1, 1.0, 2.8, "Trapper", -225, 39.59)
skip(4, 50.81)
skip(5, 67.49)
place(9.6, 1.0, 9.9, "Cowboy", -225, 71.07)
upgrade(9.6, 9.9, 1, -450, 72.96)
skip(6, 83.97)
place(8.0, 1.0, 7.5, "Trapper", -450, 87.27)
sell(8.0, 7.5, 94.37)
skip(7, 106.24)
place(8.2, 1.0, 7.6, "Cowboy", -450, 110.47)
upgrade(8.2, 7.6, 1, -675, 112.34)
skip(8, 128.53)
place(-3.0, 1.0, 2.9, "Trapper", -675, 130.68)
place(3.1, 1.0, -2.8, "Trapper", -675, 138.83)
skip(9, 144.16)
place(13.3, 1.0, 10.6, "Cowboy", -675, 150.71)
upgrade(13.3, 10.6, 1, -900, 156.61)
place(-3.0, 1.0, -2.7, "Trapper", -900, 189.41)
skip(12, 221.07)
place(11.0, 5.1, -8.5, "Mortar", -900, 222.71)
upgrade(11.0, -8.5, 1, -1650, 230.60)
upgrade(9.6, 9.9, 1, -2925, 260.17)
place(7.3, 1.0, 3.2, "DJ Booth", -2925, 285.65)
place(7.4, 1.0, 2.9, "DJ Booth", -2925, 299.87)
place(12.0, 1.0, 8.3, "Cowboy", -2925, 323.00)
place(10.6, 1.0, 5.9, "Cowboy", -2925, 327.40)
upgrade(10.6, 5.9, 1, -3138, 330.47)
upgrade(12.0, 8.3, 1, -3351, 341.83)
upgrade(7.4, 2.9, 1, -3801, 347.72)
upgrade(7.4, 2.9, 1, -5676, 377.08)
upgrade(11.3, 12.2, 1, -6951, 402.01)
upgrade(13.3, 10.6, 1, -8226, 418.22)
upgrade(12.0, 8.3, 1, -9501, 447.87)
upgrade(8.2, 7.6, 1, -10776, 470.38)
upgrade(10.6, 5.9, 1, -12051, 482.81)
place(3.2, 1.0, 20.0, "Trapper", -12051, 486.19)
place(11.3, 1.0, 20.0, "Trapper", -12051, 496.23)
place(17.0, 1.0, 18.0, "Trapper", -12051, 498.40)
place(19.1, 1.0, 12.1, "Trapper", -12051, 499.90)
place(18.8, 1.0, 12.2, "Trapper", -12051, 508.47)
upgrade(3.1, 2.8, 1, -12801, 513.65)
upgrade(3.1, 2.8, 1, -14882, 529.84)
upgrade(-3.0, 2.9, 1, -15575, 531.61)
upgrade(-3.0, 2.9, 1, -17656, 563.02)
upgrade(3.1, -2.8, 1, -18349, 571.28)
upgrade(3.1, -2.8, 1, -20430, 594.43)
upgrade(-3.0, -2.7, 1, -21123, 607.72)
upgrade(-3.0, -2.7, 1, -23204, 628.05)
upgrade(3.2, 20.0, 1, -23954, 633.45)
upgrade(3.2, 20.0, 1, -26204, 662.48)
upgrade(11.3, 20.0, 1, -26954, 667.24)
upgrade(11.3, 20.0, 1, -29204, 681.14)
upgrade(17.0, 18.0, 1, -29954, 691.21)
upgrade(17.0, 18.0, 1, -32204, 699.02)
place(8.2, 5.1, -10.8, "Mortar", -32204, 731.23)
place(14.8, 5.1, -9.5, "Mortar", -32204, 734.01)
upgrade(14.8, -9.5, 1, -32954, 736.39)
upgrade(8.2, -10.8, 1, -33704, 737.89)
upgrade(7.4, 2.9, 1, -38204, 763.90)
place(18.2, 5.1, -10.7, "Mortar", -38204, 783.16)
place(8.2, 1.0, 12.6, "Crook Boss", -38204, 796.17)
place(6.0, 1.0, 9.8, "Crook Boss", -38204, 799.57)
place(5.1, 1.0, 13.5, "Crook Boss", -38204, 803.22)
place(7.2, 1.0, 15.7, "Crook Boss", -38204, 807.76)
place(7.5, 1.0, 16.0, "Crook Boss", -38204, 815.52)
place(11.0, 1.0, 15.1, "Crook Boss", -38204, 836.55)
place(4.8, 1.0, 6.7, "Crook Boss", -38204, 856.53)
ability(7.4, 2.9, "Drop The Beat", 869.36)
upgrade(9.6, 9.9, 1, -42704, 879.58)
upgrade(12.0, 8.3, 1, -47204, 882.28)
upgrade(13.3, 10.6, 1, -51704, 897.43)
upgrade(11.3, 12.2, 1, -56204, 928.14)
upgrade(8.2, 7.6, 1, -60704, 930.31)
upgrade(10.6, 5.9, 1, -65204, 958.52)
ability(7.4, 2.9, "Drop The Beat", 983.79)
upgrade(7.4, 2.9, 1, -77204, 1019.07)
ability(7.4, 2.9, "Drop The Beat", 1033.15)
upgrade(7.4, 2.9, 1, -107204, 1077.40)
ability(7.4, 2.9, "Drop The Beat", 1088.55)
upgrade(8.2, 12.6, 1, -108670, 1130.76)
upgrade(11.0, 15.1, 1, -110136, 1134.31)
upgrade(7.5, 16.0, 1, -111602, 1137.17)
upgrade(6.0, 9.8, 1, -113068, 1141.76)
upgrade(5.1, 13.5, 1, -114534, 1146.49)
upgrade(5.1, 13.5, 1, -118869, 1149.96)
ability(7.4, 2.9, "Drop The Beat", 1160.07)
upgrade(8.2, 12.6, 1, -123204, 1184.67)
upgrade(6.0, 9.8, 1, -127539, 1186.88)
upgrade(7.5, 16.0, 1, -131874, 1190.55)
upgrade(11.0, 15.1, 1, -136209, 1193.40)
upgrade(11.0, -8.5, 1, -139077, 1202.08)
ability(7.4, 2.9, "Drop The Beat", 1220.96)
upgrade(8.2, -10.8, 1, -142283, 1226.30)
upgrade(14.8, -9.5, 1, -145489, 1229.31)
upgrade(13.3, 10.6, 1, -152501, 1251.55)
upgrade(11.3, 12.2, 1, -159513, 1253.35)
upgrade(12.0, 8.3, 1, -166525, 1255.38)
ability(7.4, 2.9, "Drop The Beat", 1275.59)
upgrade(9.6, 9.9, 1, -174362, 1307.01)
ability(7.4, 2.9, "Drop The Beat", 1309.84)
upgrade(10.6, 5.9, 1, -182199, 1312.80)
upgrade(8.2, 7.6, 1, -190036, 1317.13)
upgrade(17.0, 18.0, 1, -197161, 1343.39)
upgrade(11.3, 20.0, 1, -204286, 1348.10)
ability(7.4, 2.9, "Drop The Beat", 1350.94)
ability(7.4, 2.9, "Drop The Beat", 1381.54)
ability(7.4, 2.9, "Drop The Beat", 1381.80)
ability(7.4, 2.9, "Drop The Beat", 1381.97)
ability(7.4, 2.9, "Drop The Beat", 1411.99)
ability(7.4, 2.9, "Drop The Beat", 1412.22)
ability(7.4, 2.9, "Drop The Beat", 1412.49)
upgrade(-3.0, -2.7, 1, -211411, 1420.61)
place(-24.7, 1.0, -6.7, "Crook Boss", -211411, 1424.82)
place(-35.3, 1.0, -3.6, "Trapper", -211411, 1438.24)
place(-35.2, 1.0, -4.5, "Crook Boss", -211411, 1439.61)
skip(36, 1449.04)