place(-0.605, 1.000, 39.456, "Electroshocker", 700)
place(-3.622, 1.000, 39.472, "Pyromancer", 1508)
upgrade(-3.622, 2.350, 39.472, 704)
upgrade(-3.622, 2.350, 39.472, 1583)
place(1.763, 1.000, 33.468, "Crook Boss", 2635)
place(2.453, 1.000, 39.564, "Electroshocker", 1185)
upgrade(2.453, 2.350, 39.564, 698)
upgrade(-0.605, 2.350, 39.456, 443)
upgrade(2.453, 2.350, 39.564, 1852)
upgrade(-0.605, 2.350, 39.456, 1882)
place(-1.272, 1.000, 33.585, "Electroshocker", 2418)
upgrade(-1.272, 2.350, 33.585, 1913)
upgrade(-1.272, 2.350, 33.585, 1669)
place(-4.362, 1.000, 33.777, "Electroshocker", 777)
upgrade(-4.362, 2.350, 33.777, 1455)
upgrade(-4.362, 2.350, 33.777, 1155)
place(0.935, 1.000, 42.290, "Freezer", 287)
place(0.906, 1.000, 42.304, "Freezer", 1356)
upgrade(0.906, 2.350, 42.304, 500)
SetTarget(0.906, 2.350, 42.304, "Last")
SetTarget(0.906, 2.350, 42.304, "Strongest")
SetTarget(0.906, 2.350, 42.304, "Strongest")
upgrade(-1.272, 2.350, 33.585, 3855)
upgrade(-4.362, 2.350, 33.777, 3795)
upgrade(2.453, 2.350, 39.564, 4539)
upgrade(0.906, 2.350, 42.304, 999)
sell(-3.622, 2.350, 39.472)
sell(-0.605, 2.350, 39.456)
sell(2.453, 2.350, 39.564)
sell(0.906, 2.350, 42.304)
sell(-4.362, 2.350, 33.777)
sell(-1.272, 2.350, 33.585)
sell(1.763, 2.350, 33.468)