-- ZEPHYR_META: {"authorId":"953270431417262151","authorTag":"dark_xzz1","category":"community","official":false,"createdAt":"2026-09-25T03:54:54.873Z","updatedAt":"2026-09-25T03:54:54.873Z"}
skip(1, 10.80)
upgrade(-5.6, -7.8, 1, -7575, 16.27)
skip(2, 26.35)
place(-5.7, 1.0, -4.7, "Militant", -7575, 29.56)
skip(3, 42.01)
upgrade(-5.7, -4.7, 1, -7875, 43.52)
skip(4, 57.64)
upgrade(-5.6, -7.8, 1, -8725, 60.46)
skip(5, 73.37)
upgrade(-5.7, -4.7, 1, -9575, 75.70)
place(-3.0, 1.0, -15.3, "Pyromancer", -9575, 97.56)
upgrade(-3.0, -15.3, 1, -9900, 100.17)
skip(7, 115.93)
upgrade(-3.0, -15.3, 1, -10900, 117.26)
skip(8, 137.87)
upgrade(-3.0, -15.3, 1, -12900, 139.40)
upgrade(-5.7, -4.7, 1, -15650, 178.05)
upgrade(-5.6, -7.8, 1, -18400, 206.78)
skip(11, 207.80)
place(-8.2, 1.0, -1.8, "Pulse Trooper", -18400, 219.52)
sell(-8.2, -1.8, 224.00)
skip(12, 240.76)
place(-6.9, 1.0, -15.3, "Pulse Trooper", -18400, 244.70)
upgrade(-6.9, -15.3, 1, -19100, 247.42)
upgrade(-6.9, -15.3, 1, -22700, 263.72)
skip(14, 282.92)
place(2.4, 3.5, -0.4, "Mortar", -22700, 285.11)
upgrade(2.4, -0.4, 1, -23200, 287.86)
upgrade(2.4, -0.4, 1, -25450, 293.30)
skip(15, 312.42)
place(5.6, 3.5, -0.3, "Mortar", -25450, 316.07)
upgrade(5.6, -0.3, 1, -25950, 318.92)
upgrade(5.6, -0.3, 1, -28200, 319.83)
skip(16, 334.16)