-- ZEPHYR_META: {"authorId":"718489374357979176","authorTag":".leonardch","category":"community","official":false,"createdAt":"2026-08-17T18:29:16.067Z","updatedAt":"2026-08-17T18:29:16.067Z"}
skip(0, 5.73)
place(0.3, 1.0, 17.7, "Soldier", 0, 8.92)
upgrade(0.3, 17.7, 1, -100, 11.47)
place(-3.4, 1.0, 16.8, "Soldier", -100, 43.22)
upgrade(-3.4, 16.8, 1, -200, 45.55)
place(1.1, 1.0, 20.7, "Soldier", -200, 59.43)
place(-5.2, 1.0, 19.3, "Soldier", -200, 66.41)
upgrade(-5.2, 19.3, 1, -300, 68.73)
upgrade(1.1, 20.7, 1, -400, 71.78)
upgrade(1.1, 20.7, 1, -1100, 80.58)
upgrade(-5.2, 19.3, 1, -1800, 98.50)
upgrade(0.3, 17.7, 1, -2500, 101.40)
upgrade(-3.4, 16.8, 1, -3200, 126.01)
place(5.9, 1.0, 26.5, "Shotgunner", -3200, 156.13)
upgrade(5.9, 26.5, 1, -3950, 158.43)
upgrade(5.9, 26.5, 1, -5450, 178.48)
place(-11.9, 1.0, 25.0, "Shotgunner", -5450, 188.13)
upgrade(-11.9, 25.0, 1, -6200, 197.58)
place(-12.2, 1.0, 22.6, "Shotgunner", -6200, 204.66)
upgrade(-12.2, 22.6, 1, -6950, 219.15)
place(5.5, 1.0, 24.2, "Shotgunner", -6950, 227.66)
upgrade(5.5, 24.2, 1, -7700, 229.68)
upgrade(-11.9, 25.0, 1, -9200, 245.06)
upgrade(5.5, 24.2, 1, -10700, 248.89)
upgrade(-12.2, 22.6, 1, -12200, 266.59)
place(5.3, 1.0, 22.1, "Shotgunner", -12200, 275.81)
upgrade(5.3, 22.1, 1, -12950, 279.49)
place(-12.8, 1.0, 20.2, "Shotgunner", -12950, 296.79)
upgrade(-12.8, 20.2, 1, -13700, 298.77)
upgrade(-12.8, 20.2, 1, -15200, 299.82)
upgrade(5.3, 22.1, 1, -16700, 304.66)
place(-12.4, 1.0, 18.0, "Shotgunner", -16700, 322.64)
upgrade(-12.4, 18.0, 1, -17450, 330.09)
place(4.5, 1.0, 20.2, "Shotgunner", -17450, 353.71)
upgrade(4.5, 20.2, 1, -18200, 355.67)
upgrade(4.5, 20.2, 1, -19700, 356.12)
place(13.7, 1.0, -15.6, "Soldier", -19700, 367.85)
upgrade(13.7, -15.6, 1, -19800, 370.12)
upgrade(13.7, -15.6, 1, -24200, 370.51)
skip(15, 379.10)
upgrade(-12.4, 18.0, 1, -23850, 396.57)
place(-11.7, 1.0, 15.5, "Shotgunner", -23850, 408.37)
upgrade(-11.7, 15.5, 1, -24600, 410.62)
upgrade(5.3, 22.1, 1, -32600, 416.95)
upgrade(5.5, 24.2, 1, -39100, 439.85)
skip(18, 469.93)
upgrade(4.5, 20.2, 1, -45600, 472.74)
place(3.5, 1.0, 17.4, "Soldier", -45600, 492.28)
upgrade(3.5, 17.4, 1, -45700, 493.91)
upgrade(3.5, 17.4, 1, -54250, 495.21)
upgrade(0.3, 17.7, 1, -56100, 496.99)
upgrade(0.3, 17.7, 1, -62100, 504.15)
upgrade(1.1, 20.7, 1, -63950, 508.87)
upgrade(-3.4, 16.8, 1, -65800, 524.54)
upgrade(-5.2, 19.3, 1, -67650, 528.17)
place(7.0, 0.9, 11.5, "Soldier", -67650, 546.37)
place(6.2, 0.9, 8.4, "Soldier", -67650, 547.55)
place(11.2, 0.9, 7.0, "Soldier", -67650, 548.90)
upgrade(11.2, 7.0, 1, -67750, 550.41)
upgrade(11.2, 7.0, 1, -70300, 550.81)
upgrade(7.0, 11.5, 1, -72250, 552.55)
upgrade(7.0, 11.5, 1, -76650, 553.03)
upgrade(6.2, 8.4, 1, -76750, 554.63)
upgrade(6.2, 8.4, 1, -79300, 554.98)