-- ZEPHYR_META: {"authorId":"1516903732451999953","authorTag":"x43re","category":"community","official":false,"createdAt":"2026-08-10T12:56:52.744Z","updatedAt":"2026-08-10T12:56:52.744Z"}
-- NOTE: No gold tower
place(-18.2, 1.0, -2.0, "Brawler", 0, 1.42)
place(-18.0, 1.0, -4.1, "Brawler", 0, 3.91)
place(-18.0, 1.0, -6.1, "Brawler", 0, 9.46)
place(-18.0, 1.0, -8.2, "Brawler", 0, 20.34)
upgrade(-18.0, -8.2, 1, -200, 28.66)
upgrade(-18.0, -8.2, 1, -1400, 35.13)
upgrade(-18.0, -6.1, 1, -1600, 70.86)
upgrade(-18.0, -4.1, 1, -1800, 71.47)
upgrade(-18.2, -2.0, 1, -2000, 72.03)
upgrade(-18.0, -6.1, 1, -3200, 73.80)
upgrade(-18.0, -4.1, 1, -4400, 76.40)
upgrade(-18.2, -2.0, 1, -5600, 89.16)
upgrade(-18.0, -8.2, 1, -8100, 112.05)
upgrade(-18.0, -6.1, 1, -10600, 128.54)
skip(10, 145.63)
skip(10, 146.98)
upgrade(-18.0, -4.1, 1, -13100, 147.73)
skip(10, 148.32)
skip(10, 149.65)
skip(11, 150.52)
skip(11, 151.88)
skip(11, 153.20)
skip(11, 154.59)
skip(11, 155.96)
skip(11, 157.35)
skip(11, 158.67)
skip(11, 160.06)
skip(11, 161.46)
skip(11, 162.89)
skip(11, 164.22)
skip(11, 165.67)
skip(11, 167.01)
skip(11, 168.27)
skip(11, 169.61)
skip(12, 170.48)
upgrade(-18.2, -2.0, 1, -15600, 171.68)
skip(12, 171.84)
skip(12, 173.22)
skip(12, 174.48)
skip(12, 175.88)
place(-15.5, 1.0, -9.2, "Commander", -15600, 175.94)
skip(12, 177.19)
upgrade(-15.5, -9.2, 1, -16000, 177.30)
skip(12, 178.52)
skip(12, 179.77)
skip(12, 181.06)
place(-24.0, 1.0, -6.6, "Pyromancer", -16000, 181.20)
skip(12, 182.53)
skip(12, 183.88)
target(-24.0, -6.6, "Random", 183.80)
target(-24.0, -6.6, "Farthest", 184.21)
target(-24.0, -6.6, "Farthest", 184.96)
skip(12, 185.14)
upgrade(-24.0, -6.6, 1, -16325, 185.83)
upgrade(-24.0, -6.6, 1, -17325, 186.33)
skip(12, 186.46)
upgrade(-24.0, -6.6, 1, -19325, 186.98)
skip(13, 187.60)
skip(13, 188.92)
skip(13, 190.28)
skip(13, 191.58)
skip(13, 192.97)
skip(13, 194.38)
skip(13, 195.66)
skip(13, 196.95)
skip(13, 198.33)
upgrade(-24.0, -6.6, 1, -23102, 199.49)
skip(13, 199.62)
skip(13, 201.00)
skip(14, 201.55)
skip(14, 202.82)
skip(14, 204.14)
skip(14, 205.43)
skip(14, 206.74)
skip(14, 208.01)
skip(14, 209.33)
skip(14, 210.71)
skip(14, 212.03)
skip(14, 213.37)
skip(14, 214.80)
skip(14, 216.15)
place(-17.8, 1.0, -10.3, "Brawler", -23102, 217.08)
skip(14, 217.56)
upgrade(-17.8, -10.3, 1, -23302, 218.63)
skip(14, 218.90)
upgrade(-17.8, -10.3, 1, -24502, 219.20)
upgrade(-17.8, -10.3, 1, -27002, 219.99)
skip(14, 220.20)
skip(14, 221.60)
skip(15, 222.54)
skip(15, 223.86)
skip(15, 225.14)
skip(15, 226.42)
skip(15, 227.75)
skip(15, 229.00)
skip(15, 230.34)
skip(15, 231.65)
skip(15, 232.98)
skip(15, 234.32)
place(-20.6, 1.0, -12.2, "Brawler", -27002, 234.95)
skip(15, 235.69)
upgrade(-20.6, -12.2, 1, -27202, 235.98)
upgrade(-20.6, -12.2, 1, -28402, 236.40)
skip(15, 236.96)
skip(15, 238.27)
skip(15, 239.55)
skip(15, 240.88)
skip(15, 242.26)
skip(15, 243.53)
skip(15, 244.81)
skip(15, 246.10)
skip(15, 247.55)
place(-18.5, 1.0, -12.2, "Brawler", -30902, 247.71)
skip(16, 248.69)
upgrade(-18.5, -12.2, 1, -31102, 248.79)
upgrade(-18.5, -12.2, 1, -32302, 249.23)
upgrade(-18.5, -12.2, 1, -34802, 249.75)
skip(16, 249.95)
skip(16, 251.31)
skip(16, 252.59)
skip(16, 253.99)
skip(16, 255.26)
place(-20.6, 1.0, -14.2, "Brawler", -34802, 255.45)
skip(16, 256.52)
upgrade(-20.6, -14.2, 1, -35002, 256.54)
upgrade(-20.6, -14.2, 1, -38702, 257.51)
skip(16, 257.77)
skip(16, 259.11)
skip(16, 260.46)
skip(16, 261.82)
skip(16, 263.11)
skip(16, 264.36)
skip(16, 265.67)
place(-18.5, 1.0, -14.4, "Brawler", -38702, 265.84)
skip(16, 266.96)
skip(16, 268.27)
upgrade(-18.5, -14.4, 1, -38902, 269.43)
skip(16, 269.63)
upgrade(-18.5, -14.4, 1, -42602, 270.33)
skip(16, 270.92)
skip(16, 272.24)
skip(17, 272.55)
skip(17, 273.89)
skip(17, 275.28)
skip(17, 276.56)
place(-24.1, 1.0, -4.0, "Brawler", -42602, 277.42)
skip(17, 277.84)
upgrade(-24.1, -4.0, 1, -42802, 278.92)
skip(17, 279.15)
skip(17, 280.46)
skip(17, 281.80)
skip(17, 283.14)
skip(17, 284.50)
skip(17, 285.80)
upgrade(-24.1, -4.0, 1, -46502, 286.76)
skip(17, 287.13)
skip(17, 288.45)
skip(17, 289.88)
skip(17, 291.14)
skip(17, 292.48)
skip(17, 293.88)
skip(18, 294.46)
skip(18, 295.72)
skip(18, 297.11)
skip(18, 298.45)
skip(18, 299.79)
skip(18, 301.10)
upgrade(-18.2, -2.0, 1, -50002, 302.07)
skip(18, 302.37)
skip(18, 303.71)
upgrade(-18.0, -4.1, 1, -53502, 303.65)
skip(18, 304.96)
upgrade(-18.0, -6.1, 1, -57002, 305.90)
skip(18, 306.26)
skip(18, 307.57)
skip(18, 308.84)
skip(19, 309.56)
skip(19, 310.85)
skip(19, 312.14)
upgrade(-18.0, -8.2, 1, -60502, 312.67)
skip(19, 313.44)
skip(19, 314.80)
skip(19, 316.15)
upgrade(-17.8, -10.3, 1, -64002, 316.75)
skip(19, 317.55)
skip(19, 318.80)
skip(19, 320.11)
skip(19, 321.42)
skip(19, 322.79)
skip(19, 324.16)
skip(19, 325.49)
skip(19, 326.78)
skip(19, 328.19)
skip(19, 329.44)
skip(19, 330.71)
upgrade(-20.6, -12.2, 1, -67502, 330.95)
skip(19, 331.96)
skip(19, 333.34)
skip(20, 334.50)
skip(20, 335.79)
upgrade(-18.5, -12.2, 1, -71002, 336.84)
skip(20, 337.14)
upgrade(-20.6, -14.2, 1, -74502, 338.30)
skip(20, 338.42)
skip(20, 339.74)
skip(20, 341.09)
skip(20, 342.47)
upgrade(-18.5, -14.4, 1, -78002, 342.42)
skip(20, 343.87)
skip(20, 345.09)
skip(20, 346.46)
skip(20, 347.76)
skip(20, 349.01)
skip(20, 350.33)
skip(20, 351.72)
skip(20, 353.06)
skip(20, 354.32)
upgrade(-24.1, -4.0, 1, -81502, 355.07)
skip(20, 355.67)
skip(20, 356.99)
skip(20, 358.32)
skip(20, 359.69)
skip(20, 361.01)
skip(20, 362.30)
skip(21, 363.59)
skip(21, 364.97)
skip(21, 366.28)
skip(21, 367.59)
skip(21, 369.02)
skip(21, 370.35)
skip(21, 371.68)
skip(21, 373.00)
skip(21, 374.26)
skip(21, 375.60)
skip(21, 376.91)
skip(21, 378.27)
skip(21, 379.53)
skip(21, 380.87)
skip(21, 382.13)
skip(21, 383.49)
skip(21, 384.74)
skip(21, 386.15)
skip(21, 387.44)
skip(22, 388.67)
skip(22, 390.06)
skip(22, 391.35)
skip(22, 392.61)
skip(22, 394.00)
skip(22, 395.42)
skip(22, 396.77)
skip(22, 398.10)
skip(22, 399.42)
skip(22, 400.75)