-- ZEPHYR_META: {"authorId":"1221317344337592453","authorTag":"jasson_cookie911","createdAt":"2026-06-16T13:23:05.117Z","updatedAt":"2026-06-16T13:23:05.117Z"}
place(-2.9, 1.0, -34.4, "Pyromancer", 0, 1.83)
skip(1, 4.79)
timescaleunlock(5.32)
timescale(1.50, 6.18)
timescale(2.00, 6.48)
skip(1, 7.62)
upgrade(-2.9, -34.4, 1, -325, 8.08)
skip(2, 12.14)
skip(2, 16.66)
skip(3, 21.08)
skip(3, 25.52)
upgrade(-2.9, -34.4, 1, -1325, 27.83)
skip(4, 30.01)
skip(4, 34.24)
skip(4, 39.24)
skip(4, 42.74)
skip(5, 47.10)
skip(5, 51.44)
place(-7.7, 1.0, -31.1, "Shotgunner", -1325, 52.57)
upgrade(-7.7, -31.1, 1, -1965, 55.47)
skip(5, 55.94)
skip(6, 60.01)
skip(6, 64.39)
skip(7, 68.57)
skip(7, 72.88)
skip(7, 77.18)
place(-5.6, 1.0, -31.1, "Shotgunner", -1965, 80.48)
skip(7, 81.61)
skip(8, 85.88)
upgrade(-5.6, -31.1, 1, -2605, 89.31)
skip(8, 90.47)
skip(9, 94.87)
skip(9, 99.04)
skip(9, 103.41)
upgrade(-5.6, -31.1, 1, -4155, 105.32)
skip(9, 107.75)
skip(10, 112.02)
skip(10, 116.67)
upgrade(-7.7, -31.1, 1, -5705, 118.16)
skip(11, 120.64)
skip(11, 124.85)
skip(11, 129.18)
place(-6.4, 1.0, -33.0, "Shotgunner", -5705, 131.44)
skip(11, 133.61)
skip(12, 137.86)
skip(12, 142.09)
upgrade(-6.4, -33.0, 1, -6345, 144.38)
skip(13, 146.39)
skip(13, 150.58)
skip(13, 155.70)
upgrade(-6.4, -33.0, 1, -7895, 158.66)
skip(13, 159.89)
skip(14, 163.55)
skip(14, 167.92)
skip(15, 172.14)
skip(15, 176.56)
skip(15, 180.98)
upgrade(-2.9, -34.4, 1, -9895, 183.23)
skip(15, 184.97)
skip(16, 189.66)
place(-9.8, 1.0, -29.3, "Pyromancer", -9895, 189.95)
upgrade(-9.8, -29.3, 1, -10220, 193.04)
skip(16, 194.35)
skip(16, 198.52)
skip(16, 203.11)
upgrade(-9.8, -29.3, 1, -11220, 205.20)
skip(16, 207.48)
skip(17, 211.89)
place(-9.6, 1.0, -33.1, "Pyromancer", -11220, 215.60)
skip(17, 216.31)
upgrade(-9.6, -33.1, 1, -11545, 220.13)
skip(17, 220.66)
skip(17, 225.20)
upgrade(-9.6, -33.1, 1, -12545, 225.83)
skip(18, 229.45)
skip(18, 234.06)
skip(18, 238.64)
skip(18, 242.67)
skip(19, 247.12)
upgrade(-9.6, -33.1, 1, -14545, 248.90)
skip(19, 251.60)
skip(19, 256.09)
skip(19, 260.45)
skip(19, 264.82)
skip(19, 269.40)
skip(19, 273.85)
skip(19, 279.15)
skip(19, 282.43)
upgrade(-9.8, -29.3, 1, -16545, 285.26)
skip(20, 286.79)
skip(20, 291.15)
skip(20, 294.92)
skip(21, 299.69)
skip(21, 304.02)
skip(21, 308.44)
skip(22, 312.76)
skip(22, 316.92)
skip(22, 321.30)
skip(22, 325.71)
skip(22, 330.10)
skip(23, 334.35)