-- ZEPHYR_META: {"authorId":"1437006454891614269","authorTag":"boss_123zx","category":"community","official":false,"createdAt":"2026-07-10T06:54:00.685Z","updatedAt":"2026-07-10T06:54:00.685Z"}
-- NOTE: Helle
place(-6.3, 1.0, 20.0, "Trapper", 0, 17.35)
place(-3.3, 1.0, 19.9, "Trapper", 0, 36.79)
place(-0.2, 1.0, 19.9, "Trapper", 0, 55.45)
place(-1.0, 1.0, 13.8, "Trapper", 0, 76.32)
place(-4.1, 1.0, 13.7, "Trapper", 0, 79.16)
place(-7.4, 1.0, 13.7, "Trapper", 0, 96.63)
upgrade(-0.2, 19.9, 1, -500, 108.79)
upgrade(-3.3, 19.9, 1, -1000, 115.20)
upgrade(-6.3, 20.0, 1, -1500, 117.00)
upgrade(-9.4, 19.9, 1, -2000, 135.44)
upgrade(-1.0, 13.8, 1, -2500, 137.20)
upgrade(-4.1, 13.7, 1, -3000, 147.34)
upgrade(-7.4, 13.7, 1, -3500, 151.74)
upgrade(-0.2, 19.9, 1, -5000, 172.10)
upgrade(-1.0, 13.8, 1, -6500, 178.02)
upgrade(-3.3, 19.9, 1, -8000, 195.55)
upgrade(-4.1, 13.7, 1, -9500, 209.72)
upgrade(-6.3, 20.0, 1, -11000, 216.36)
upgrade(-7.4, 13.7, 1, -12500, 234.08)
upgrade(-9.4, 19.9, 1, -14000, 235.66)
upgrade(-1.0, 13.8, 1, -20000, 286.41)
upgrade(-0.2, 19.9, 1, -26000, 298.29)