-- ZEPHYR_META: {"authorId":"356776142751006732","authorTag":"configurators","category":"community","official":false,"createdAt":"2026-07-20T22:13:31.733Z","updatedAt":"2026-07-20T22:13:31.733Z"}
place(0.0, 0.2, 52.7, "Scout", 0, 1.57)
place(-0.3, 0.2, 49.7, "Scout", 0, 4.29)
place(-0.0, 0.2, 55.8, "Scout", 0, 9.71)
place(5.5, 0.2, 55.7, "Scout", 0, 11.75)
place(0.2, 0.2, 58.9, "Scout", 0, 19.27)
place(5.3, 0.2, 58.7, "Scout", 0, 21.40)
upgrade(5.3, 58.7, 1, -50, 22.57)
upgrade(0.2, 58.9, 1, -100, 23.35)
upgrade(-0.0, 55.8, 1, -150, 25.14)
upgrade(5.5, 55.7, 1, -200, 25.88)
upgrade(0.0, 52.7, 1, -250, 27.29)
upgrade(5.3, 52.5, 1, -300, 27.91)
upgrade(5.2, 49.4, 1, -350, 28.49)
upgrade(-0.3, 49.7, 1, -400, 29.00)
upgrade(0.2, 58.9, 1, -775, 31.84)
upgrade(5.3, 58.7, 1, -1150, 32.51)
upgrade(-0.0, 55.8, 1, -1525, 42.49)
upgrade(5.5, 55.7, 1, -1900, 43.15)
upgrade(5.3, 52.5, 1, -2275, 43.83)
upgrade(0.0, 52.7, 1, -2650, 56.81)
upgrade(-0.3, 49.7, 1, -3025, 57.85)
upgrade(5.2, 49.4, 1, -3400, 58.42)
place(8.1, 0.2, 57.4, "Scout", -3400, 65.42)
place(8.1, 0.2, 53.9, "Scout", -3400, 66.97)
place(8.1, 0.2, 50.6, "Scout", -3400, 69.66)
place(-2.9, 0.2, 51.2, "Scout", -3400, 73.50)
upgrade(8.1, 57.4, 1, -3450, 74.97)
upgrade(8.1, 57.4, 1, -3825, 75.70)
upgrade(8.1, 53.9, 1, -3875, 76.17)
upgrade(8.1, 53.9, 1, -4250, 76.60)
upgrade(8.1, 50.6, 1, -4300, 77.17)
upgrade(8.1, 50.6, 1, -4675, 77.57)
upgrade(-2.9, 51.2, 1, -4725, 79.08)
upgrade(-2.9, 51.2, 1, -5100, 82.56)
upgrade(0.2, 58.9, 1, -6450, 94.23)
upgrade(-0.0, 55.8, 1, -7800, 105.61)
upgrade(0.0, 52.7, 1, -9150, 106.51)
upgrade(5.3, 58.7, 1, -10500, 119.28)
upgrade(5.5, 55.7, 1, -11850, 120.54)
skip(10, 141.95)
skip(10, 143.25)
upgrade(5.3, 52.5, 1, -13200, 143.46)
skip(10, 144.60)
skip(10, 145.93)
skip(11, 146.92)
upgrade(8.1, 57.4, 1, -14550, 147.05)
skip(11, 148.20)
skip(11, 149.52)
skip(11, 150.82)
skip(11, 152.12)
skip(11, 153.45)
skip(11, 154.77)
skip(11, 156.07)
skip(11, 157.38)
skip(11, 158.72)
skip(11, 160.02)
skip(11, 161.32)
skip(11, 162.65)
skip(11, 163.95)
skip(11, 165.27)
skip(11, 166.60)
skip(11, 167.90)
skip(11, 169.24)
upgrade(8.1, 53.9, 1, -15900, 169.57)
skip(11, 170.53)
skip(11, 171.86)
skip(12, 173.00)
upgrade(8.1, 50.6, 1, -17250, 173.88)
skip(12, 174.30)
skip(12, 175.60)
skip(12, 176.88)
skip(12, 178.15)
skip(12, 179.48)
place(5.1, 0.2, 61.8, "Scout", -17250, 180.34)
skip(12, 180.82)
place(8.0, 0.2, 60.5, "Scout", -17250, 182.07)
skip(12, 182.18)
skip(12, 183.47)
place(10.8, 0.2, 55.6, "Scout", -17250, 183.81)
skip(12, 184.79)
place(10.7, 0.2, 59.1, "Scout", -17250, 184.84)
skip(12, 186.11)
skip(12, 187.42)
upgrade(5.1, 61.8, 1, -17300, 188.37)
skip(12, 188.82)
upgrade(8.0, 60.5, 1, -17350, 189.14)
skip(12, 190.17)
upgrade(10.7, 59.1, 1, -17400, 190.49)
upgrade(10.8, 55.6, 1, -17450, 191.15)
skip(12, 191.48)
skip(12, 192.84)
skip(12, 194.17)
skip(12, 195.52)
upgrade(5.1, 61.8, 1, -17825, 195.76)
upgrade(5.1, 61.8, 1, -19175, 196.53)
skip(12, 196.81)
skip(12, 198.14)
skip(13, 198.95)
skip(13, 200.30)
upgrade(8.0, 60.5, 1, -19550, 200.34)
upgrade(8.0, 60.5, 1, -20900, 201.04)
skip(13, 201.63)
skip(13, 202.93)
skip(13, 204.26)
skip(13, 205.65)
skip(13, 206.98)
skip(13, 208.30)
skip(13, 209.58)
skip(13, 210.94)
upgrade(10.7, 59.1, 1, -21275, 211.97)
upgrade(10.8, 55.6, 1, -21650, 214.44)
skip(13, 229.92)
upgrade(5.2, 49.4, 1, -23000, 231.50)
upgrade(10.7, 59.1, 1, -24350, 234.72)
upgrade(-0.3, 49.7, 1, -25700, 241.19)
upgrade(-2.9, 51.2, 1, -27050, 262.44)
upgrade(10.8, 55.6, 1, -28400, 266.43)
place(0.3, 0.2, 61.9, "Scout", -28400, 279.57)
place(-2.4, 0.2, 60.5, "Scout", -28400, 280.60)
upgrade(-2.4, 60.5, 1, -28450, 281.57)
upgrade(-2.4, 60.5, 1, -30175, 282.25)
upgrade(0.3, 61.9, 1, -30225, 282.68)
upgrade(0.3, 61.9, 1, -31950, 285.54)
skip(15, 291.28)
upgrade(5.2, 49.4, 1, -34150, 292.80)
upgrade(5.3, 52.5, 1, -36350, 294.29)
upgrade(5.5, 55.7, 1, -38550, 316.52)
skip(16, 322.28)
upgrade(5.3, 58.7, 1, -40750, 323.63)
upgrade(5.1, 61.8, 1, -42950, 335.10)
place(9.2, 4.3, 31.5, "Sniper", -42950, 356.76)
place(11.7, 4.3, 32.5, "Sniper", -42950, 358.09)
place(8.6, 4.3, 34.4, "Sniper", -42950, 358.88)
place(13.4, 4.3, 34.6, "Sniper", -42950, 360.14)
skip(17, 363.03)
place(10.7, 4.3, 36.0, "Sniper", -42950, 364.31)
place(13.4, 4.3, 37.4, "Sniper", -42950, 365.23)
place(-5.3, 4.2, 22.2, "Sniper", -42950, 367.40)
place(-3.7, 4.2, 24.8, "Sniper", -42950, 368.31)
place(-3.4, 4.2, 27.5, "Sniper", -42950, 369.11)
place(-6.8, 4.2, 24.5, "Sniper", -42950, 369.84)
place(-6.3, 4.2, 27.4, "Sniper", -42950, 370.35)
upgrade(-5.3, 22.2, 1, -43150, 372.74)
upgrade(-3.7, 24.8, 1, -43350, 374.20)
skip(18, 392.31)
upgrade(8.0, 60.5, 1, -45550, 396.33)
upgrade(8.1, 57.4, 1, -47750, 397.69)
upgrade(8.1, 53.9, 1, -49950, 398.80)