-- ZEPHYR_META: {"authorId":"1481350591790846034","authorTag":"uopyoucan_99678","category":"community","official":false,"createdAt":"2026-08-30T03:44:52.067Z","updatedAt":"2026-08-30T03:44:52.067Z"}
-- NOTE: hi developers me macro samsung
place(-11.9, 1.0, -3.0, "Soldier", 0, 2.55)
place(-17.9, 1.0, -2.7, "Boomerang", 0, 19.63)
upgrade(-11.9, -3.0, 1, -100, 27.70)
upgrade(-11.9, -3.0, 1, -800, 32.02)
place(-11.7, 1.0, 0.0, "Soldier", -800, 45.23)
upgrade(-11.7, 0.0, 1, -900, 46.48)
upgrade(-11.7, 0.0, 1, -1600, 61.19)
upgrade(-17.9, -2.7, 1, -2000, 63.65)
upgrade(-17.9, -2.7, 1, -2750, 76.82)
upgrade(-17.9, -2.7, 1, -5250, 109.00)
place(-18.2, 1.0, -6.2, "Pyromancer", -5250, 111.60)
upgrade(-18.2, -6.2, 1, -5575, 117.94)
place(-8.4, 1.0, -2.8, "Soldier", -5575, 131.45)
upgrade(-8.4, -2.8, 1, -5675, 133.11)
upgrade(-8.4, -2.8, 1, -6375, 133.67)
place(-8.6, 1.0, 0.3, "Soldier", -6375, 137.18)
upgrade(-8.6, 0.3, 1, -6475, 142.56)
upgrade(-8.6, 0.3, 1, -7175, 144.47)
upgrade(-11.9, -3.0, 1, -9025, 158.81)
upgrade(-11.9, -3.0, 1, -15025, 243.77)
upgrade(-11.7, 0.0, 1, -16875, 244.78)
upgrade(-11.7, 0.0, 1, -22875, 269.65)
upgrade(-17.9, -2.7, 1, -29875, 296.24)
upgrade(-8.4, -2.8, 1, -31725, 308.92)
upgrade(-8.4, -2.8, 1, -37725, 331.98)
upgrade(-8.6, 0.3, 1, -39575, 337.55)
upgrade(-8.6, 0.3, 1, -45575, 350.76)
upgrade(-18.2, -6.2, 1, -46575, 356.63)
place(-10.7, 1.0, 3.2, "Boomerang", -46575, 371.26)
upgrade(-10.7, 3.2, 1, -46975, 372.74)
upgrade(-10.7, 3.2, 1, -50225, 373.12)
upgrade(-10.7, 3.2, 1, -57225, 386.66)
upgrade(-18.2, -6.2, 1, -59225, 390.85)
upgrade(-18.2, -6.2, 1, -63002, 407.45)
upgrade(-18.2, -6.2, 1, -74113, 433.82)
place(-5.3, 1.0, -3.4, "Soldier", -74113, 442.21)
upgrade(-5.3, -3.4, 1, -74213, 443.91)
upgrade(-5.3, -3.4, 1, -75613, 444.28)
upgrade(-5.3, -3.4, 1, -81613, 459.41)
place(-1.8, 1.0, 3.2, "Soldier", -81613, 468.37)
upgrade(-1.8, 3.2, 1, -81713, 469.84)
upgrade(-1.8, 3.2, 1, -84263, 470.21)
upgrade(-1.8, 3.2, 1, -90263, 605.40)