-- ZEPHYR_META: {"authorId":"720711136412041218","authorTag":"919_71","category":"community","official":false,"createdAt":"2026-06-26T10:45:43.930Z","updatedAt":"2026-06-26T10:45:43.930Z"}
-- NOTE: Request: Golden mini
place(9.5, 1.0, 7.9, "Engineer", 0, 1.33)
place(-9.4, 1.0, 8.4, "Farm", 0, 23.77)
place(-13.0, 1.0, 8.4, "Farm", 0, 56.09)
place(-10.7, 1.0, 11.9, "Farm", 0, 60.93)
upgrade(9.5, 7.9, 1, -325, 63.86)
place(-7.1, 1.0, 12.0, "Farm", -325, 93.30)
place(12.5, 1.0, 8.0, "Engineer", -325, 98.18)
upgrade(-7.1, 12.0, 1, -525, 107.29)
upgrade(-7.1, 12.0, 1, -1125, 123.08)
upgrade(-10.7, 11.9, 1, -1325, 124.69)
upgrade(12.5, 8.0, 1, -1650, 130.94)
upgrade(-10.7, 11.9, 1, -2250, 161.87)
upgrade(-9.4, 8.4, 1, -2450, 163.05)
upgrade(-13.0, 8.4, 1, -2650, 164.11)
upgrade(9.5, 7.9, 1, -3550, 166.68)
upgrade(12.5, 8.0, 1, -4450, 199.67)
upgrade(-9.4, 8.4, 1, -5050, 200.81)
upgrade(-13.0, 8.4, 1, -5650, 204.56)
place(-14.3, 1.0, 11.7, "Farm", -5650, 226.12)
upgrade(-14.3, 11.7, 1, -5850, 243.21)
upgrade(-14.3, 11.7, 1, -6450, 244.51)
place(-7.7, 1.0, 16.3, "Farm", -6450, 245.76)
upgrade(-7.7, 16.3, 1, -6650, 246.62)
upgrade(-7.7, 16.3, 1, -7250, 247.76)
place(11.0, 1.0, 10.6, "Engineer", -7250, 252.20)
upgrade(11.0, 10.6, 1, -7575, 253.21)
upgrade(-7.1, 12.0, 1, -8825, 275.09)
upgrade(11.0, 10.6, 1, -9725, 278.45)
upgrade(-10.7, 11.9, 1, -10975, 280.66)
upgrade(-7.7, 16.3, 1, -12225, 309.01)
upgrade(-14.3, 11.7, 1, -13475, 313.93)
place(8.0, 1.0, 10.5, "Engineer", -13475, 318.23)
upgrade(8.0, 10.5, 1, -13800, 318.88)
sell(8.0, 10.5, 325.58)
place(7.9, 1.0, 10.6, "Engineer", -14700, 328.28)
upgrade(7.9, 10.6, 1, -15025, 329.48)
upgrade(7.9, 10.6, 1, -15925, 339.29)
upgrade(-9.4, 8.4, 1, -17175, 357.74)
upgrade(-13.0, 8.4, 1, -18425, 361.08)
upgrade(-13.0, 8.4, 1, -20925, 375.80)
place(-11.6, 1.0, 16.2, "Farm", -20925, 380.09)
place(-7.4, 1.0, 20.0, "Farm", -20925, 383.07)
place(-11.6, 1.0, 19.9, "Farm", -20925, 384.02)
place(-15.5, 1.0, 15.6, "Farm", -20925, 391.55)
upgrade(-7.4, 20.0, 1, -21125, 397.19)
upgrade(-7.4, 20.0, 1, -21725, 397.60)
upgrade(-11.6, 16.2, 1, -21925, 398.47)
upgrade(-11.6, 16.2, 1, -22525, 398.92)
upgrade(-11.6, 19.9, 1, -22725, 400.20)
upgrade(-11.6, 19.9, 1, -23325, 400.86)
upgrade(-15.5, 15.6, 1, -23525, 401.84)
upgrade(-15.5, 15.6, 1, -24125, 402.54)
place(14.0, 1.0, 10.6, "Engineer", -24125, 406.66)
upgrade(14.0, 10.6, 1, -24450, 407.36)
sell(14.0, 10.6, 409.77)
place(14.0, 1.0, 10.6, "Engineer", -25350, 413.64)
upgrade(14.0, 10.6, 1, -25675, 414.60)
upgrade(14.0, 10.6, 1, -26575, 416.45)
upgrade(-7.4, 20.0, 1, -27825, 442.13)
upgrade(-11.6, 19.9, 1, -29075, 446.97)
upgrade(-11.6, 16.2, 1, -30325, 451.44)
upgrade(9.5, 7.9, 1, -32402, 453.16)
upgrade(12.5, 8.0, 1, -34479, 454.09)
upgrade(-15.5, 15.6, 1, -35729, 475.14)
upgrade(-9.4, 8.4, 1, -38229, 479.11)
place(6.5, 1.0, 7.9, "Engineer", -38229, 485.04)
upgrade(6.5, 7.9, 1, -38554, 486.04)
upgrade(-7.1, 12.0, 1, -41054, 487.04)
upgrade(6.5, 7.9, 1, -41954, 488.71)
upgrade(6.5, 7.9, 1, -44031, 489.21)
upgrade(-10.7, 11.9, 1, -46531, 508.97)
upgrade(-14.3, 11.7, 1, -49031, 528.88)
upgrade(-15.5, 15.6, 1, -51531, 533.80)
upgrade(-11.6, 16.2, 1, -54031, 537.62)
upgrade(7.9, 10.6, 1, -56108, 542.51)
upgrade(11.0, 10.6, 1, -58185, 552.65)
upgrade(14.0, 10.6, 1, -60262, 568.90)
upgrade(-7.7, 16.3, 1, -62762, 588.17)
upgrade(-11.6, 19.9, 1, -65262, 593.76)
upgrade(-7.4, 20.0, 1, -67762, 596.21)
upgrade(6.5, 7.9, 1, -74012, 598.41)
upgrade(-13.0, 8.4, 1, -78512, 621.30)
upgrade(-9.4, 8.4, 1, -83012, 633.97)
upgrade(9.5, 7.9, 1, -89262, 635.88)
upgrade(-7.1, 12.0, 1, -93762, 661.56)
upgrade(-14.3, 11.7, 1, -98262, 672.52)
upgrade(12.5, 8.0, 1, -104512, 676.79)
upgrade(-10.7, 11.9, 1, -109012, 683.30)
upgrade(-15.5, 15.6, 1, -113512, 703.42)
upgrade(-11.6, 16.2, 1, -118012, 709.99)
upgrade(7.9, 10.6, 1, -124262, 712.72)
upgrade(11.0, 10.6, 1, -130512, 713.48)
upgrade(-7.7, 16.3, 1, -135012, 739.10)
upgrade(-7.4, 20.0, 1, -139512, 756.44)
upgrade(-11.6, 19.9, 1, -144012, 760.99)
upgrade(14.0, 10.6, 1, -150262, 766.71)
place(11.1, 1.0, 4.0, "DJ Booth", -150262, 769.85)
upgrade(11.1, 4.0, 1, -150562, 771.27)
upgrade(11.1, 4.0, 1, -151812, 771.84)
upgrade(11.1, 4.0, 1, -154812, 772.51)
option(11.1, 4.0, "Track", "Green", 773.37)
upgrade(11.1, 4.0, 1, -162812, 793.38)
upgrade(11.1, 4.0, 1, -182812, 824.74)
upgrade(6.5, 7.9, 1, -193437, 849.34)
upgrade(9.5, 7.9, 1, -204062, 859.85)
upgrade(12.5, 8.0, 1, -214687, 862.17)
upgrade(7.9, 10.6, 1, -225312, 883.81)
upgrade(11.0, 10.6, 1, -235937, 898.95)
upgrade(14.0, 10.6, 1, -246562, 903.33)
upgrade(6.5, 7.9, 1, -274187, 934.77)
upgrade(9.5, 7.9, 1, -301812, 967.04)
upgrade(12.5, 8.0, 1, -329437, 1012.08)
upgrade(7.9, 10.6, 1, -357062, 1025.81)
upgrade(11.0, 10.6, 1, -384687, 1043.81)
upgrade(14.0, 10.6, 1, -412312, 1068.82)
place(8.1, 5.1, -13.6, "Ranger", -412312, 1077.25)
place(8.3, 5.1, -10.5, "Ranger", -412312, 1081.49)
place(11.1, 5.1, -11.9, "Ranger", -412312, 1085.09)
place(10.9, 5.1, -8.8, "Ranger", -412312, 1087.62)
place(14.2, 5.1, -12.7, "Ranger", -412312, 1090.37)
place(13.8, 5.1, -9.6, "Ranger", -412312, 1092.45)
place(16.9, 5.1, -9.2, "Ranger", -412312, 1105.79)
place(17.2, 5.1, -12.4, "Ranger", -412312, 1107.28)
upgrade(8.1, -13.6, 1, -413587, 1117.80)
upgrade(8.1, -13.6, 1, -418262, 1118.49)
upgrade(8.3, -10.5, 1, -419537, 1120.17)
upgrade(8.3, -10.5, 1, -424212, 1120.93)
upgrade(10.9, -8.8, 1, -425487, 1122.02)
upgrade(10.9, -8.8, 1, -430162, 1122.81)
upgrade(13.8, -9.6, 1, -431437, 1123.73)
upgrade(13.8, -9.6, 1, -436112, 1124.45)
upgrade(16.9, -9.2, 1, -437387, 1125.57)
upgrade(16.9, -9.2, 1, -442062, 1126.36)
upgrade(17.2, -12.4, 1, -443337, 1127.36)
upgrade(17.2, -12.4, 1, -448012, 1128.15)
upgrade(14.2, -12.7, 1, -449287, 1129.13)
upgrade(14.2, -12.7, 1, -453962, 1129.86)
upgrade(11.1, -11.9, 1, -455237, 1136.72)
upgrade(11.1, -11.9, 1, -459912, 1137.64)
upgrade(8.1, -13.6, 1, -473299, 1157.74)
upgrade(8.3, -10.5, 1, -486686, 1159.07)
upgrade(11.1, -11.9, 1, -500073, 1162.38)
upgrade(10.9, -8.8, 1, -513460, 1169.00)
upgrade(14.2, -12.7, 1, -526847, 1180.52)
upgrade(13.8, -9.6, 1, -540234, 1182.93)
upgrade(17.2, -12.4, 1, -553621, 1191.66)
upgrade(16.9, -9.2, 1, -567008, 1200.44)
place(7.2, 1.0, 4.9, "Minigunner", -567008, 1215.69)
place(5.2, 1.0, 2.6, "Minigunner", -567008, 1218.08)
place(4.2, 1.0, 5.5, "Minigunner", -567008, 1220.37)
place(14.9, 1.0, 2.6, "Minigunner", -567008, 1224.63)
place(17.9, 1.0, 2.7, "Minigunner", -567008, 1226.54)
place(14.8, 1.0, 5.6, "Minigunner", -567008, 1228.75)
place(17.9, 1.0, 5.8, "Minigunner", -567008, 1230.51)
place(16.4, 1.0, 8.4, "Minigunner", -567008, 1232.73)
place(19.5, 1.0, 8.9, "Minigunner", -567008, 1234.78)
place(16.9, 1.0, 11.5, "Minigunner", -567008, 1237.48)
place(5.3, 1.0, 12.1, "Minigunner", -567008, 1243.11)
place(11.0, 1.0, 13.7, "Minigunner", -567008, 1248.00)
place(8.0, 1.0, 13.8, "Minigunner", -567008, 1250.70)
place(5.2, 1.0, 15.3, "Minigunner", -567008, 1252.59)
place(11.4, 1.0, 16.7, "Minigunner", -567008, 1254.61)
upgrade(5.2, 2.6, 1, -567858, 1265.62)
upgrade(5.2, 2.6, 1, -571938, 1266.13)
upgrade(5.2, 2.6, 1, -583413, 1266.76)
upgrade(4.2, 5.5, 1, -584263, 1268.35)
upgrade(4.2, 5.5, 1, -588343, 1268.90)
upgrade(4.2, 5.5, 1, -599818, 1269.36)
upgrade(7.2, 4.9, 1, -600668, 1270.63)
upgrade(7.2, 4.9, 1, -604748, 1271.36)
upgrade(7.2, 4.9, 1, -616223, 1271.89)
upgrade(14.9, 2.6, 1, -617073, 1273.36)
upgrade(14.9, 2.6, 1, -621153, 1274.12)
upgrade(14.9, 2.6, 1, -632628, 1274.59)
upgrade(17.9, 2.7, 1, -633478, 1276.06)
upgrade(17.9, 2.7, 1, -637558, 1276.69)
upgrade(17.9, 2.7, 1, -649033, 1277.30)
upgrade(14.8, 5.6, 1, -649883, 1278.40)
upgrade(14.8, 5.6, 1, -653963, 1279.07)
upgrade(14.8, 5.6, 1, -665438, 1279.59)
upgrade(17.9, 5.8, 1, -666288, 1280.99)
upgrade(17.9, 5.8, 1, -670368, 1281.52)
upgrade(17.9, 5.8, 1, -681843, 1282.08)
upgrade(16.4, 8.4, 1, -682693, 1290.53)
upgrade(16.4, 8.4, 1, -686773, 1291.10)
upgrade(16.4, 8.4, 1, -698248, 1291.73)
upgrade(19.5, 8.9, 1, -699098, 1299.84)
upgrade(19.5, 8.9, 1, -703178, 1300.64)
upgrade(19.5, 8.9, 1, -714653, 1301.49)
upgrade(5.3, 12.1, 1, -715503, 1308.27)
upgrade(5.3, 12.1, 1, -719583, 1308.97)
upgrade(5.3, 12.1, 1, -731058, 1309.51)
upgrade(8.0, 13.8, 1, -731908, 1312.13)
upgrade(8.0, 13.8, 1, -735988, 1312.86)
upgrade(8.0, 13.8, 1, -747463, 1313.46)
upgrade(5.2, 15.3, 1, -748313, 1316.43)
upgrade(5.2, 15.3, 1, -752393, 1317.12)
upgrade(5.2, 15.3, 1, -763868, 1317.73)
upgrade(11.0, 13.7, 1, -764718, 1323.76)
upgrade(11.0, 13.7, 1, -768798, 1324.49)
upgrade(11.0, 13.7, 1, -780273, 1333.71)
upgrade(16.9, 11.5, 1, -781123, 1338.44)
upgrade(16.9, 11.5, 1, -785203, 1339.32)
upgrade(16.9, 11.5, 1, -796678, 1340.08)
upgrade(11.4, 16.7, 1, -797528, 1349.92)
upgrade(11.4, 16.7, 1, -801608, 1350.58)
upgrade(11.4, 16.7, 1, -813083, 1356.39)
upgrade(8.1, -13.6, 1, -834333, 1368.48)
upgrade(8.3, -10.5, 1, -855583, 1377.69)
upgrade(11.1, -11.9, 1, -876833, 1415.39)
upgrade(13.8, -9.6, 1, -898083, 1417.42)
upgrade(14.2, -12.7, 1, -919333, 1419.70)
upgrade(10.9, -8.8, 1, -940583, 1422.11)
upgrade(17.2, -12.4, 1, -961833, 1440.80)
upgrade(5.2, 2.6, 1, -985208, 1444.95)
upgrade(4.2, 5.5, 1, -1008583, 1446.94)
upgrade(7.2, 4.9, 1, -1031958, 1455.96)
upgrade(14.9, 2.6, 1, -1055333, 1468.24)
upgrade(17.9, 2.7, 1, -1078708, 1479.39)
upgrade(14.8, 5.6, 1, -1102083, 1485.86)
upgrade(17.9, 5.8, 1, -1125458, 1496.31)
upgrade(16.4, 8.4, 1, -1148833, 1498.99)
upgrade(19.5, 8.9, 1, -1172208, 1500.45)
upgrade(16.9, -9.2, 1, -1193458, 1511.91)
target(16.9, -9.2, "Last", 1513.32)
target(8.1, -13.6, "Last", 1514.82)
target(8.3, -10.5, "Last", 1516.16)
target(11.1, -11.9, "Last", 1517.34)
target(10.9, -8.8, "Last", 1518.53)
target(14.2, -12.7, "Last", 1519.93)
target(13.8, -9.6, "Last", 1521.22)
target(17.2, -12.4, "Last", 1522.69)
upgrade(11.0, 13.7, 1, -1216833, 1525.95)
upgrade(8.0, 13.8, 1, -1240208, 1539.05)
target(8.1, -13.6, "First", 1540.59)
target(8.3, -10.5, "First", 1541.73)
target(11.1, -11.9, "First", 1542.84)
target(10.9, -8.8, "First", 1543.98)
target(14.2, -12.7, "First", 1545.30)
target(13.8, -9.6, "First", 1546.44)
target(16.9, -9.2, "First", 1548.37)
target(17.2, -12.4, "First", 1549.80)
upgrade(11.4, 16.7, 1, -1263583, 1552.87)
upgrade(5.2, 15.3, 1, -1286958, 1556.45)
upgrade(5.3, 12.1, 1, -1310333, 1563.08)
upgrade(16.9, 11.5, 1, -1333708, 1569.51)
sell(-7.4, 20.0, 1571.71)
sell(-7.7, 16.3, 1572.49)
sell(-7.1, 12.0, 1573.36)
sell(-10.7, 11.9, 1574.17)
sell(-9.4, 8.4, 1575.05)
sell(-13.0, 8.4, 1575.98)
sell(-14.3, 11.7, 1576.79)
sell(-15.5, 15.6, 1577.56)
sell(-11.6, 16.2, 1578.40)
sell(-11.6, 19.9, 1579.17)
place(8.3, 1.0, 17.0, "Minigunner", -1333708, 1581.62)
place(2.6, 1.0, 16.9, "Minigunner", -1333708, 1583.45)
place(5.5, 1.0, 18.3, "Minigunner", -1333708, 1585.51)
place(2.9, 1.0, 20.0, "Minigunner", -1333708, 1586.88)
place(7.9, 1.0, 20.0, "Minigunner", -1333708, 1588.32)
place(11.0, 1.0, 19.7, "Minigunner", -1333708, 1590.56)
upgrade(2.6, 16.9, 1, -1334558, 1592.66)
upgrade(2.6, 16.9, 1, -1338638, 1593.35)
upgrade(2.6, 16.9, 1, -1350113, 1594.04)
upgrade(5.5, 18.3, 1, -1350963, 1594.92)
upgrade(5.5, 18.3, 1, -1355043, 1595.69)
upgrade(5.5, 18.3, 1, -1366518, 1596.44)
upgrade(8.3, 17.0, 1, -1367368, 1597.28)
upgrade(8.3, 17.0, 1, -1371448, 1598.12)
upgrade(8.3, 17.0, 1, -1382923, 1598.82)
upgrade(7.9, 20.0, 1, -1383773, 1599.64)
upgrade(7.9, 20.0, 1, -1387853, 1600.30)
upgrade(7.9, 20.0, 1, -1399328, 1600.93)
upgrade(11.0, 19.7, 1, -1400178, 1601.72)
upgrade(11.0, 19.7, 1, -1404258, 1602.33)
upgrade(11.0, 19.7, 1, -1415733, 1603.04)
upgrade(2.9, 20.0, 1, -1416583, 1603.72)
upgrade(2.9, 20.0, 1, -1420663, 1604.32)
upgrade(2.9, 20.0, 1, -1432138, 1605.20)
place(3.0, 1.0, -2.7, "Minigunner", -1432138, 1606.55)
place(6.2, 1.0, -2.7, "Minigunner", -1432138, 1608.93)
place(9.3, 1.0, -2.7, "Minigunner", -1432138, 1610.49)
place(12.3, 1.0, -2.7, "Minigunner", -1432138, 1612.57)
upgrade(3.0, -2.7, 1, -1432988, 1613.85)
upgrade(3.0, -2.7, 1, -1437068, 1614.55)
upgrade(3.0, -2.7, 1, -1448543, 1615.17)
upgrade(6.2, -2.7, 1, -1449393, 1616.14)
upgrade(6.2, -2.7, 1, -1453473, 1616.85)
upgrade(6.2, -2.7, 1, -1464948, 1617.59)
upgrade(9.3, -2.7, 1, -1465798, 1618.51)
upgrade(9.3, -2.7, 1, -1469878, 1619.48)
upgrade(9.3, -2.7, 1, -1481353, 1620.37)
upgrade(12.3, -2.7, 1, -1482203, 1621.30)
upgrade(12.3, -2.7, 1, -1486283, 1622.37)
upgrade(12.3, -2.7, 1, -1497758, 1623.32)
upgrade(2.6, 16.9, 1, -1521133, 1626.57)
upgrade(8.3, 17.0, 1, -1544508, 1627.67)
upgrade(5.5, 18.3, 1, -1567883, 1630.24)
upgrade(2.9, 20.0, 1, -1591258, 1635.58)
upgrade(7.9, 20.0, 1, -1614633, 1652.46)
upgrade(11.0, 19.7, 1, -1638008, 1668.46)
upgrade(3.0, -2.7, 1, -1661383, 1671.51)
upgrade(6.2, -2.7, 1, -1684758, 1678.95)
upgrade(9.3, -2.7, 1, -1708133, 1685.66)
upgrade(12.3, -2.7, 1, -1731508, 1697.05)
option(11.1, 4.0, "Track", "Red", 1771.53)