place(11.678, 0.972, 24.125, "Cowboy", 600)
upgrade(11.678, 2.322, 24.125, 150)
place(14.194, 0.976, 24.123, "Cowboy", 530)
upgrade(14.194, 2.326, 24.123, 156)
place(16.805, 0.979, 24.126, "Cowboy", 683)
upgrade(16.805, 2.329, 24.126, 245)
place(12.897, 0.976, 26.394, "Cowboy", 1122)
upgrade(12.897, 2.326, 26.394, 692)
place(15.554, 0.980, 26.457, "Cowboy", 762)
upgrade(15.554, 2.330, 26.457, 408)
place(18.182, 0.983, 26.431, "Cowboy", 1187)
upgrade(18.182, 2.333, 26.431, 862)
upgrade(18.182, 2.333, 26.431, 856)
upgrade(15.554, 2.330, 26.457, 1083)
upgrade(12.897, 2.326, 26.394, 939)
upgrade(16.805, 2.329, 24.126, 1445)
upgrade(14.194, 2.326, 24.123, 902)
upgrade(11.678, 2.322, 24.125, 1333)
upgrade(18.182, 2.333, 26.431, 3205)
upgrade(15.554, 2.330, 26.457, 3063)
upgrade(16.805, 2.329, 24.126, 3424)
upgrade(14.194, 2.326, 24.123, 3557)
upgrade(12.897, 2.326, 26.394, 5014)
upgrade(11.678, 2.322, 24.125, 4078)
place(14.198, 0.940, 13.923, "Commander", 2384)
upgrade(14.198, 2.640, 13.923, 2188)
upgrade(14.198, 2.640, 13.923, 1828)
upgrade(14.198, 2.640, 13.923, 2678)
upgrade(18.182, 2.333, 26.431, 7658)
upgrade(15.554, 2.330, 26.457, 6291)
upgrade(16.805, 2.329, 24.126, 6189)
CommanderAbility(14.198, 2.640, 13.923, 4364)
upgrade(12.897, 2.326, 26.394, 5789)
place(23.727, 0.983, 34.328, "Commander", 2164)
place(10.365, 1.004, 39.105, "Commander", 5086)
place(-2.191, 0.956, 26.780, "Commander", 7712)
upgrade(14.194, 2.326, 24.123, 10762)
upgrade(11.678, 2.322, 24.125, 8080)
CommanderAbility(14.198, 2.640, 13.923, 2587)
CommanderAbility(14.198, 2.640, 13.923, 10326)
upgrade(18.182, 2.333, 26.431, 15129)
upgrade(16.805, 2.329, 24.126, 19542)
upgrade(15.554, 2.330, 26.457, 13092)
CommanderAbility(14.198, 2.640, 13.923, 4192)
place(11.111, 4.017, 8.918, "Ranger", 16694)
upgrade(11.111, 5.367, 8.918, 12194)
upgrade(11.111, 5.367, 8.918, 10694)
place(13.961, 4.373, 7.216, "Ranger", 6544)
upgrade(13.961, 5.723, 7.216, 9560)
upgrade(13.961, 5.723, 7.216, 8649)
place(13.933, 4.344, 4.187, "Ranger", 8294)
upgrade(13.933, 5.694, 4.187, 4994)
CommanderAbility(14.198, 2.640, 13.923, 4044)
upgrade(13.933, 5.694, 4.187, 10094)
place(11.169, 4.468, 5.767, "Ranger", 7004)
upgrade(11.169, 5.818, 5.767, 3907)
upgrade(11.169, 5.818, 5.767, 10037)
place(8.067, 4.283, 7.623, "Ranger", 8737)
upgrade(8.067, 5.633, 7.623, 6582)
upgrade(8.067, 5.633, 7.623, 7503)
CommanderAbility(14.198, 2.640, 13.923, 7103)
place(9.936, 4.276, 3.007, "Ranger", 14823)
upgrade(9.936, 5.626, 3.007, 11453)
upgrade(9.936, 5.626, 3.007, 11617)
place(7.377, 4.606, 4.702, "Ranger", 9453)
upgrade(7.377, 5.956, 4.702, 9953)
upgrade(7.377, 5.956, 4.702, 8453)
place(5.177, 4.586, 6.805, "Ranger", 6012)
upgrade(5.177, 5.936, 6.805, 6762)
upgrade(5.177, 5.936, 6.805, 8362)
CommanderAbility(14.198, 2.640, 13.923, 13143)
upgrade(14.194, 2.326, 24.123, 18295)
upgrade(11.678, 2.322, 24.125, 14195)
upgrade(12.897, 2.326, 26.394, 15686)
place(11.060, 0.925, 13.935, "Commander", 14931)
upgrade(11.060, 2.625, 13.935, 14281)
upgrade(11.060, 2.625, 13.935, 13881)
place(7.985, 0.910, 13.952, "Commander", 11431)
upgrade(7.985, 2.610, 13.952, 10781)
upgrade(7.985, 2.610, 13.952, 10381)
CommanderAbility(11.060, 2.625, 13.935, 7931)
place(12.534, 0.943, 10.507, "Turret", 14931)
upgrade(12.534, 1.893, 10.507, 7592)
CommanderAbility(14.198, 2.640, 13.923, 8513)
upgrade(12.534, 1.893, 10.507, 15130)
CommanderAbility(11.060, 2.625, 13.935, 19921)
upgrade(12.534, 1.893, 10.507, 21980)
CommanderAbility(14.198, 2.640, 13.923, 32538)
upgrade(12.534, 1.893, 10.507, 40778)
CommanderAbility(11.060, 2.625, 13.935, 17946)
place(7.774, 0.921, 10.322, "Turret", 26646)
upgrade(7.774, 1.871, 10.322, 20237)
upgrade(7.774, 1.871, 10.322, 20696)
CommanderAbility(7.985, 2.610, 13.952, 13196)
upgrade(7.774, 1.871, 10.322, 23696)
CommanderAbility(11.060, 2.625, 13.935, 10196)
CommanderAbility(7.985, 2.610, 13.952, 32022)
upgrade(7.774, 1.871, 10.322, 43272)
CommanderAbility(11.060, 2.625, 13.935, 9772)
upgrade(14.198, 2.640, 13.923, 18117)
upgrade(14.198, 2.640, 13.923, 15522)
CommanderAbility(14.198, 2.640, 13.923, 1522)
place(16.434, 0.966, 9.277, "Turret", 32956)
upgrade(16.434, 1.916, 9.277, 28206)
upgrade(16.434, 1.916, 9.277, 29177)
CommanderAbility(14.198, 2.640, 13.923, 28456)
upgrade(16.434, 1.916, 9.277, 36456)
CommanderAbility(11.060, 2.625, 13.935, 33950)
upgrade(16.434, 1.916, 9.277, 38950)
CommanderAbility(14.198, 2.640, 13.923, 20700)
upgrade(13.961, 5.723, 7.216, 41756)
upgrade(13.961, 5.723, 7.216, 31228)
CommanderAbility(11.060, 2.625, 13.935, 29161)
upgrade(13.933, 5.694, 4.187, 42006)
upgrade(13.933, 5.694, 4.187, 28421)
CommanderAbility(7.985, 2.610, 13.952, 8421)
upgrade(11.111, 5.367, 8.918, 20805)
CommanderAbility(11.060, 2.625, 13.935, 11301)
upgrade(11.111, 5.367, 8.918, 38922)
CommanderAbility(7.985, 2.610, 13.952, 21403)
upgrade(11.169, 5.818, 5.767, 38471)
CommanderAbility(11.060, 2.625, 13.935, 26492)
upgrade(11.169, 5.818, 5.767, 34992)
CommanderAbility(7.985, 2.610, 13.952, 28492)
upgrade(8.067, 5.633, 7.623, 35478)
upgrade(8.067, 5.633, 7.623, 39441)
CommanderAbility(11.060, 2.625, 13.935, 19980)
upgrade(9.936, 5.626, 3.007, 31092)
CommanderAbility(14.198, 2.640, 13.923, 21342)
upgrade(9.936, 5.626, 3.007, 35534)
upgrade(7.377, 5.956, 4.702, 19882)
CommanderAbility(7.985, 2.610, 13.952, 9568)
CommanderAbility(11.060, 2.625, 13.935, 13432)
upgrade(7.377, 5.956, 4.702, 29932)
upgrade(5.177, 5.936, 6.805, 28662)
CommanderAbility(7.985, 2.610, 13.952, 18182)
upgrade(7.985, 2.610, 13.952, 19182)
upgrade(7.985, 2.610, 13.952, 14682)
CommanderAbility(11.060, 2.625, 13.935, 8181)
CommanderAbility(14.198, 2.640, 13.923, 19182)
CommanderAbility(7.985, 2.610, 13.952, 30682)
upgrade(5.177, 5.936, 6.805, 30682)
CommanderAbility(11.060, 2.625, 13.935, 13182)
CommanderAbility(14.198, 2.640, 13.923, 33182)
upgrade(11.060, 2.625, 13.935, 33182)
upgrade(11.060, 2.625, 13.935, 28682)
CommanderAbility(7.985, 2.610, 13.952, 34237)
CommanderAbility(11.060, 2.625, 13.935, 66528)
upgrade(12.534, 1.893, 10.507, 88777)
upgrade(16.434, 1.916, 9.277, 90030)
CommanderAbility(11.060, 2.625, 13.935, 18506)
CommanderAbility(7.985, 2.610, 13.952, 57275)
CommanderAbility(14.198, 2.640, 13.923, 79516)
upgrade(7.774, 1.871, 10.322, 83775)
CommanderAbility(11.060, 2.625, 13.935, 56275)
place(9.923, 0.967, 19.802, "Minigunner", 81057)
upgrade(9.923, 2.317, 19.802, 79232)
upgrade(9.923, 2.317, 19.802, 78832)
upgrade(9.923, 2.317, 19.802, 77332)
upgrade(9.923, 2.317, 19.802, 77832)
place(6.696, 0.962, 19.273, "Minigunner", 65332)
upgrade(6.696, 2.312, 19.273, 65120)
upgrade(6.696, 2.312, 19.273, 65332)
upgrade(6.696, 2.312, 19.273, 63832)
upgrade(6.696, 2.312, 19.273, 57332)
CommanderAbility(7.985, 2.610, 13.952, 68832)
place(7.585, 0.965, 22.344, "Minigunner", 77332)
upgrade(7.585, 2.315, 22.344, 75982)
upgrade(7.585, 2.315, 22.344, 75582)
upgrade(7.585, 2.315, 22.344, 74082)
upgrade(7.585, 2.315, 22.344, 67582)
CommanderAbility(11.060, 2.625, 13.935, 52832)
place(3.588, 0.958, 19.824, "Minigunner", 58082)
upgrade(3.588, 2.308, 19.824, 57482)
upgrade(3.588, 2.308, 19.824, 57332)
upgrade(3.588, 2.308, 19.824, 55832)
upgrade(3.588, 2.308, 19.824, 48832)
CommanderAbility(14.198, 2.640, 13.923, 46332)
place(4.468, 0.962, 23.170, "Minigunner", 47832)
upgrade(4.468, 2.312, 23.170, 45982)
upgrade(4.468, 2.312, 23.170, 45582)
upgrade(4.468, 2.312, 23.170, 44082)
upgrade(4.468, 2.312, 23.170, 37082)
CommanderAbility(7.985, 2.610, 13.952, 28082)
SupportCaravanAbility(7.985, 2.610, 13.952, 49332)
SupportCaravanAbility(11.060, 2.625, 13.935, 47332)
SupportCaravanAbility(14.198, 2.640, 13.923, 45332)
place(6.846, 0.967, 25.274, "Minigunner", 44832)
upgrade(6.846, 2.317, 25.274, 48232)
upgrade(6.846, 2.317, 25.274, 48578)
upgrade(6.846, 2.317, 25.274, 47582)
upgrade(6.846, 2.317, 25.274, 40593)
upgrade(6.846, 2.317, 25.274, 25092)
CommanderAbility(11.060, 2.625, 13.935, 47582)
CommanderAbility(7.985, 2.610, 13.952, 47582)
place(3.930, 0.964, 26.224, "Minigunner", 81682)
upgrade(3.930, 2.314, 26.224, 79832)
upgrade(3.930, 2.314, 26.224, 79432)
upgrade(3.930, 2.314, 26.224, 85431)
upgrade(3.930, 2.314, 26.224, 78432)
place(16.234, 0.975, 18.842, "Minigunner", 62932)
upgrade(16.234, 2.325, 18.842, 61082)
upgrade(16.234, 2.325, 18.842, 60683)
upgrade(16.234, 2.325, 18.842, 59182)
upgrade(16.234, 2.325, 18.842, 52182)
place(19.356, 0.979, 18.968, "Minigunner", 44182)
upgrade(19.356, 2.329, 18.968, 42332)
upgrade(19.356, 2.329, 18.968, 41932)
upgrade(19.356, 2.329, 18.968, 40432)
upgrade(19.356, 2.329, 18.968, 33432)
place(22.063, 0.981, 17.150, "Minigunner", 23745)
upgrade(22.063, 2.331, 17.150, 22145)
upgrade(22.063, 2.331, 17.150, 21745)
upgrade(22.063, 2.331, 17.150, 23245)
upgrade(22.063, 2.331, 17.150, 16995)
CommanderAbility(14.198, 2.640, 13.923, 22995)
place(16.588, 0.945, 15.783, "Minigunner", 42745)
upgrade(16.588, 2.295, 15.783, 56583)
upgrade(16.588, 2.295, 15.783, 56245)
upgrade(16.588, 2.295, 15.783, 54992)
upgrade(16.588, 2.295, 15.783, 63295)
CommanderAbility(11.060, 2.625, 13.935, 71040)
CommanderAbility(14.198, 2.640, 13.923, 101945)
SupportCaravanAbility(14.198, 2.640, 13.923, 103745)
SupportCaravanAbility(14.198, 2.640, 13.923, 101755)
SupportCaravanAbility(11.060, 2.625, 13.935, 102592)
SupportCaravanAbility(11.060, 2.625, 13.935, 101093)
SupportCaravanAbility(7.985, 2.610, 13.952, 103645)
SupportCaravanAbility(7.985, 2.610, 13.952, 102245)
sell(10.365, 2.704, 39.105)
CommanderAbility(7.985, 2.610, 13.952, 126700)
sell(-2.191, 2.656, 26.780)
place(19.624, 0.962, 14.976, "Minigunner", 137205)
upgrade(19.624, 2.312, 14.976, 151105)
upgrade(19.624, 2.312, 14.976, 150955)
upgrade(19.624, 2.312, 14.976, 149455)
upgrade(19.624, 2.312, 14.976, 142705)
place(23.751, 0.969, 39.210, "Commander", 143705)
place(29.054, 0.964, 34.204, "Commander", 156397)
place(22.525, 0.977, 13.831, "Minigunner", 160124)
upgrade(22.525, 2.327, 13.831, 161524)
upgrade(22.525, 2.327, 13.831, 165374)
upgrade(22.525, 2.327, 13.831, 163874)
upgrade(22.525, 2.327, 13.831, 159874)
place(19.779, 0.973, 11.478, "Minigunner", 153874)
upgrade(19.779, 2.323, 11.478, 157021)
upgrade(19.779, 2.323, 11.478, 158325)
upgrade(19.779, 2.323, 11.478, 158324)
upgrade(19.779, 2.323, 11.478, 152774)
CommanderAbility(14.198, 2.640, 13.923, 154822)
place(4.792, 0.920, 12.878, "Minigunner", 165822)
upgrade(4.792, 2.270, 12.878, 168322)
upgrade(4.792, 2.270, 12.878, 182172)
upgrade(4.792, 2.270, 12.878, 181170)
upgrade(4.792, 2.270, 12.878, 174422)
place(4.189, 0.907, 9.624, "Minigunner", 169995)
upgrade(4.189, 2.257, 9.624, 175562)
upgrade(4.189, 2.257, 9.624, 182172)
upgrade(4.189, 2.257, 9.624, 181672)
upgrade(4.189, 2.257, 9.624, 175922)
place(1.303, 0.931, 11.313, "Minigunner", 171922)
upgrade(1.303, 2.281, 11.313, 175806)
upgrade(1.303, 2.281, 11.313, 175627)
upgrade(1.303, 2.281, 11.313, 174652)
upgrade(1.303, 2.281, 11.313, 167734)
CommanderAbility(7.985, 2.610, 13.952, 157422)
place(-3.791, 0.931, 5.950, "Minigunner", 158672)
sell(-3.791, 2.281, 5.950)
place(9.575, 0.972, 27.712, "Minigunner", 177299)
upgrade(9.575, 2.322, 27.712, 195949)
upgrade(9.575, 2.322, 27.712, 198366)
upgrade(9.575, 2.322, 27.712, 197049)
upgrade(9.575, 2.322, 27.712, 182544)
CommanderAbility(11.060, 2.625, 13.935, 202544)
CommanderAbility(14.198, 2.640, 13.923, 210540)
SupportCaravanAbility(7.985, 2.610, 13.952, 219044)
SupportCaravanAbility(7.985, 2.610, 13.952, 217046)
SupportCaravanAbility(11.060, 2.625, 13.935, 217044)
SupportCaravanAbility(11.060, 2.625, 13.935, 215294)
SupportCaravanAbility(14.198, 2.640, 13.923, 215294)
CommanderAbility(7.985, 2.610, 13.952, 245294)
place(-1.378, 0.926, 6.234, "Minigunner", 245294)
CommanderAbility(11.060, 2.625, 13.935, 286544)
sell(23.727, 2.683, 34.328)
sell(29.054, 2.664, 34.204)
place(28.309, 0.989, 15.884, "Commander", 364804)
place(28.550, 0.981, 5.798, "Commander", 403654)
CommanderAbility(14.198, 2.640, 13.923, 441753)
CommanderAbility(11.060, 2.625, 13.935, 482004)
sell(3.930, 2.314, 26.224)
sell(6.846, 2.317, 25.274)
sell(9.575, 2.322, 27.712)
CommanderAbility(7.985, 2.610, 13.952, 576729)
SupportCaravanAbility(14.198, 2.640, 13.923, 576729)
SupportCaravanAbility(11.060, 2.625, 13.935, 574730)
SupportCaravanAbility(7.985, 2.610, 13.952, 572731)
SupportCaravanAbility(7.985, 2.610, 13.952, 570731)
place(19.875, 0.982, 8.332, "Minigunner", 570729)
upgrade(19.875, 2.332, 8.332, 568879)
upgrade(19.875, 2.332, 8.332, 568479)
upgrade(19.875, 2.332, 8.332, 566979)
upgrade(19.875, 2.332, 8.332, 559979)
place(18.029, 0.983, 5.527, "Minigunner", 544479)
CommanderAbility(11.060, 2.625, 13.935, 542629)
place(16.572, 0.987, 2.021, "Minigunner", 542629)
upgrade(16.572, 2.337, 2.021, 540779)
upgrade(16.572, 2.337, 2.021, 540381)
upgrade(16.572, 2.337, 2.021, 538880)
upgrade(16.572, 2.337, 2.021, 532100)
CommanderAbility(14.198, 2.640, 13.923, 541210)
sell(9.923, 2.317, 19.802)
sell(16.234, 2.325, 18.842)
sell(19.356, 2.329, 18.968)
place(0.549, 0.916, 7.984, "Minigunner", 622354)
upgrade(0.549, 2.266, 7.984, 620504)
upgrade(0.549, 2.266, 7.984, 620106)
upgrade(0.549, 2.266, 7.984, 618605)
upgrade(0.549, 2.266, 7.984, 611604)
upgrade(0.549, 2.266, 7.984, 596780)
CommanderAbility(7.985, 2.610, 13.952, 608604)
sell(28.309, 2.689, 15.884)
place(-0.910, 0.927, 13.592, "Commander", 633859)
upgrade(-0.910, 2.627, 13.592, 633209)
upgrade(-0.910, 2.627, 13.592, 632809)
upgrade(-0.910, 2.627, 13.592, 630359)
upgrade(-0.910, 2.627, 13.592, 625860)
sell(12.534, 1.893, 10.507)
sell(16.434, 1.916, 9.277)
place(-4.219, 0.923, 8.482, "Turret", 729071)
upgrade(-4.219, 1.873, 8.482, 720821)
upgrade(-4.219, 1.873, 8.482, 717593)
upgrade(-4.219, 1.873, 8.482, 710072)
upgrade(-4.219, 1.873, 8.482, 690113)
upgrade(-4.219, 1.873, 8.482, 656019)
upgrade(-4.219, 1.873, 8.482, 580488)
CommanderAbility(-0.910, 2.627, 13.592, 580071)
place(-4.691, 0.937, 4.508, "Turret", 580071)
upgrade(-4.691, 1.887, 4.508, 571821)
upgrade(-4.691, 1.887, 4.508, 568571)
upgrade(-4.691, 1.887, 4.508, 561071)
upgrade(-4.691, 1.887, 4.508, 541071)
upgrade(-4.691, 1.887, 4.508, 518342)
CommanderAbility(7.985, 2.610, 13.952, 468571)
sell(16.588, 2.295, 15.783)
sell(19.779, 2.323, 11.478)
sell(19.875, 2.332, 8.332)
CommanderAbility(14.198, 2.640, 13.923, 524546)
sell(11.060, 2.625, 13.935)
place(-1.133, 0.940, 1.828, "Commander", 545699)
upgrade(-1.133, 2.640, 1.828, 545049)
upgrade(-1.133, 2.640, 1.828, 544649)
upgrade(-1.133, 2.640, 1.828, 542200)
upgrade(-1.133, 2.640, 1.828, 538052)
upgrade(-1.133, 2.640, 1.828, 523700)
upgrade(-1.133, 2.640, 1.828, 523699)
upgrade(-1.133, 2.640, 1.828, 523699)
CommanderAbility(-1.133, 2.640, 1.828, 523699)
place(-10.249, 0.961, 0.407, "Minigunner", 536199)
upgrade(-10.249, 2.311, 0.407, 534349)
upgrade(-10.249, 2.311, 0.407, 533949)
upgrade(-10.249, 2.311, 0.407, 544949)
upgrade(-10.249, 2.311, 0.407, 537949)
CommanderAbility(-0.910, 2.627, 13.592, 522449)
CommanderAbility(-0.910, 2.627, 13.592, 522449)
place(-10.306, 0.972, -2.830, "Minigunner", 522449)
upgrade(-10.306, 2.322, -2.830, 520599)
upgrade(-10.306, 2.322, -2.830, 520199)
upgrade(-10.306, 2.322, -2.830, 518700)
upgrade(-10.306, 2.322, -2.830, 511707)
place(-11.278, 0.952, 3.382, "Minigunner", 496199)
upgrade(-11.278, 2.302, 3.382, 494349)
upgrade(-11.278, 2.302, 3.382, 493950)
upgrade(-11.278, 2.302, 3.382, 492449)
upgrade(-11.278, 2.302, 3.382, 485456)
sell(1.303, 2.281, 11.313)
CommanderAbility(-1.133, 2.640, 1.828, 480274)
place(-10.487, 0.981, -7.393, "Minigunner", 480274)
sell(-4.219, 1.873, 8.482)
place(-17.578, 0.981, -6.915, "Turret", 562030)
upgrade(-17.578, 1.931, -6.915, 566280)
upgrade(-17.578, 1.931, -6.915, 563031)
upgrade(-17.578, 1.931, -6.915, 555684)
upgrade(-17.578, 1.931, -6.915, 535538)
upgrade(-17.578, 1.931, -6.915, 503408)
upgrade(-17.578, 1.931, -6.915, 425530)
sell(-0.910, 2.627, 13.592)
place(-22.148, 0.981, -6.719, "Commander", 434183)
upgrade(-22.148, 2.681, -6.719, 446033)
upgrade(-22.148, 2.681, -6.719, 445637)
upgrade(-22.148, 2.681, -6.719, 443183)
upgrade(-22.148, 2.681, -6.719, 438870)
upgrade(-22.148, 2.681, -6.719, 424687)
SupportCaravanAbility(-22.148, 2.681, -6.719, 424683)
SupportCaravanAbility(-22.148, 2.681, -6.719, 424683)
SupportCaravanAbility(-22.148, 2.681, -6.719, 424683)
SupportCaravanAbility(-22.148, 2.681, -6.719, 422978)
SupportCaravanAbility(-22.148, 2.681, -6.719, 422743)
SupportCaravanAbility(-1.133, 2.640, 1.828, 422683)
CommanderAbility(-22.148, 2.681, -6.719, 420683)
CommanderAbility(-1.133, 2.640, 1.828, 420683)
CommanderAbility(7.985, 2.610, 13.952, 420683)
SupportCaravanAbility(7.985, 2.610, 13.952, 420683)
SupportCaravanAbility(14.198, 2.640, 13.923, 418684)
SupportCaravanAbility(14.198, 2.640, 13.923, 416683)
CommanderAbility(14.198, 2.640, 13.923, 416683)
place(-29.937, 0.986, -19.809, "Minigunner", 416683)
upgrade(-29.937, 2.336, -19.809, 426629)
upgrade(-29.937, 2.336, -19.809, 426933)
upgrade(-29.937, 2.336, -19.809, 425440)
upgrade(-29.937, 2.336, -19.809, 418471)
upgrade(-29.937, 2.336, -19.809, 403863)
CommanderAbility(-22.148, 2.681, -6.719, 415433)
CommanderAbility(-1.133, 2.640, 1.828, 415433)
CommanderAbility(7.985, 2.610, 13.952, 415433)