-- NOTE: may be inconsistent because of frost stun, just keep trying!
place(12.261, 0.973, 24.187, "Cowboy", 600)
upgrade(12.261, 2.323, 24.187, 150)
place(14.839, 0.977, 24.076, "Cowboy", 594)
upgrade(14.839, 2.327, 24.076, 156)
place(12.237, 0.975, 26.769, "Cowboy", 715)
upgrade(12.237, 2.325, 26.769, 285)
place(14.878, 0.979, 26.721, "Cowboy", 1116)
upgrade(14.878, 2.329, 26.721, 706)
place(12.064, 0.977, 29.319, "Cowboy", 576)
upgrade(12.064, 2.327, 29.319, 198)
place(14.630, 0.981, 29.326, "Cowboy", 1036)
upgrade(14.630, 2.331, 29.326, 586)
upgrade(14.630, 2.331, 29.326, 856)
upgrade(12.064, 2.327, 29.319, 1081)
upgrade(14.878, 2.329, 26.721, 973)
upgrade(12.237, 2.325, 26.769, 1387)
upgrade(14.839, 2.327, 24.076, 892)
upgrade(12.261, 2.323, 24.187, 1113)
place(10.575, 0.968, 19.955, "DJ Booth", 2055)
upgrade(10.575, 2.333, 19.955, 1241)
SetDjTrack(10.575, 2.333, 19.955, "Green", 941)
upgrade(10.575, 2.333, 19.955, 1361)
upgrade(10.575, 2.333, 19.955, 3095)
DropTheBeat(10.575, 2.333, 19.955, 395)
upgrade(14.630, 2.331, 29.326, 2872)
upgrade(12.064, 2.327, 29.319, 2765)
upgrade(14.878, 2.329, 26.721, 2827)
DropTheBeat(10.575, 2.333, 19.955, 2077)
upgrade(12.237, 2.325, 26.769, 2727)
upgrade(14.839, 2.327, 24.076, 2730)
upgrade(12.261, 2.323, 24.187, 2815)
upgrade(12.261, 2.323, 24.187, 5042)
upgrade(14.839, 2.327, 24.076, 5477)
upgrade(12.237, 2.325, 26.769, 5177)
DropTheBeat(10.575, 2.333, 19.955, 3118)
upgrade(14.878, 2.329, 26.721, 5594)
upgrade(12.064, 2.327, 29.319, 5561)
upgrade(14.630, 2.331, 29.326, 5636)
DropTheBeat(10.575, 2.333, 19.955, 2959)
upgrade(10.575, 2.333, 19.955, 8319)
DropTheBeat(10.575, 2.333, 19.955, 4848)
DropTheBeat(10.575, 2.333, 19.955, 16732)
upgrade(10.575, 2.333, 19.955, 20813)
place(16.099, 0.974, 18.708, "Crook Boss", 2813)
upgrade(16.099, 2.324, 18.708, 2191)
upgrade(16.099, 2.324, 18.708, 3136)
place(16.113, 0.944, 15.317, "Crook Boss", 3046)
upgrade(16.113, 2.294, 15.317, 1896)
upgrade(16.113, 2.294, 15.317, 5013)
DropTheBeat(10.575, 2.333, 19.955, 2123)
place(19.226, 0.979, 18.850, "Crook Boss", 3946)
upgrade(19.226, 2.329, 18.850, 2884)
upgrade(19.226, 2.329, 18.850, 3064)
place(19.285, 0.959, 15.305, "Crook Boss", 2939)
upgrade(19.285, 2.309, 15.305, 2074)
upgrade(19.285, 2.309, 15.305, 3462)
place(22.162, 0.981, 17.158, "Crook Boss", 2272)
upgrade(22.162, 2.331, 17.158, 1248)
DropTheBeat(10.575, 2.333, 19.955, 1795)
upgrade(22.162, 2.331, 17.158, 3520)
place(10.958, 4.009, 8.911, "Ranger", 5780)
place(13.686, 4.256, 7.658, "Ranger", 4932)
place(8.036, 4.272, 7.653, "Ranger", 5982)
DropTheBeat(10.575, 2.333, 19.955, 6582)
place(13.677, 4.364, 4.619, "Ranger", 9732)
place(10.871, 4.486, 5.767, "Ranger", 5532)
place(9.517, 4.221, 2.889, "Ranger", 6782)
place(7.030, 4.624, 4.643, "Ranger", 6242)
place(4.629, 4.672, 6.587, "Ranger", 7292)
place(3.865, 4.795, 3.486, "Ranger", 4542)
upgrade(10.941, 6.008, 9.045, 7092)
DropTheBeat(10.575, 2.333, 19.955, 8333)
upgrade(13.658, 6.254, 7.790, 10508)
upgrade(8.099, 6.271, 7.773, 9233)
upgrade(10.920, 6.484, 5.894, 7958)
upgrade(13.756, 6.363, 4.729, 7833)
upgrade(4.740, 6.671, 6.664, 7130)
upgrade(7.135, 6.623, 4.728, 6433)
upgrade(9.612, 6.220, 2.986, 5436)
upgrade(11.008, 6.008, 9.037, 6513)
upgrade(13.671, 6.254, 7.792, 4738)
upgrade(8.102, 6.271, 7.771, 5347)
upgrade(10.852, 6.484, 5.901, 5238)
DropTheBeat(10.575, 2.333, 19.955, 1163)
upgrade(13.617, 6.363, 4.740, 9238)
upgrade(4.592, 6.671, 6.717, 7189)
upgrade(7.042, 6.623, 4.778, 8014)
upgrade(9.565, 6.220, 3.016, 7504)
DropTheBeat(10.575, 2.333, 19.955, 5364)
SetDjTrack(10.575, 2.333, 19.955, "Red", 12585)
upgrade(16.099, 2.324, 18.708, 13803)
upgrade(19.226, 2.329, 18.850, 13161)
SetDjTrack(10.575, 2.333, 19.955, "Green", 9377)
DropTheBeat(10.575, 2.333, 19.955, 9377)
upgrade(22.162, 2.331, 17.158, 11702)
upgrade(16.113, 2.294, 15.317, 11927)
upgrade(19.285, 2.309, 15.305, 12102)
DropTheBeat(10.575, 2.333, 19.955, 2896)
upgrade(11.054, 6.008, 9.007, 17401)
upgrade(13.772, 6.254, 7.762, 15813)
upgrade(8.149, 6.271, 7.728, 13584)
DropTheBeat(10.575, 2.333, 19.955, 1847)
upgrade(10.784, 6.484, 5.870, 14372)
upgrade(13.744, 6.363, 4.737, 16550)
DropTheBeat(10.575, 2.333, 19.955, 6066)
upgrade(4.617, 6.671, 6.721, 13541)
upgrade(7.151, 6.623, 4.704, 18904)
upgrade(9.652, 6.220, 2.898, 14093)
SetDjTrack(10.575, 2.333, 19.955, "Red", 706)
DropTheBeat(10.575, 2.333, 19.955, 23355)
upgrade(19.226, 2.329, 18.850, 47290)
SetDjTrack(10.575, 2.333, 19.955, "Green", 26103)
DropTheBeat(10.575, 2.333, 19.955, 26909)
upgrade(16.099, 2.324, 18.708, 40631)
upgrade(16.113, 2.294, 15.317, 41848)
SetDjTrack(10.575, 2.333, 19.955, "Red", 6258)
DropTheBeat(10.575, 2.333, 19.955, 6408)
upgrade(19.285, 2.309, 15.305, 46373)
SetDjTrack(10.575, 2.333, 19.955, "Green", 18628)
DropTheBeat(10.575, 2.333, 19.955, 18782)
upgrade(22.162, 2.331, 17.158, 44207)
upgrade(11.002, 6.008, 9.039, 24032)
upgrade(13.683, 6.254, 7.793, 25949)
DropTheBeat(10.575, 2.333, 19.955, 20799)
upgrade(8.089, 6.271, 7.777, 28022)
upgrade(10.832, 6.484, 5.638, 30292)
SetDjTrack(10.575, 2.333, 19.955, "Red", 9874)
upgrade(13.555, 6.363, 4.678, 25774)
DropTheBeat(10.575, 2.333, 19.955, 15330)
upgrade(4.694, 6.671, 6.706, 24366)
upgrade(7.023, 6.623, 4.778, 25666)
DropTheBeat(10.575, 2.333, 19.955, 6916)
upgrade(9.555, 6.220, 3.019, 29016)
place(-0.050, 0.929, 12.683, "Turret", 13666)
upgrade(-0.050, 1.559, 12.683, 5416)
upgrade(-0.050, 1.559, 12.683, 11023)
DropTheBeat(10.575, 2.333, 19.955, 4387)
upgrade(-0.050, 1.559, 12.683, 32604)
place(1.824, 0.911, 9.002, "Turret", 13604)
upgrade(1.824, 1.541, 9.002, 5354)
upgrade(1.824, 1.541, 9.002, 26380)
upgrade(1.824, 1.541, 9.002, 20488)
place(4.130, 0.922, 12.692, "Turret", 11938)
DropTheBeat(10.575, 2.333, 19.955, 10287)
upgrade(4.130, 1.552, 12.692, 11788)
upgrade(4.130, 1.552, 12.692, 8701)
upgrade(4.130, 1.552, 12.692, 25918)
upgrade(1.824, 1.541, 9.002, 36466)
upgrade(-0.050, 1.559, 12.683, 33566)
DropTheBeat(10.575, 2.333, 19.955, 5465)
upgrade(4.130, 1.552, 12.692, 47412)
DropTheBeat(10.575, 2.333, 19.955, 49418)
upgrade(-0.050, 1.559, 12.683, 93268)
upgrade(4.130, 1.552, 12.692, 86615)
DropTheBeat(10.575, 2.333, 19.955, 52173)
upgrade(1.824, 1.541, 9.002, 73823)
DropTheBeat(10.575, 2.333, 19.955, 90893)
DropTheBeat(10.575, 2.333, 19.955, 188336)
DropTheBeat(10.575, 2.333, 19.955, 188636)
DropTheBeat(10.575, 2.333, 19.955, 200172)
DropTheBeat(10.575, 2.333, 19.955, 294653)
DropTheBeat(10.575, 2.333, 19.955, 360101)
DropTheBeat(10.575, 2.333, 19.955, 439251)
DropTheBeat(10.575, 2.333, 19.955, 439751)
DropTheBeat(10.575, 2.333, 19.955, 441251)
DropTheBeat(10.575, 2.333, 19.955, 441251)
DropTheBeat(10.575, 2.333, 19.955, 445751)
DropTheBeat(10.575, 2.333, 19.955, 501100)
DropTheBeat(10.575, 2.333, 19.955, 563801)
DropTheBeat(10.575, 2.333, 19.955, 563801)
sell(19.226, 2.329, 18.850)
sell(16.099, 2.324, 18.708)
sell(22.162, 2.331, 17.158)
sell(19.285, 2.309, 15.305)
sell(16.113, 2.294, 15.317)
place(-12.989, 0.968, -0.345, "Crook Boss", 855044)
place(-16.231, 0.973, -0.206, "Crook Boss", 853444)
place(-19.459, 1.005, -0.167, "Crook Boss", 851844)
place(-14.814, 0.960, 2.711, "Crook Boss", 850244)
place(-18.299, 0.993, 3.070, "Crook Boss", 861144)
upgrade(-18.299, 2.343, 3.070, 859544)
upgrade(-18.299, 2.343, 3.070, 858479)
upgrade(-18.299, 2.343, 3.070, 855051)
upgrade(-18.299, 2.343, 3.070, 842535)
upgrade(-19.459, 2.355, -0.167, 793994)
upgrade(-19.459, 2.355, -0.167, 792854)
upgrade(-19.459, 2.355, -0.167, 789638)
upgrade(-19.459, 2.355, -0.167, 776208)
upgrade(-16.231, 2.323, -0.206, 740944)
upgrade(-16.231, 2.323, -0.206, 739802)
upgrade(-16.231, 2.323, -0.206, 736532)
upgrade(-16.231, 2.323, -0.206, 723296)
upgrade(-14.814, 2.310, 2.711, 675394)
upgrade(-14.814, 2.310, 2.711, 674267)
upgrade(-14.814, 2.310, 2.711, 670891)
upgrade(-14.814, 2.310, 2.711, 657600)
upgrade(-12.989, 2.318, -0.345, 609844)
upgrade(-12.989, 2.318, -0.345, 608710)
upgrade(-12.989, 2.318, -0.345, 605328)
upgrade(-12.989, 2.318, -0.345, 592030)
DropTheBeat(10.575, 2.333, 19.955, 544294)
sell(4.130, 1.552, 12.692)
place(-19.671, 0.985, -16.785, "Turret", 741614)
upgrade(-19.671, 1.615, -16.785, 733364)
upgrade(-19.671, 1.615, -16.785, 730199)
upgrade(-19.671, 1.615, -16.785, 722863)
upgrade(-19.671, 1.615, -16.785, 703698)
upgrade(-19.671, 1.615, -16.785, 668374)
sell(-0.050, 1.559, 12.683)
place(-19.501, 0.982, -11.564, "Turret", 727434)
upgrade(-19.501, 1.612, -11.564, 719184)
upgrade(-19.501, 1.612, -11.564, 716011)
upgrade(-19.501, 1.612, -11.564, 708697)
upgrade(-19.501, 1.612, -11.564, 688716)
upgrade(-19.501, 1.612, -11.564, 659205)
sell(1.824, 1.541, 9.002)
place(-19.783, 0.981, -7.301, "Turret", 650754)
upgrade(-19.783, 1.611, -7.301, 642504)
upgrade(-19.783, 1.611, -7.301, 639372)
upgrade(-19.783, 1.611, -7.301, 631968)
upgrade(-19.783, 1.611, -7.301, 612823)
upgrade(-19.783, 1.611, -7.301, 577224)
DropTheBeat(10.575, 2.333, 19.955, 526754)