-- NOTE: barely working
place(28.185, 1.687, 1.686, "Brawler", 600)
place(26.173, 1.687, 1.631, "Brawler", 300)
upgrade(28.185, 3.037, 1.686, 373)
upgrade(26.173, 3.037, 1.631, 320)
place(24.149, 1.687, 1.526, "Brawler", 537)
upgrade(24.149, 3.037, 1.526, 483)
place(22.047, 1.687, 1.540, "Brawler", 333)
upgrade(22.047, 3.037, 1.540, 165)
place(19.923, 1.687, 1.686, "Brawler", 514)
upgrade(19.923, 3.037, 1.686, 356)
place(19.744, 1.687, -0.491, "Brawler", 359)
upgrade(19.744, 3.037, -0.491, 661)
upgrade(19.744, 3.037, -0.491, 511)
place(28.780, 1.687, 7.541, "Brawler", 676)
upgrade(28.780, 3.037, 7.541, 292)
upgrade(28.780, 3.037, 7.541, 226)
place(26.770, 1.687, 7.556, "Brawler", 374)
upgrade(26.770, 3.037, 7.556, 222)
place(24.597, 1.687, 7.473, "Brawler", 893)
upgrade(24.597, 3.037, 7.473, 593)
upgrade(24.597, 3.037, 7.473, 443)
place(22.158, 1.687, 7.257, "Brawler", 543)
upgrade(22.158, 3.037, 7.257, 363)
upgrade(28.780, 3.037, 7.541, 1164)
place(28.229, 1.687, 1.744, "Brawler", 600)
place(25.959, 1.687, 1.638, "Brawler", 300)
upgrade(28.229, 3.037, 1.744, 373)
upgrade(25.959, 3.037, 1.638, 344)
place(23.754, 1.687, 1.521, "Brawler", 206)
place(23.715, 1.687, 1.964, "Brawler", 266)
upgrade(23.715, 3.037, 1.964, 483)
place(21.606, 1.687, 1.571, "Brawler", 360)
upgrade(21.606, 3.037, 1.571, 168)
place(19.579, 1.687, 1.558, "Brawler", 517)
upgrade(19.579, 3.037, 1.558, 359)
place(19.427, 1.687, -0.523, "Brawler", 309)
upgrade(19.427, 3.037, -0.523, 658)
place(28.523, 1.687, 7.371, "Brawler", 673)
upgrade(28.523, 3.037, 7.371, 247)
place(26.445, 1.687, 7.082, "Brawler", 371)
upgrade(26.445, 3.037, 7.082, 219)
place(24.362, 1.687, 7.166, "Brawler", 862)
upgrade(24.362, 3.037, 7.166, 590)
place(22.199, 1.687, 7.115, "Brawler", 440)
upgrade(22.199, 3.037, 7.115, 138)
upgrade(28.523, 3.037, 7.371, 1194)