place(12.252, 0.973, 24.100, "Cowboy", 600)
upgrade(12.252, 2.323, 24.100, 150)
place(14.753, 0.977, 24.075, "Cowboy", 530)
upgrade(14.753, 2.327, 24.075, 156)
place(12.232, 0.975, 26.601, "Cowboy", 683)
upgrade(12.232, 2.325, 26.601, 233)
place(14.794, 0.979, 26.597, "Cowboy", 894)
upgrade(14.794, 2.329, 26.597, 586)
place(12.216, 0.977, 29.128, "Cowboy", 736)
upgrade(12.216, 2.327, 29.128, 1146)
place(14.733, 0.981, 29.111, "Cowboy", 996)
upgrade(14.733, 2.331, 29.111, 546)
upgrade(14.733, 2.331, 29.111, 856)
upgrade(12.216, 2.327, 29.128, 1063)
upgrade(14.794, 2.329, 26.597, 853)
upgrade(12.232, 2.325, 26.601, 1381)
upgrade(14.753, 2.327, 24.075, 983)
upgrade(12.252, 2.323, 24.100, 1073)
place(10.638, 0.968, 20.023, "DJ Booth", 1814)
upgrade(10.638, 2.333, 20.023, 1201)
SetDjTrack(10.638, 2.333, 20.023, "Green", 901)
upgrade(10.638, 2.333, 20.023, 1321)
upgrade(10.638, 2.333, 20.023, 3055)
DropTheBeat(10.638, 2.333, 20.023, 395)
upgrade(14.733, 2.331, 29.111, 2872)
DropTheBeat(10.638, 2.333, 20.023, 1597)
upgrade(12.216, 2.327, 29.128, 3300)
upgrade(14.794, 2.329, 26.597, 3247)
DropTheBeat(10.638, 2.333, 20.023, 1850)
upgrade(12.232, 2.325, 26.601, 2807)
upgrade(14.753, 2.327, 24.075, 2850)
DropTheBeat(10.638, 2.333, 20.023, 2220)
upgrade(12.252, 2.323, 24.100, 3055)
upgrade(14.733, 2.331, 29.111, 5507)
DropTheBeat(10.638, 2.333, 20.023, 1832)
upgrade(12.216, 2.327, 29.128, 5527)
DropTheBeat(10.638, 2.333, 20.023, 4968)
upgrade(14.794, 2.329, 26.597, 6012)
upgrade(12.232, 2.325, 26.601, 5028)
DropTheBeat(10.638, 2.333, 20.023, 4461)
upgrade(14.753, 2.327, 24.075, 5746)
upgrade(12.252, 2.323, 24.100, 5666)
DropTheBeat(10.638, 2.333, 20.023, 5895)
upgrade(10.638, 2.333, 20.023, 9552)
DropTheBeat(10.638, 2.333, 20.023, 7261)
DropTheBeat(10.638, 2.333, 20.023, 19198)
upgrade(10.638, 2.333, 20.023, 20148)
place(16.013, 0.974, 18.650, "Crook Boss", 2798)
place(19.027, 0.978, 18.828, "Crook Boss", 5348)
upgrade(16.013, 2.324, 18.650, 4648)
upgrade(16.013, 2.324, 18.650, 5391)
upgrade(19.027, 2.328, 18.828, 3131)
upgrade(19.027, 2.328, 18.828, 6848)
place(21.875, 0.981, 17.805, "Crook Boss", 4508)
upgrade(21.875, 2.331, 17.805, 3725)
upgrade(21.875, 2.331, 17.805, 3228)
DropTheBeat(10.638, 2.333, 20.023, 791)
place(16.184, 0.943, 15.569, "Crook Boss", 5348)
upgrade(16.184, 2.293, 15.569, 4399)
upgrade(16.184, 2.293, 15.569, 3822)
SetDjTrack(10.638, 2.333, 20.023, "Red", 2481)
place(19.308, 0.958, 15.657, "Crook Boss", 4182)
upgrade(19.308, 2.308, 15.657, 2732)
upgrade(19.308, 2.308, 15.657, 3440)
place(1.725, 4.922, 2.754, "Ranger", 6981)
upgrade(1.834, 6.921, 2.835, 3012)
place(2.855, 4.917, 5.604, "Ranger", 7070)
upgrade(2.905, 6.916, 5.730, 3311)
DropTheBeat(10.638, 2.333, 20.023, 3237)
place(4.593, 4.463, 1.885, "Ranger", 5937)
upgrade(4.566, 6.462, 2.018, 2637)
place(5.594, 4.525, 6.936, "Ranger", 8537)
upgrade(5.593, 6.523, 6.801, 4037)
SetDjTrack(10.638, 2.333, 20.023, "Green", 5022)
place(8.455, 4.184, 7.936, "Ranger", 7718)
upgrade(8.483, 6.183, 8.069, 3772)
DropTheBeat(10.638, 2.333, 20.023, 5447)
place(11.347, 4.024, 8.883, "Ranger", 9442)
upgrade(11.391, 6.022, 9.011, 5447)
place(13.963, 4.330, 7.418, "Ranger", 9208)
upgrade(13.962, 6.329, 7.282, 5288)
place(11.060, 4.480, 5.838, "Ranger", 6313)
upgrade(11.120, 6.479, 5.959, 3609)
upgrade(11.375, 6.022, 9.016, 6468)
upgrade(8.509, 6.183, 8.061, 7593)
DropTheBeat(10.638, 2.333, 20.023, 4118)
upgrade(13.946, 6.329, 7.552, 7843)
upgrade(11.020, 6.479, 5.967, 4818)
upgrade(5.557, 6.523, 7.066, 5893)
upgrade(2.951, 6.916, 5.700, 8144)
DropTheBeat(10.638, 2.333, 20.023, 4069)
upgrade(1.732, 6.921, 2.890, 10094)
upgrade(4.607, 6.462, 2.020, 7751)
SetDjTrack(10.638, 2.333, 20.023, "Red", 6765)
upgrade(16.013, 2.324, 18.650, 14191)
DropTheBeat(10.638, 2.333, 20.023, 6566)
upgrade(19.027, 2.328, 18.828, 15316)
SetDjTrack(10.638, 2.333, 20.023, "Green", 16494)
DropTheBeat(10.638, 2.333, 20.023, 16532)
upgrade(21.875, 2.331, 17.805, 18032)
SetDjTrack(10.638, 2.333, 20.023, "Red", 6557)
DropTheBeat(10.638, 2.333, 20.023, 11856)
SetDjTrack(10.638, 2.333, 20.023, "Red", 14632)
upgrade(19.308, 2.308, 15.657, 19932)
SetDjTrack(10.638, 2.333, 20.023, "Green", 11656)
upgrade(16.184, 2.293, 15.569, 13905)
upgrade(11.441, 6.022, 8.981, 17030)
DropTheBeat(10.638, 2.333, 20.023, 4118)
SetDjTrack(10.638, 2.333, 20.023, "Green", 11226)
upgrade(14.045, 6.329, 7.525, 15525)
upgrade(8.407, 6.183, 8.063, 15939)
DropTheBeat(10.638, 2.333, 20.023, 3452)
upgrade(11.159, 6.479, 5.931, 13545)
SetDjTrack(10.638, 2.333, 20.023, "Red", 14208)
upgrade(5.599, 6.523, 7.071, 16608)
DropTheBeat(10.638, 2.333, 20.023, 1699)
SetDjTrack(10.638, 2.333, 20.023, "Green", 24946)
upgrade(2.985, 6.916, 5.641, 27462)
upgrade(1.851, 6.921, 2.803, 15134)
SetDjTrack(10.638, 2.333, 20.023, "Red", 3117)
SetDjTrack(10.638, 2.333, 20.023, "Red", 3497)
SetDjTrack(10.638, 2.333, 20.023, "Red", 3497)
SetDjTrack(10.638, 2.333, 20.023, "Red", 3497)
SetDjTrack(10.638, 2.333, 20.023, "Red", 5547)
SetDjTrack(10.638, 2.333, 20.023, "Red", 5547)
SetDjTrack(10.638, 2.333, 20.023, "Red", 11647)
SetDjTrack(10.638, 2.333, 20.023, "Red", 11947)
SetDjTrack(10.638, 2.333, 20.023, "Red", 15847)
upgrade(4.653, 6.462, 2.007, 23939)
DropTheBeat(10.638, 2.333, 20.023, 9285)
upgrade(21.875, 2.331, 17.805, 49470)
SetDjTrack(10.638, 2.333, 20.023, "Green", 12633)
DropTheBeat(10.638, 2.333, 20.023, 13439)
upgrade(16.013, 2.324, 18.650, 40509)
DropTheBeat(10.638, 2.333, 20.023, 20059)
SetDjTrack(10.638, 2.333, 20.023, "Red", 36088)
upgrade(19.027, 2.328, 18.828, 48940)
SetDjTrack(10.638, 2.333, 20.023, "Green", 48912)
DropTheBeat(10.638, 2.333, 20.023, 49209)
upgrade(19.308, 2.308, 15.657, 58337)
upgrade(16.184, 2.293, 15.569, 43461)
upgrade(11.433, 6.022, 8.987, 27124)
DropTheBeat(10.638, 2.333, 20.023, 7005)
upgrade(8.427, 6.183, 8.069, 23175)
upgrade(14.013, 6.329, 7.543, 25971)
DropTheBeat(10.638, 2.333, 20.023, 14079)
upgrade(11.014, 6.479, 5.711, 21554)
SetDjTrack(10.638, 2.333, 20.023, "Red", 15904)
upgrade(5.705, 6.523, 7.014, 25096)
DropTheBeat(10.638, 2.333, 20.023, 15546)
upgrade(2.882, 6.916, 5.737, 26596)
upgrade(1.766, 6.921, 2.883, 24196)
DropTheBeat(10.638, 2.333, 20.023, 20196)
upgrade(4.679, 6.462, 1.990, 28596)
place(11.759, 0.935, 11.975, "Turret", 14746)
upgrade(11.759, 1.565, 11.975, 13996)
upgrade(11.759, 1.565, 11.975, 10974)
upgrade(11.759, 1.565, 11.975, 23784)
DropTheBeat(10.638, 2.333, 20.023, 4784)
place(6.264, 0.909, 11.931, "Turret", 30130)
upgrade(6.264, 1.539, 11.931, 26880)
upgrade(6.264, 1.539, 11.931, 23889)
upgrade(6.264, 1.539, 11.931, 19168)
place(1.377, 0.929, 11.848, "Turret", 22118)
upgrade(1.377, 1.559, 11.848, 13868)
upgrade(1.377, 1.559, 11.848, 11517)
DropTheBeat(10.638, 2.333, 20.023, 17646)
upgrade(1.377, 1.559, 11.848, 36044)
upgrade(11.759, 1.565, 11.975, 35657)
upgrade(6.264, 1.539, 11.931, 34279)
upgrade(1.377, 1.559, 11.848, 40041)
DropTheBeat(10.638, 2.333, 20.023, 15398)
upgrade(11.759, 1.565, 11.975, 84145)
upgrade(6.264, 1.539, 11.931, 77502)
DropTheBeat(10.638, 2.333, 20.023, 70753)
upgrade(1.377, 1.559, 11.848, 76196)
DropTheBeat(10.638, 2.333, 20.023, 102466)
DropTheBeat(10.638, 2.333, 20.023, 179066)
DropTheBeat(10.638, 2.333, 20.023, 179066)
DropTheBeat(10.638, 2.333, 20.023, 179213)
DropTheBeat(10.638, 2.333, 20.023, 188003)
DropTheBeat(10.638, 2.333, 20.023, 190559)
DropTheBeat(10.638, 2.333, 20.023, 193816)
DropTheBeat(10.638, 2.333, 20.023, 195450)
DropTheBeat(10.638, 2.333, 20.023, 200888)
DropTheBeat(10.638, 2.333, 20.023, 318133)
DropTheBeat(10.638, 2.333, 20.023, 336431)
DropTheBeat(10.638, 2.333, 20.023, 411681)
DropTheBeat(10.638, 2.333, 20.023, 467081)
DropTheBeat(10.638, 2.333, 20.023, 475444)
DropTheBeat(10.638, 2.333, 20.023, 475481)
DropTheBeat(10.638, 2.333, 20.023, 475481)
DropTheBeat(10.638, 2.333, 20.023, 475481)
DropTheBeat(10.638, 2.333, 20.023, 552281)
DropTheBeat(10.638, 2.333, 20.023, 656281)
sell(21.875, 2.331, 17.805)
sell(19.027, 2.328, 18.828)
sell(19.308, 2.308, 15.657)
sell(16.013, 2.324, 18.650)
place(-17.283, 0.985, -16.820, "Crook Boss", 799871)
place(-17.144, 0.983, -13.755, "Crook Boss", 798271)
place(-17.054, 0.982, -10.447, "Crook Boss", 796671)
place(-17.179, 0.981, -7.150, "Crook Boss", 807548)
upgrade(-17.179, 2.331, -7.150, 805971)
upgrade(-17.179, 2.331, -7.150, 804832)
upgrade(-17.179, 2.331, -7.150, 801516)
upgrade(-17.179, 2.331, -7.150, 788162)
upgrade(-17.054, 2.332, -10.447, 740421)
upgrade(-17.054, 2.332, -10.447, 739282)
upgrade(-17.054, 2.332, -10.447, 735887)
upgrade(-17.054, 2.332, -10.447, 722549)
upgrade(-17.144, 2.333, -13.755, 674871)
upgrade(-17.144, 2.333, -13.755, 673730)
upgrade(-17.144, 2.333, -13.755, 681961)
upgrade(-17.144, 2.333, -13.755, 669475)
upgrade(-17.283, 2.335, -16.820, 621821)
upgrade(-17.283, 2.335, -16.820, 620691)
upgrade(-17.283, 2.335, -16.820, 617303)
upgrade(-17.283, 2.335, -16.820, 603845)
sell(16.184, 2.293, 15.569)
place(-20.390, 0.981, -6.841, "Crook Boss", 588326)
upgrade(-20.390, 2.331, -6.841, 599226)
upgrade(-20.390, 2.331, -6.841, 598086)
upgrade(-20.390, 2.331, -6.841, 594714)
upgrade(-20.390, 2.331, -6.841, 581702)
DropTheBeat(10.638, 2.333, 20.023, 533676)
DropTheBeat(10.638, 2.333, 20.023, 558676)
sell(11.759, 1.565, 11.975)
place(-10.797, 0.981, -8.101, "Turret", 630996)
upgrade(-10.797, 1.611, -8.101, 622746)
upgrade(-10.797, 1.611, -8.101, 619582)
upgrade(-10.797, 1.611, -8.101, 612372)
upgrade(-10.797, 1.611, -8.101, 592638)
upgrade(-10.797, 1.611, -8.101, 558081)
sell(6.264, 1.539, 11.931)
place(-10.648, 0.983, -13.305, "Turret", 554316)
upgrade(-10.648, 1.613, -13.305, 546066)
upgrade(-10.648, 1.613, -13.305, 543015)
upgrade(-10.648, 1.613, -13.305, 535451)
upgrade(-10.648, 1.613, -13.305, 516302)
upgrade(-10.648, 1.613, -13.305, 480778)
DropTheBeat(10.638, 2.333, 20.023, 442816)
DropTheBeat(10.638, 2.333, 20.023, 467816)
sell(1.377, 1.559, 11.848)
place(-11.045, 0.986, -19.989, "Turret", 527636)
upgrade(-11.045, 1.616, -19.989, 531823)
upgrade(-11.045, 1.616, -19.989, 528705)
upgrade(-11.045, 1.616, -19.989, 521259)
upgrade(-11.045, 1.616, -19.989, 503547)
upgrade(-11.045, 1.616, -19.989, 467670)
DropTheBeat(10.638, 2.333, 20.023, 478636)
sell(-10.797, 1.611, -8.101)
place(-26.241, 0.988, -24.730, "Turret", 540799)
upgrade(-26.241, 1.618, -24.730, 532552)
upgrade(-26.241, 1.618, -24.730, 529444)
upgrade(-26.241, 1.618, -24.730, 522241)
upgrade(-26.241, 1.618, -24.730, 502308)
upgrade(-26.241, 1.618, -24.730, 467968)
sell(-10.648, 1.613, -13.305)
place(-21.927, 0.988, -24.887, "Turret", 441468)
upgrade(-21.927, 1.618, -24.887, 433218)
upgrade(-21.927, 1.618, -24.887, 442064)
upgrade(-21.927, 1.618, -24.887, 435119)
upgrade(-21.927, 1.618, -24.887, 417434)
upgrade(-21.927, 1.618, -24.887, 380250)
sell(-11.045, 1.616, -19.989)
place(-17.702, 0.988, -24.542, "Turret", 354634)
upgrade(-17.702, 1.618, -24.542, 346384)
upgrade(-17.702, 1.618, -24.542, 343255)
upgrade(-17.702, 1.618, -24.542, 335832)
upgrade(-17.702, 1.618, -24.542, 316479)
upgrade(-17.702, 1.618, -24.542, 284420)
DropTheBeat(10.638, 2.333, 20.023, 205634)