-- ZEPHYR_META: {"authorId":"1253385530016665673","authorTag":"naimc45","category":"community","official":false,"createdAt":"2026-07-25T23:59:15.165Z","updatedAt":"2026-07-25T23:59:15.165Z"}
-- NOTE: u can have auto skip on
place(-18.1, 1.0, -6.2, "Soldier", -2500, 16.30)
upgrade(-18.1, -6.2, 1, -2600, 19.74)
place(-18.1, 1.0, -9.6, "Soldier", -2600, 30.64)
upgrade(-18.1, -9.6, 1, -2700, 32.18)
upgrade(-18.1, -3.1, 1, -3400, 46.43)
upgrade(-18.1, -6.2, 1, -4100, 62.28)
upgrade(-18.1, -9.6, 1, -4800, 73.68)
place(-11.8, 1.0, -2.9, "Shotgunner", -4800, 95.51)
upgrade(-11.8, -2.9, 1, -5440, 97.16)
upgrade(-11.8, -2.9, 1, -6990, 115.20)
place(-9.2, 1.0, -2.8, "Shotgunner", -6990, 134.21)
upgrade(-9.2, -2.8, 1, -7630, 136.42)
upgrade(-9.2, -2.8, 1, -9180, 152.98)
place(-12.0, 1.0, -0.1, "Shotgunner", -9180, 161.60)
upgrade(-12.0, -0.1, 1, -9820, 169.05)
upgrade(-12.0, -0.1, 1, -11370, 175.67)
place(-9.8, 1.0, -0.5, "Shotgunner", -11370, 187.19)
upgrade(-9.8, -0.5, 1, -12010, 194.18)
upgrade(-9.8, -0.5, 1, -13560, 198.74)
place(-12.0, 1.0, 2.2, "Shotgunner", -13560, 211.18)
upgrade(-12.0, 2.2, 1, -14200, 212.63)
upgrade(-12.0, 2.2, 1, -15750, 213.51)
place(-9.8, 1.0, 2.2, "Shotgunner", -15750, 222.53)
upgrade(-9.8, 2.2, 1, -16390, 224.43)
upgrade(-9.8, 2.2, 1, -17940, 230.40)
place(-12.3, 1.0, 4.5, "Shotgunner", -17940, 236.86)
upgrade(-12.3, 4.5, 1, -18580, 239.54)
upgrade(-12.3, 4.5, 1, -20130, 248.65)
place(-10.0, 1.0, 4.3, "Shotgunner", -20130, 260.46)
upgrade(-10.0, 4.3, 1, -20770, 261.92)
upgrade(-10.0, 4.3, 1, -22320, 262.41)
place(-14.6, 1.0, 4.1, "Shotgunner", -22320, 269.78)
upgrade(-14.6, 4.1, 1, -22960, 271.46)
upgrade(-14.6, 4.1, 1, -24510, 277.34)
upgrade(-11.8, -2.9, 1, -30510, 288.97)
upgrade(-9.2, -2.8, 1, -36510, 317.33)
upgrade(-12.0, -0.1, 1, -42510, 330.04)
upgrade(-9.8, -0.5, 1, -48510, 344.87)
upgrade(-12.0, 2.2, 1, -54510, 360.98)
upgrade(-9.8, 2.2, 1, -60510, 375.20)
upgrade(-12.3, 4.5, 1, -66510, 387.08)
upgrade(-10.0, 4.3, 1, -72510, 400.64)
upgrade(-14.6, 4.1, 1, -78510, 432.63)