-- NOTE: skill tree + turn off auto skip + don't be too smart don't use timescale
place(-18.129, 1.000, -2.316, "Scout", 750)
upgrade(-18.129, 2.350, -2.316, 500)
place(-18.168, 1.000, -5.454, "Scout", 350)
upgrade(-18.168, 2.350, -5.454, 636)
place(-18.257, 1.000, -8.484, "Scout", 521)
upgrade(-18.257, 2.350, -8.484, 308)
place(-18.167, 1.000, -11.487, "Scout", 739)
upgrade(-18.167, 2.350, -11.487, 545)
place(-18.214, 1.000, -14.554, "Scout", 722)
upgrade(-18.214, 2.350, -14.554, 914)
place(-20.460, 1.000, -16.602, "Scout", 904)
upgrade(-20.460, 2.350, -16.602, 1500)
place(-15.263, 1.000, -9.045, "Scout", 2344)
upgrade(-15.263, 2.350, -9.045, 2302)
place(-14.947, 1.000, -12.135, "Scout", 2152)
upgrade(-14.947, 2.350, -12.135, 1902)
place(-15.059, 1.000, -15.218, "Scout", 1852)
upgrade(-15.059, 2.350, -15.218, 1602)
place(-10.502, 1.000, -9.123, "Hacker", 1592)
place(-11.917, 1.000, -11.911, "Scout", 832)
upgrade(-11.917, 2.350, -11.911, 625)
place(-11.828, 1.000, -14.939, "Scout", 1277)
upgrade(-11.828, 2.350, -14.939, 1261)
place(-7.268, 1.000, -9.146, "Scout", 1111)
upgrade(-7.268, 2.350, -9.146, 861)
place(-4.050, 1.000, -9.083, "Scout", 731)
upgrade(-4.050, 2.350, -9.083, 501)
place(-4.746, 1.000, -12.175, "Scout", 371)
upgrade(-4.746, 2.350, -12.175, 182)
place(-2.911, 1.000, -14.603, "Scout", 1649)
upgrade(-2.911, 2.350, -14.603, 2004)
place(-1.049, 1.000, -9.275, "Scout", 2248)
upgrade(-1.049, 2.350, -9.275, 2059)
place(-23.760, 1.000, -6.760, "Hacker", 3173)
upgrade(-18.129, 2.350, -2.316, 2274)
upgrade(-18.168, 2.350, -5.454, 2351)
upgrade(-18.257, 2.350, -8.484, 1864)
upgrade(-15.263, 2.350, -9.045, 1715)
upgrade(-18.167, 2.350, -11.487, 2476)
upgrade(-14.947, 2.350, -12.135, 2139)
upgrade(-18.214, 2.350, -14.554, 2103)
upgrade(-20.460, 2.350, -16.602, 1843)
upgrade(-15.059, 2.350, -15.218, 1356)
upgrade(-11.917, 2.350, -11.911, 1206)
upgrade(-11.828, 2.350, -14.939, 1054)
upgrade(-7.268, 2.350, -9.146, 1932)
upgrade(-4.050, 2.350, -9.083, 1332)
upgrade(-4.746, 2.350, -12.175, 1171)
upgrade(-2.911, 2.350, -14.603, 902)
upgrade(-1.049, 2.350, -9.275, 792)
upgrade(-10.502, 2.403, -9.123, 1767)
upgrade(-10.502, 2.403, -9.123, 2109)
upgrade(-23.760, 2.403, -6.760, 772)
upgrade(-23.760, 2.403, -6.760, 647)
place(-12.197, 1.000, -3.089, "DJ Booth", 1337)
upgrade(-12.197, 2.365, -3.089, 487)
SetDjTrack(-12.197, 2.365, -3.089, "Green", 877)
upgrade(-12.197, 2.365, -3.089, 2027)
upgrade(-12.197, 2.365, -3.089, 3981)
DropTheBeat(-12.197, 2.365, -3.089, 2705)
upgrade(-18.129, 2.350, -2.316, 6753)
upgrade(-18.168, 2.350, -5.454, 5628)
DropTheBeat(-12.197, 2.365, -3.089, 5403)
upgrade(-18.257, 2.350, -8.484, 7946)
upgrade(-15.263, 2.350, -9.045, 5921)
upgrade(-18.167, 2.350, -11.487, 3896)
upgrade(-14.947, 2.350, -12.135, 2906)
upgrade(-11.917, 2.350, -11.911, 2259)
DropTheBeat(-12.197, 2.365, -3.089, 2800)
upgrade(-11.828, 2.350, -14.939, 5440)
upgrade(-15.059, 2.350, -15.218, 5925)
upgrade(-20.460, 2.350, -16.602, 6385)
upgrade(-18.214, 2.350, -14.554, 5709)
upgrade(-7.268, 2.350, -9.146, 7096)
upgrade(-4.050, 2.350, -9.083, 5074)
upgrade(-4.746, 2.350, -12.175, 2039)
upgrade(-1.049, 2.350, -9.275, 4079)
upgrade(-2.911, 2.350, -14.603, 1142)
DropTheBeat(-12.197, 2.365, -3.089, 3586)
place(-2.528, 1.000, 2.880, "Mercenary Base", 4715)
upgrade(-2.528, 0.975, 2.880, 3765)
upgrade(-2.528, 0.975, 2.880, 2550)
upgrade(-2.528, 0.975, 2.880, 1320)
upgrade(-2.528, 0.975, 2.880, 11339)
DropTheBeat(-12.197, 2.365, -3.089, 4419)
place(24.300, 1.000, 12.379, "Mercenary Base", 8194)
upgrade(24.300, 0.975, 12.379, 5444)
upgrade(24.300, 0.975, 12.379, 4094)
upgrade(24.300, 0.975, 12.379, 6959)
upgrade(24.300, 0.975, 12.379, 750)
DropTheBeat(-12.197, 2.365, -3.089, 1876)
place(19.514, 1.000, 12.228, "Mercenary Base", 3826)
upgrade(19.514, 0.975, 12.228, 3776)
upgrade(19.514, 0.975, 12.228, 3101)
upgrade(19.514, 0.975, 12.228, 353)
upgrade(19.514, 0.975, 12.228, 351)
upgrade(19.514, 0.975, 12.228, 10116)
DropTheBeat(-12.197, 2.365, -3.089, 1366)
upgrade(-12.197, 2.365, -3.089, 9244)
DropTheBeat(-12.197, 2.365, -3.089, 9463)
upgrade(-12.197, 2.365, -3.089, 25478)
DropTheBeat(-12.197, 2.365, -3.089, 13632)
upgrade(-18.129, 2.350, -2.316, 18738)
upgrade(-18.168, 2.350, -5.454, 27212)
upgrade(-18.257, 2.350, -8.484, 23263)
upgrade(-15.263, 2.350, -9.045, 24630)
upgrade(-18.167, 2.350, -11.487, 22865)
upgrade(-14.947, 2.350, -12.135, 19975)
upgrade(-20.460, 2.350, -16.602, 17085)
upgrade(-18.214, 2.350, -14.554, 14195)
upgrade(-15.059, 2.350, -15.218, 13605)
upgrade(-11.828, 2.350, -14.939, 10715)
upgrade(-11.917, 2.350, -11.911, 7825)
DropTheBeat(-12.197, 2.365, -3.089, 4935)
DropTheBeat(-12.197, 2.365, -3.089, 7088)
upgrade(-7.268, 2.350, -9.146, 12298)
upgrade(-4.746, 2.350, -12.175, 10329)
upgrade(-2.911, 2.350, -14.603, 10565)
upgrade(-1.049, 2.350, -9.275, 7675)
upgrade(-4.050, 2.350, -9.083, 4785)
upgrade(-2.528, 0.975, 2.880, 12171)
SetMercenaryUnit(-2.528, 0.975, 2.880, "Unit 1", "Riot Guard", 11021)
SetMercenaryUnit(-2.528, 0.975, 2.880, "Unit 2", "Riot Guard", 11021)
upgrade(-2.528, 0.975, 2.880, 11021)
DropTheBeat(-12.197, 2.365, -3.089, 13090)
upgrade(-2.528, 0.975, 2.880, 40804)
DropTheBeat(-12.197, 2.365, -3.089, 72494)
AirDrop(-2.528, 0.975, 2.880, 4.429, 1.125, 6.545, 1, 154.055, 74506)
upgrade(19.514, 0.975, 12.228, 76405)
upgrade(19.514, 0.975, 12.228, 66405)
upgrade(19.514, 0.975, 12.228, 53912)
upgrade(19.514, 0.975, 12.228, 10917)
upgrade(24.300, 0.975, 12.379, 12929)
DropTheBeat(-12.197, 2.365, -3.089, 7479)
AirDrop(19.514, 0.975, 12.228, 21.869, 1.125, 15.812, 1, 150.246, 9654)
upgrade(24.300, 0.975, 12.379, 29204)
SetMercenaryUnit(24.300, 0.975, 12.379, "Unit 1", "Field Medic", 23513)
AirDrop(24.300, 0.975, 12.379, 21.869, 1.125, 15.812, 1, 152.080, 26453)
DropTheBeat(-12.197, 2.365, -3.089, 27673)
upgrade(24.300, 0.975, 12.379, 51817)
AirDrop(-2.528, 0.975, 2.880, 24.296, 1.125, 15.776, 1, 154.055, 9830)
AirDrop(19.514, 0.975, 12.228, 26.385, 1.125, 15.702, 1, 152.080, 15843)
place(-12.594, 1.000, 0.969, "Engineer", 25109)
upgrade(-12.440, 3.216, 0.881, 27734)
upgrade(-12.419, 3.216, 0.943, 36199)
DropTheBeat(-12.197, 2.365, -3.089, 37361)
upgrade(-12.433, 3.216, 0.894, 48635)
upgrade(-12.437, 3.216, 0.887, 48882)
upgrade(-12.437, 3.216, 0.887, 42507)
upgrade(-12.437, 3.216, 0.887, 31882)
upgrade(-12.437, 3.216, 0.887, 4360)
place(-9.422, 1.000, 0.541, "Engineer", 9459)
upgrade(-9.422, 3.216, 0.364, 8859)
upgrade(-9.551, 3.216, 0.420, 7715)
upgrade(-9.551, 3.216, 0.420, 7712)
upgrade(-9.551, 3.216, 0.420, 8197)
upgrade(-9.597, 3.216, 0.561, 15815)
upgrade(-9.527, 3.216, 0.683, 30450)
AirDrop(24.300, 0.975, 12.379, 16.121, 1.125, 7.290, 1, 138.835, 6849)
place(-7.520, 1.000, -2.995, "Engineer", 9349)
upgrade(-7.530, 3.216, -3.171, 10952)
DropTheBeat(-12.197, 2.365, -3.089, 13452)
AirDrop(19.514, 0.975, 12.228, 18.458, 1.125, 15.237, 1, 81.388, 13202)
upgrade(-7.668, 3.216, -3.092, 18573)
AirDrop(-2.528, 0.975, 2.880, 9.683, 1.125, 6.508, 1, 128.560, 35003)
upgrade(-7.690, 3.216, -3.045, 50803)
upgrade(-7.695, 3.216, -3.026, 49038)
upgrade(-7.691, 3.216, -2.948, 48413)
upgrade(-7.677, 3.216, -2.912, 37788)
upgrade(-7.683, 3.216, -2.925, 10163)
place(-4.332, 1.000, -3.058, "Engineer", 24779)
upgrade(-4.332, 3.216, -3.235, 24179)
upgrade(-4.332, 3.216, -3.235, 23882)
DropTheBeat(-12.197, 2.365, -3.089, 31082)
DropTheBeat(-12.197, 2.365, -3.089, 31082)
DropTheBeat(-12.197, 2.365, -3.089, 34482)
upgrade(-4.502, 3.216, -3.107, 54807)
AirDrop(24.300, 0.975, 12.379, 6.225, 1.125, 6.520, 1, 121.223, 55292)
upgrade(-4.500, 3.216, -3.002, 75665)
upgrade(-4.509, 3.216, -3.066, 91220)
upgrade(-4.509, 3.216, -3.066, 91220)
SetDjTrack(-12.197, 2.365, -3.089, "Red", 58682)
place(-1.044, 1.000, -3.404, "Engineer", 67432)
upgrade(-1.044, 3.216, -3.581, 66832)
DropTheBeat(-12.197, 2.365, -3.089, 67865)
AirDrop(-2.528, 0.975, 2.880, 6.429, 1.125, 6.517, 1, 128.560, 68895)
upgrade(-0.921, 3.216, -3.277, 80738)
upgrade(-0.876, 3.216, -3.349, 79788)
upgrade(-1.205, 3.216, -3.477, 123315)
upgrade(-0.900, 3.216, -3.506, 130940)
upgrade(-0.896, 3.216, -3.500, 119065)
place(-7.926, 1.000, 3.196, "Engineer", 96815)
upgrade(-7.926, 3.216, 3.019, 95883)
upgrade(-7.832, 3.216, 3.046, 94933)
DropTheBeat(-12.197, 2.365, -3.089, 94933)
upgrade(-7.832, 3.216, 3.046, 114933)
upgrade(-7.768, 3.216, 3.116, 110585)
upgrade(-7.768, 3.216, 3.116, 123460)
upgrade(-7.778, 3.216, 3.099, 111585)
upgrade(-23.760, 2.403, -6.760, 95031)
upgrade(-23.760, 2.403, -6.760, 93761)
upgrade(-23.760, 2.403, -6.760, 91961)
upgrade(-23.760, 2.403, -6.760, 79655)
DropTheBeat(-12.197, 2.365, -3.089, 70365)
DropTheBeat(-12.197, 2.365, -3.089, 85364)
upgrade(-10.502, 2.403, -9.123, 106690)
upgrade(-10.502, 2.403, -9.123, 103015)
upgrade(-10.502, 2.403, -9.123, 91465)
DropTheBeat(-12.197, 2.365, -3.089, 47602)
AirDrop(19.514, 0.975, 12.228, 17.522, 1.125, 14.580, 1, 136.157, 282234)
DropTheBeat(-12.197, 2.365, -3.089, 369734)
DropTheBeat(-12.197, 2.365, -3.089, 461753)
AirDrop(19.514, 0.975, 12.228, 17.522, 1.125, 14.580, 1, 144.734, 471753)
AirDrop(24.300, 0.975, 12.379, 17.522, 1.125, 14.580, 1, 144.734, 488628)
AirDrop(-2.528, 0.975, 2.880, 17.522, 1.125, 14.580, 1, 144.076, 503628)
DropTheBeat(-12.197, 2.365, -3.089, 550376)
DropTheBeat(-12.197, 2.365, -3.089, 550376)
SetMercenaryUnit(19.514, 0.975, 12.228, "Unit 1", "Riot Guard", 614302)
SetMercenaryUnit(19.514, 0.975, 12.228, "Unit 2", "Riot Guard", 638317)
AirDrop(24.300, 0.975, 12.379, 5.841, 1.125, 6.525, 1, 144.734, 640817)
AirDrop(24.300, 0.975, 12.379, 17.468, 1.125, 14.502, 1, 128.560, 643317)
DropTheBeat(-12.197, 2.365, -3.089, 643317)
SetMercenaryUnit(24.300, 0.975, 12.379, "Unit 2", "Riot Guard", 658317)
SetMercenaryUnit(19.514, 0.975, 12.228, "Unit 3", "Riot Guard", 708642)
AirDrop(19.514, 0.975, 12.228, 18.039, 1.125, 15.030, 1, 145.419, 733642)
AirDrop(-2.528, 0.975, 2.880, 18.039, 1.125, 15.030, 1, 128.560, 733642)
SetMercenaryUnit(24.300, 0.975, 12.379, "Unit 3", "Riot Guard", 753767)
DropTheBeat(-12.197, 2.365, -3.089, 772092)
AirDrop(24.300, 0.975, 12.379, 8.459, 1.125, 6.502, 1, 143.375, 893967)
DropTheBeat(-12.197, 2.365, -3.089, 914739)
DropTheBeat(-12.197, 2.365, -3.089, 917864)
AirDrop(19.514, 0.975, 12.228, 7.440, 1.000, 2.691, 1, 87.560, 970989)
DropTheBeat(-12.197, 2.365, -3.089, 1050816)
DropTheBeat(-12.197, 2.365, -3.089, 1099893)
AirDrop(19.514, 0.975, 12.228, 3.203, 1.125, 6.567, 1, 143.375, 1099893)
AirDrop(-2.528, 0.975, 2.880, 16.755, 1.125, 12.926, 1, 124.736, 1097393)
AirDrop(24.300, 0.975, 12.379, 28.591, 1.125, 15.660, 1, 156.100, 1183143)
DropTheBeat(-12.197, 2.365, -3.089, 1261268)
DropTheBeat(-12.197, 2.365, -3.089, 1261268)
DropTheBeat(-12.197, 2.365, -3.089, 1261268)
AirDrop(19.514, 0.975, 12.228, 18.039, 1.125, 15.030, 1, 146.232, 1261268)
AirDrop(-2.528, 0.975, 2.880, 18.039, 1.125, 15.030, 1, 145.419, 1258768)
AirDrop(24.300, 0.975, 12.379, 18.039, 1.125, 15.030, 1, 128.560, 1343893)
DropTheBeat(-12.197, 2.365, -3.089, 1341393)
DropTheBeat(-12.197, 2.365, -3.089, 1341393)