place(12.3, 1.0, 26.5, "Cowboy", -150, 13.76)
upgrade(12.3, 26.5, 1, -300, 16.37)
place(14.8, 1.0, 24.0, "Cowboy", -300, 23.24)
upgrade(14.8, 24.0, 1, -450, 23.64)
place(14.9, 1.0, 26.5, "Cowboy", -450, 31.09)
place(14.9, 1.0, 26.5, "Cowboy", -450, 32.06)
upgrade(14.9, 26.5, 1, -600, 32.83)
place(17.4, 1.0, 24.1, "Cowboy", -600, 39.38)
upgrade(17.4, 24.1, 1, -750, 40.04)
place(17.5, 1.0, 26.6, "Cowboy", -750, 42.22)
upgrade(17.5, 26.6, 1, -900, 42.72)
upgrade(12.1, 24.0, 1, -1750, 49.77)
upgrade(14.8, 24.0, 1, -2600, 52.46)
upgrade(12.3, 26.5, 1, -3450, 61.04)
upgrade(14.9, 26.5, 1, -4300, 65.77)
upgrade(17.4, 24.1, 1, -5150, 70.92)
upgrade(17.5, 26.6, 1, -6000, 76.47)
place(10.2, 1.0, 19.9, "DJ Booth", -6000, 85.96)
upgrade(10.2, 19.9, 1, -6300, 88.69)
upgrade(10.2, 19.9, 1, -7550, 88.91)
upgrade(10.2, 19.9, 1, -10550, 101.01)
ability(10.2, 19.9, "Drop The Beat", 103.35)
upgrade(12.1, 24.0, 1, -13250, 108.93)
ability(10.2, 19.9, "Drop The Beat", 119.52)
upgrade(14.8, 24.0, 1, -15950, 120.15)
upgrade(17.4, 24.1, 1, -18650, 128.76)
upgrade(12.3, 26.5, 1, -21350, 140.22)
ability(10.2, 19.9, "Drop The Beat", 142.52)
upgrade(14.9, 26.5, 1, -24050, 143.72)
upgrade(17.5, 26.6, 1, -26750, 152.15)
ability(10.2, 19.9, "Drop The Beat", 161.12)
upgrade(10.2, 19.9, 1, -34750, 168.92)
ability(10.2, 19.9, "Drop The Beat", 179.41)
upgrade(12.1, 24.0, 1, -39562, 180.69)
upgrade(14.8, 24.0, 1, -44374, 190.55)
upgrade(17.4, 24.1, 1, -49186, 200.50)
ability(10.2, 19.9, "Drop The Beat", 201.54)
upgrade(12.3, 26.5, 1, -53998, 208.78)
upgrade(14.9, 26.5, 1, -58810, 217.79)
ability(10.2, 19.9, "Drop The Beat", 218.32)
upgrade(17.5, 26.6, 1, -63622, 222.52)
ability(10.2, 19.9, "Drop The Beat", 234.11)
ability(10.2, 19.9, "Drop The Beat", 250.95)
upgrade(10.2, 19.9, 1, -83622, 251.29)
upgrade(17.4, 24.1, 1, -94247, 265.63)
ability(10.2, 19.9, "Drop The Beat", 266.86)
upgrade(14.8, 24.0, 1, -104872, 276.78)
ability(10.2, 19.9, "Drop The Beat", 288.85)
upgrade(12.1, 24.0, 1, -115497, 289.58)
upgrade(17.5, 26.6, 1, -126122, 300.60)
ability(10.2, 19.9, "Drop The Beat", 310.35)
upgrade(14.9, 26.5, 1, -136747, 312.33)
ability(10.2, 19.9, "Drop The Beat", 317.87)
upgrade(12.3, 26.5, 1, -147372, 324.17)
place(12.4, 4.1, 8.5, "Ranger", -147372, 329.04)
upgrade(12.4, 8.5, 1, -148647, 329.45)
upgrade(12.4, 8.5, 1, -153322, 334.21)
ability(10.2, 19.9, "Drop The Beat", 336.12)
place(9.3, 4.3, 7.9, "Ranger", -153322, 336.96)
upgrade(9.3, 7.9, 1, -154597, 337.24)
skip(21, 343.48)
place(6.4, 4.5, 6.8, "Ranger", -154597, 347.35)
upgrade(6.4, 6.8, 1, -155872, 347.75)
ability(10.2, 19.9, "Drop The Beat", 351.68)
upgrade(9.3, 7.9, 1, -160547, 353.37)
upgrade(6.4, 6.8, 1, -165222, 358.17)
ability(10.2, 19.9, "Drop The Beat", 358.58)
place(14.7, 4.5, 6.4, "Ranger", -165222, 362.85)
upgrade(14.7, 6.4, 1, -166497, 363.37)
upgrade(14.7, 6.4, 1, -171172, 365.94)
place(11.5, 4.4, 5.6, "Ranger", -171172, 377.88)
upgrade(11.5, 5.6, 1, -172447, 378.34)
upgrade(11.5, 5.6, 1, -177122, 378.53)
ability(10.2, 19.9, "Drop The Beat", 379.96)
place(8.6, 4.5, 4.6, "Ranger", -177122, 385.39)
upgrade(8.6, 4.6, 1, -178397, 385.96)
upgrade(8.6, 4.6, 1, -183072, 386.52)
place(3.5, 4.8, 6.0, "Ranger", -183072, 392.43)
upgrade(3.5, 6.0, 1, -184347, 392.95)
upgrade(3.5, 6.0, 1, -189022, 393.10)
place(5.6, 4.7, 3.8, "Ranger", -189022, 394.80)
upgrade(5.6, 3.8, 1, -190297, 395.30)
upgrade(5.6, 3.8, 1, -194972, 395.46)
place(2.7, 4.8, 2.8, "Ranger", -194972, 400.00)
place(2.7, 4.8, 2.9, "Ranger", -194972, 401.65)
ability(10.2, 19.9, "Drop The Beat", 402.29)
place(12.0, 0.9, 11.0, "Turret", -194972, 406.91)
upgrade(12.0, 11.0, 1, -197309, 407.43)
upgrade(12.0, 11.0, 1, -203684, 408.48)
ability(10.2, 19.9, "Drop The Beat", 418.84)
upgrade(12.0, 11.0, 1, -220684, 419.73)
ability(10.2, 19.9, "Drop The Beat", 435.55)
upgrade(12.0, 11.0, 1, -250434, 441.27)
place(7.9, 0.9, 10.6, "Turret", -250434, 449.59)
upgrade(7.9, 10.6, 1, -252771, 450.72)
upgrade(7.9, 10.6, 1, -259146, 451.02)
upgrade(7.9, 10.6, 1, -276146, 458.65)
ability(10.2, 19.9, "Drop The Beat", 462.36)
place(5.2, 0.9, 13.6, "Turret", -276146, 465.19)
upgrade(5.2, 13.6, 1, -278483, 465.77)
upgrade(5.2, 13.6, 1, -284858, 465.94)
upgrade(5.2, 13.6, 1, -301858, 477.07)
ability(10.2, 19.9, "Drop The Beat", 478.37)
upgrade(7.9, 10.6, 1, -331608, 489.12)
ability(10.2, 19.9, "Drop The Beat", 494.75)
upgrade(5.2, 13.6, 1, -361358, 503.72)
ability(10.2, 19.9, "Drop The Beat", 509.87)
upgrade(12.4, 8.5, 1, -374745, 510.66)
upgrade(9.3, 7.9, 1, -388132, 515.70)
upgrade(6.4, 6.8, 1, -401519, 520.17)
upgrade(3.5, 6.0, 1, -414906, 524.07)
upgrade(5.6, 3.8, 1, -428293, 530.82)
ability(10.2, 19.9, "Drop The Beat", 534.75)
upgrade(8.6, 4.6, 1, -441680, 535.60)
upgrade(11.5, 5.6, 1, -455067, 543.42)
upgrade(14.7, 6.4, 1, -468454, 543.98)
ability(10.2, 19.9, "Drop The Beat", 551.74)
upgrade(7.9, 10.6, 1, -523704, 567.80)
ability(10.2, 19.9, "Drop The Beat", 571.80)
upgrade(5.2, 13.6, 1, -578954, 584.01)
ability(10.2, 19.9, "Drop The Beat", 594.56)
ability(10.2, 19.9, "Drop The Beat", 608.25)
upgrade(12.0, 11.0, 1, -634204, 609.02)
upgrade(3.5, 6.0, 1, -655454, 616.27)
upgrade(6.4, 6.8, 1, -676704, 620.91)
ability(10.2, 19.9, "Drop The Beat", 625.46)
upgrade(9.3, 7.9, 1, -700454, 633.88)
upgrade(12.4, 8.5, 1, -724204, 643.73)
ability(10.2, 19.9, "Drop The Beat", 644.94)
upgrade(14.7, 6.4, 1, -747954, 648.87)
upgrade(11.5, 5.6, 1, -771704, 659.15)
ability(10.2, 19.9, "Drop The Beat", 660.99)
upgrade(8.6, 4.6, 1, -795454, 676.53)
upgrade(5.6, 3.8, 1, -819204, 681.18)
ability(10.2, 19.9, "Drop The Beat", 682.36)
place(4.8, 0.9, 9.0, "Minigunner", -819204, 694.87)
upgrade(4.8, 9.0, 1, -819584, 695.29)
upgrade(4.8, 9.0, 1, -821009, 695.45)
upgrade(4.8, 9.0, 1, -827659, 695.61)
upgrade(4.8, 9.0, 1, -842384, 695.76)
place(2.5, 0.9, 11.2, "Minigunner", -842384, 700.60)
upgrade(2.5, 11.2, 1, -842764, 701.19)
upgrade(2.5, 11.2, 1, -844189, 701.33)
upgrade(2.5, 11.2, 1, -850839, 701.48)
upgrade(2.5, 11.2, 1, -865564, 701.63)
place(9.3, 1.0, 24.0, "Minigunner", -865564, 703.99)
upgrade(9.3, 24.0, 1, -865944, 704.58)
upgrade(9.3, 24.0, 1, -867369, 704.73)
upgrade(9.3, 24.0, 1, -874019, 704.88)
upgrade(9.3, 24.0, 1, -888744, 705.02)
place(6.2, 1.0, 19.6, "Minigunner", -888744, 706.41)
upgrade(6.2, 19.6, 1, -889124, 706.78)
upgrade(6.2, 19.6, 1, -890549, 706.95)
upgrade(6.2, 19.6, 1, -897199, 707.09)
upgrade(6.2, 19.6, 1, -911924, 707.24)
place(6.4, 1.0, 22.8, "Minigunner", -911924, 708.37)
upgrade(6.4, 22.8, 1, -912304, 708.84)
upgrade(6.4, 22.8, 1, -913729, 709.00)
upgrade(6.4, 22.8, 1, -920379, 709.15)
upgrade(6.4, 22.8, 1, -935104, 709.30)
place(9.6, 0.9, 13.7, "Minigunner", -935104, 713.76)
upgrade(9.6, 13.7, 1, -935484, 714.34)
upgrade(9.6, 13.7, 1, -936909, 714.50)
upgrade(9.6, 13.7, 1, -943559, 714.65)
upgrade(9.6, 13.7, 1, -958284, 714.77)
ability(10.2, 19.9, "Drop The Beat", 715.21)
place(14.4, 0.9, 13.9, "Minigunner", -958284, 719.33)
upgrade(14.4, 13.9, 1, -958664, 719.92)
upgrade(14.4, 13.9, 1, -960089, 720.08)
upgrade(14.4, 13.9, 1, -966739, 720.22)
upgrade(14.4, 13.9, 1, -981464, 720.36)
place(15.5, 1.0, 10.8, "Minigunner", -981464, 722.68)
upgrade(15.5, 10.8, 1, -981844, 723.24)
upgrade(15.5, 10.8, 1, -983269, 723.39)
upgrade(15.5, 10.8, 1, -989919, 723.56)
upgrade(15.5, 10.8, 1, -1004644, 723.70)
place(17.4, 1.0, 13.2, "Minigunner", -1004644, 725.17)
upgrade(17.4, 13.2, 1, -1005024, 725.54)
upgrade(17.4, 13.2, 1, -1006449, 725.71)
upgrade(17.4, 13.2, 1, -1013099, 725.88)
upgrade(17.4, 13.2, 1, -1027824, 726.01)
place(17.1, 1.0, 8.0, "Minigunner", -1027824, 727.24)
upgrade(17.1, 8.0, 1, -1028204, 727.66)
upgrade(17.1, 8.0, 1, -1029629, 727.83)
upgrade(17.1, 8.0, 1, -1036279, 727.98)
upgrade(17.1, 8.0, 1, -1051004, 728.12)
ability(10.2, 19.9, "Drop The Beat", 730.70)
place(16.7, 0.9, 16.2, "Minigunner", -1051004, 737.25)
upgrade(16.7, 16.2, 1, -1051384, 737.69)
upgrade(16.7, 16.2, 1, -1052809, 737.83)
upgrade(16.7, 16.2, 1, -1059459, 738.00)
upgrade(16.7, 16.2, 1, -1074184, 738.14)
place(18.8, 1.0, 10.5, "Minigunner", -1074184, 746.32)
upgrade(18.8, 10.5, 1, -1074564, 746.87)
upgrade(18.8, 10.5, 1, -1075989, 747.02)
upgrade(18.8, 10.5, 1, -1082639, 747.18)
upgrade(18.8, 10.5, 1, -1097364, 747.30)
place(16.3, 1.0, 5.0, "Minigunner", -1097364, 749.14)
upgrade(16.3, 5.0, 1, -1097744, 749.54)
upgrade(16.3, 5.0, 1, -1099169, 749.70)
upgrade(16.3, 5.0, 1, -1105819, 749.84)
upgrade(16.3, 5.0, 1, -1120544, 749.99)
ability(10.2, 19.9, "Drop The Beat", 750.85)
place(14.5, 1.0, 2.5, "Minigunner", -1120544, 754.40)
upgrade(14.5, 2.5, 1, -1120924, 755.00)
upgrade(14.5, 2.5, 1, -1122349, 755.17)
upgrade(14.5, 2.5, 1, -1128999, 755.32)
upgrade(14.5, 2.5, 1, -1143724, 755.47)
place(11.4, 1.0, 1.4, "Minigunner", -1143724, 756.72)
upgrade(11.4, 1.4, 1, -1144124, 757.25)
upgrade(11.4, 1.4, 1, -1145624, 757.41)
upgrade(11.4, 1.4, 1, -1152624, 757.57)
upgrade(11.4, 1.4, 1, -1168124, 757.69)
place(1.5, 0.9, 8.2, "Minigunner", -1168124, 769.94)
upgrade(1.5, 8.2, 1, -1168504, 770.36)
upgrade(1.5, 8.2, 1, -1169929, 770.53)
upgrade(1.5, 8.2, 1, -1176579, 770.66)
upgrade(1.5, 8.2, 1, -1191304, 770.80)
place(19.3, 1.0, 5.7, "Minigunner", -1191304, 773.71)
upgrade(19.3, 5.7, 1, -1191684, 774.36)
upgrade(19.3, 5.7, 1, -1193109, 774.49)
upgrade(19.3, 5.7, 1, -1199759, 774.64)
upgrade(19.3, 5.7, 1, -1214484, 774.78)
ability(10.2, 19.9, "Drop The Beat", 775.41)
place(17.4, 1.0, 2.0, "Minigunner", -1214484, 778.32)
upgrade(17.4, 2.0, 1, -1214864, 778.80)
upgrade(17.4, 2.0, 1, -1216289, 778.99)
upgrade(17.4, 2.0, 1, -1222939, 779.13)
upgrade(17.4, 2.0, 1, -1237664, 779.31)
upgrade(17.4, 2.0, 1, -1252389, 779.43)
place(8.8, 1.0, -0.2, "Minigunner", -1237664, 782.23)
upgrade(8.8, -0.2, 1, -1238064, 782.74)
upgrade(8.8, -0.2, 1, -1239564, 782.91)
upgrade(8.8, -0.2, 1, -1246564, 783.09)
upgrade(8.8, -0.2, 1, -1262064, 783.30)
sell(8.8, -0.2, 785.98)
place(21.1, 1.0, 8.3, "Minigunner", -1262064, 788.00)
upgrade(21.1, 8.3, 1, -1262444, 789.24)
upgrade(21.1, 8.3, 1, -1263869, 789.41)
upgrade(21.1, 8.3, 1, -1270519, 789.56)
upgrade(21.1, 8.3, 1, -1285244, 789.69)
place(21.7, 1.0, 11.4, "Minigunner", -1285244, 791.46)
upgrade(21.7, 11.4, 1, -1285624, 792.07)
upgrade(21.7, 11.4, 1, -1287049, 792.19)
upgrade(21.7, 11.4, 1, -1293699, 792.36)
upgrade(21.7, 11.4, 1, -1308424, 792.49)
ability(10.2, 19.9, "Drop The Beat", 793.40)
place(20.2, 1.0, 14.6, "Minigunner", -1308424, 794.82)
upgrade(20.2, 14.6, 1, -1308804, 795.54)
upgrade(20.2, 14.6, 1, -1309184, 795.73)
upgrade(20.2, 14.6, 1, -1310609, 795.81)
upgrade(20.2, 14.6, 1, -1317259, 795.98)
place(19.4, 1.0, 17.9, "Minigunner", -1317259, 798.13)
upgrade(19.4, 17.9, 1, -1317639, 798.56)
upgrade(19.4, 17.9, 1, -1319064, 798.73)
upgrade(19.4, 17.9, 1, -1325714, 798.88)
upgrade(19.4, 17.9, 1, -1340439, 799.04)
ability(10.2, 19.9, "Drop The Beat", 814.06)
ability(10.2, 19.9, "Drop The Beat", 831.15)
ability(10.2, 19.9, "Drop The Beat", 849.02)
ability(10.2, 19.9, "Drop The Beat", 867.29)
sell(6.4, 22.8, 881.15)
sell(6.2, 19.6, 882.00)
sell(9.3, 24.0, 883.59)
ability(10.2, 19.9, "Drop The Beat", 884.81)
place(15.4, 1.0, -0.5, "Minigunner", -1340439, 885.95)
upgrade(15.4, -0.5, 1, -1340839, 886.44)
upgrade(15.4, -0.5, 1, -1342339, 886.59)
upgrade(15.4, -0.5, 1, -1349339, 886.72)
upgrade(15.4, -0.5, 1, -1364839, 886.87)
place(12.3, 1.0, -1.6, "Minigunner", -1364839, 888.63)
upgrade(12.3, -1.6, 1, -1365239, 889.40)
upgrade(12.3, -1.6, 1, -1365639, 889.48)
upgrade(12.3, -1.6, 1, -1372639, 889.63)
upgrade(12.3, -1.6, 1, -1388139, 889.77)
place(9.0, 1.0, -0.6, "Minigunner", -1388139, 891.33)
upgrade(9.0, -0.6, 1, -1388539, 891.84)
upgrade(9.0, -0.6, 1, -1390039, 892.00)
upgrade(9.0, -0.6, 1, -1397039, 892.15)
upgrade(9.0, -0.6, 1, -1412539, 892.30)
sell(17.4, 24.1, 892.99)
sell(17.5, 26.6, 893.50)
sell(14.8, 24.0, 893.99)
sell(14.9, 26.5, 894.53)
sell(12.1, 24.0, 895.50)
sell(12.3, 26.5, 895.96)
place(5.8, 1.0, -1.4, "Minigunner", -1412539, 899.78)
upgrade(5.8, -1.4, 1, -1412939, 900.16)
upgrade(5.8, -1.4, 1, -1414439, 900.33)
upgrade(5.8, -1.4, 1, -1421439, 900.47)
upgrade(5.8, -1.4, 1, -1436939, 900.61)
ability(10.2, 19.9, "Drop The Beat", 901.12)
place(2.8, 0.9, -1.4, "Minigunner", -1436939, 902.32)
upgrade(2.8, -1.4, 1, -1437339, 903.31)
upgrade(2.8, -1.4, 1, -1438839, 903.45)
upgrade(2.8, -1.4, 1, -1445839, 903.58)
upgrade(2.8, -1.4, 1, -1461339, 903.70)
ability(10.2, 19.9, "Drop The Beat", 904.13)
place(-0.2, 0.9, -1.3, "Minigunner", -1461339, 905.97)
upgrade(-0.2, -1.3, 1, -1461739, 906.38)
upgrade(-0.2, -1.3, 1, -1463239, 906.55)
upgrade(-0.2, -1.3, 1, -1470239, 906.72)
upgrade(-0.2, -1.3, 1, -1485739, 906.86)
place(-1.7, 0.9, 1.6, "Minigunner", -1485739, 908.20)
upgrade(-1.7, 1.6, 1, -1486139, 908.70)
upgrade(-1.7, 1.6, 1, -1487639, 908.86)
upgrade(-1.7, 1.6, 1, -1494639, 909.01)
upgrade(-1.7, 1.6, 1, -1510139, 909.17)
place(-1.6, 0.9, 5.0, "Minigunner", -1510139, 910.59)
upgrade(-1.6, 5.0, 1, -1510539, 911.22)
upgrade(-1.6, 5.0, 1, -1512039, 911.37)
upgrade(-1.6, 5.0, 1, -1519039, 911.54)
upgrade(-1.6, 5.0, 1, -1534539, 911.67)
sell(20.2, 14.6, 912.85)
sell(17.4, 13.2, 913.31)
sell(18.8, 10.5, 913.80)
sell(21.7, 11.4, 914.29)
sell(16.7, 16.2, 914.87)
sell(19.4, 17.9, 915.32)
sell(10.2, 19.9, 917.32)
place(-2.6, 0.9, 9.8, "DJ Booth", -1534539, 918.68)
upgrade(-2.6, 9.8, 1, -1534839, 919.14)
upgrade(-2.6, 9.8, 1, -1536089, 919.28)
upgrade(-2.6, 9.8, 1, -1539089, 919.39)
upgrade(-2.6, 9.8, 1, -1547089, 919.60)
upgrade(-2.6, 9.8, 1, -1555089, 919.67)
upgrade(-2.6, 9.8, 1, -1575089, 919.78)
place(-10.5, 0.9, 7.3, "Minigunner", -1555089, 925.04)
upgrade(-10.5, 7.3, 1, -1555469, 925.50)
upgrade(-10.5, 7.3, 1, -1556894, 925.67)
upgrade(-10.5, 7.3, 1, -1563544, 925.79)
upgrade(-10.5, 7.3, 1, -1578269, 925.93)
ability(-2.6, 9.8, "Drop The Beat", 926.51)
place(-10.5, 0.9, 4.2, "Minigunner", -1578269, 927.70)
upgrade(-10.5, 4.2, 1, -1578649, 928.11)
upgrade(-10.5, 4.2, 1, -1580074, 929.09)
upgrade(-10.5, 4.2, 1, -1586724, 929.25)
upgrade(-10.5, 4.2, 1, -1601449, 929.37)
place(-13.5, 0.9, 5.6, "Minigunner", -1601449, 930.44)
upgrade(-13.5, 5.6, 1, -1601829, 930.91)
upgrade(-13.5, 5.6, 1, -1603254, 931.06)
upgrade(-13.5, 5.6, 1, -1609904, 931.20)
upgrade(-13.5, 5.6, 1, -1624629, 931.32)
place(-13.4, 1.0, 2.2, "Minigunner", -1624629, 932.37)
upgrade(-13.4, 2.2, 1, -1625009, 932.89)
upgrade(-13.4, 2.2, 1, -1626434, 933.06)
upgrade(-13.4, 2.2, 1, -1633084, 933.18)
upgrade(-13.4, 2.2, 1, -1647809, 933.34)
place(-10.6, 1.0, 0.9, "Minigunner", -1647809, 935.14)
upgrade(-10.6, 0.9, 1, -1648189, 935.69)
upgrade(-10.6, 0.9, 1, -1649614, 935.84)
upgrade(-10.6, 0.9, 1, -1656264, 935.99)
upgrade(-10.6, 0.9, 1, -1670989, 936.15)
place(-16.4, 1.0, 3.8, "Minigunner", -1670989, 938.84)
upgrade(-16.4, 3.8, 1, -1671369, 939.43)
upgrade(-16.4, 3.8, 1, -1672794, 939.58)
upgrade(-16.4, 3.8, 1, -1679444, 939.74)
upgrade(-16.4, 3.8, 1, -1694169, 939.89)
sell(12.0, 11.0, 940.76)
sell(7.9, 10.6, 941.17)
sell(5.2, 13.6, 941.54)
place(-10.9, 1.0, -2.6, "Minigunner", -1694169, 942.56)
upgrade(-10.9, -2.6, 1, -1694549, 942.99)
upgrade(-10.9, -2.6, 1, -1695974, 943.15)
upgrade(-10.9, -2.6, 1, -1702624, 943.27)
upgrade(-10.9, -2.6, 1, -1717349, 943.42)
place(-4.8, 1.0, -0.8, "Turret", -1717349, 944.22)
upgrade(-4.8, -0.8, 1, -1719961, 944.63)
upgrade(-4.8, -0.8, 1, -1727086, 944.79)
upgrade(-4.8, -0.8, 1, -1746086, 944.92)
upgrade(-4.8, -0.8, 1, -1779336, 945.05)
upgrade(-4.8, -0.8, 1, -1841086, 945.18)
place(-10.4, 1.0, -6.2, "Turret", -1841086, 946.03)
upgrade(-10.4, -6.2, 1, -1843698, 946.64)
upgrade(-10.4, -6.2, 1, -1850823, 946.78)
upgrade(-10.4, -6.2, 1, -1869823, 946.94)
upgrade(-10.4, -6.2, 1, -1903073, 947.07)
upgrade(-10.4, -6.2, 1, -1964823, 947.22)
place(-11.8, 0.9, 11.1, "Turret", -1964823, 948.86)
upgrade(-11.8, 11.1, 1, -1967435, 949.56)
upgrade(-11.8, 11.1, 1, -1974560, 949.70)
upgrade(-11.8, 11.1, 1, -1993560, 949.83)
upgrade(-11.8, 11.1, 1, -2026810, 949.99)
upgrade(-11.8, 11.1, 1, -2088560, 950.12)
place(-11.1, 1.0, -10.7, "Minigunner", -2088560, 951.11)
sell(-1.6, 5.0, 952.62)
sell(-1.7, 1.6, 953.05)
sell(-0.2, -1.3, 953.63)
ability(-2.6, 9.8, "Drop The Beat", 954.41)
place(-11.6, 1.0, -10.0, "Minigunner", -2088560, 956.07)
upgrade(-11.6, -10.0, 1, -2088960, 956.68)
upgrade(-11.6, -10.0, 1, -2090460, 956.79)
upgrade(-11.6, -10.0, 1, -2097460, 956.95)
upgrade(-11.6, -10.0, 1, -2112960, 957.09)
place(-11.6, 1.0, -13.4, "Minigunner", -2112960, 958.01)
upgrade(-11.6, -13.4, 1, -2113360, 958.64)
upgrade(-11.6, -13.4, 1, -2114860, 958.80)
upgrade(-11.6, -13.4, 1, -2121860, 958.93)
upgrade(-11.6, -13.4, 1, -2137360, 959.06)
place(-11.8, 1.0, -16.5, "Minigunner", -2137360, 960.03)
upgrade(-11.8, -16.5, 1, -2137760, 960.68)
upgrade(-11.8, -16.5, 1, -2139260, 960.86)
upgrade(-11.8, -16.5, 1, -2146260, 961.01)
upgrade(-11.8, -16.5, 1, -2161760, 961.18)
sell(9.0, -0.6, 962.41)
sell(14.5, 2.5, 963.34)
sell(11.4, 1.4, 964.06)
sell(16.3, 5.0, 964.52)
sell(17.1, 8.0, 964.98)
place(-17.5, 1.0, -14.4, "Minigunner", -2161760, 966.28)
upgrade(-17.5, -14.4, 1, -2162160, 966.67)
upgrade(-17.5, -14.4, 1, -2163660, 966.83)
upgrade(-17.5, -14.4, 1, -2170660, 967.00)
upgrade(-17.5, -14.4, 1, -2186160, 967.12)
place(-17.8, 1.0, -10.9, "Minigunner", -2186160, 968.06)
upgrade(-17.8, -10.9, 1, -2186560, 968.61)
upgrade(-17.8, -10.9, 1, -2188060, 968.77)
upgrade(-17.8, -10.9, 1, -2195060, 968.93)
upgrade(-17.8, -10.9, 1, -2210560, 969.09)
place(-20.9, 1.0, -9.5, "Minigunner", -2210560, 970.22)
upgrade(-20.9, -9.5, 1, -2210960, 970.86)
upgrade(-20.9, -9.5, 1, -2212460, 971.02)
upgrade(-20.9, -9.5, 1, -2219460, 971.18)
upgrade(-20.9, -9.5, 1, -2234960, 971.32)
place(-21.5, 1.0, -13.3, "Minigunner", -2234960, 972.12)
upgrade(-21.5, -13.3, 1, -2235360, 972.82)
upgrade(-21.5, -13.3, 1, -2236860, 972.96)
upgrade(-21.5, -13.3, 1, -2243860, 973.13)
upgrade(-21.5, -13.3, 1, -2259360, 973.33)