-- ZEPHYR_META: {"authorId":"1432377420551421953","authorTag":"garama0169","category":"community","official":false,"createdAt":"2026-08-09T20:00:00.341Z","updatedAt":"2026-08-09T20:00:00.341Z"}
place(-18.1, 1.0, -2.3, "Brawler", 0, 0.99)
place(-7.4, 1.0, -2.9, "Engineer", 0, 13.89)
upgrade(-7.4, -2.9, 1, -325, 35.39)
upgrade(-7.4, -2.9, 1, -1225, 54.86)
place(-4.3, 1.0, -3.0, "Engineer", -1225, 64.31)
upgrade(-4.3, -3.0, 1, -1550, 72.45)
upgrade(-4.3, -3.0, 1, -2450, 91.89)
place(-1.2, 1.0, -2.8, "Engineer", -2450, 101.13)
upgrade(-1.2, -2.8, 1, -2775, 104.22)
upgrade(-1.2, -2.8, 1, -3675, 114.46)
upgrade(-18.1, -2.3, 1, -3875, 126.02)
upgrade(-18.1, -2.3, 1, -5075, 142.62)
upgrade(-18.1, -2.3, 1, -7575, 160.22)
place(-18.1, 1.0, -4.4, "Brawler", -7575, 169.01)
upgrade(-18.1, -4.4, 1, -7775, 171.44)
upgrade(-18.1, -4.4, 1, -8975, 176.76)
upgrade(-18.1, -4.4, 1, -11475, 199.06)
place(-18.2, 1.0, -6.4, "Brawler", -11475, 205.86)
upgrade(-18.2, -6.4, 1, -11675, 208.54)
upgrade(-18.2, -6.4, 1, -15375, 222.84)
place(-7.7, 1.0, -8.9, "DJ Booth", -15375, 229.78)
upgrade(-7.7, -8.9, 1, -15675, 233.59)
option(-7.7, -8.9, "Track", "Green", 236.43)
upgrade(-7.7, -8.9, 1, -16925, 237.73)
upgrade(-7.7, -8.9, 1, -19925, 247.28)
ability(-7.7, -8.9, "Drop The Beat", 249.45)
place(-11.8, 1.0, -8.9, "Hacker", -19925, 257.61)
upgrade(-11.8, -8.9, 1, -20037, 260.79)
upgrade(-7.4, -2.9, 1, -23109, 278.08)
upgrade(-4.3, -3.0, 1, -24978, 284.52)
upgrade(-1.2, -2.8, 1, -26847, 288.41)
ability(-7.7, -8.9, "Drop The Beat", 290.33)
place(1.9, 1.0, -2.8, "Engineer", -26847, 301.18)
upgrade(1.9, -2.8, 1, -27139, 304.13)
upgrade(1.9, -2.8, 1, -29818, 305.95)
place(0.1, 1.0, -9.1, "Engineer", -29818, 313.97)
upgrade(0.1, -9.1, 1, -30110, 316.29)
upgrade(0.1, -9.1, 1, -30920, 317.43)
upgrade(0.1, -9.1, 1, -32789, 318.64)
place(-3.0, 1.0, -8.8, "Engineer", -32789, 323.96)
upgrade(-3.0, -8.8, 1, -33081, 326.75)
upgrade(-3.0, -8.8, 1, -36570, 327.76)
ability(-7.7, -8.9, "Drop The Beat", 329.93)
upgrade(-7.4, -2.9, 1, -40326, 338.78)
upgrade(-4.3, -3.0, 1, -45951, 368.30)
ability(-7.7, -8.9, "Drop The Beat", 380.86)
upgrade(-1.2, -2.8, 1, -51576, 384.03)
upgrade(1.9, -2.8, 1, -57201, 397.24)
upgrade(0.1, -9.1, 1, -62826, 403.17)
upgrade(-3.0, -8.8, 1, -68451, 420.67)
place(-18.2, 1.0, -8.6, "Brawler", -68451, 430.19)
upgrade(-18.2, -8.6, 1, -68631, 433.90)
upgrade(-18.2, -8.6, 1, -69711, 434.90)
upgrade(-18.2, -8.6, 1, -71961, 436.92)
place(-18.3, 1.0, -10.7, "Brawler", -71961, 444.67)
upgrade(-18.3, -10.7, 1, -72141, 447.36)
upgrade(-18.3, -10.7, 1, -73221, 448.10)
upgrade(-18.3, -10.7, 1, -75471, 449.02)
place(-16.1, 1.0, -8.9, "Brawler", -75471, 453.94)
upgrade(-16.1, -8.9, 1, -75651, 456.69)
upgrade(-16.1, -8.9, 1, -76731, 457.67)
upgrade(-16.1, -8.9, 1, -78981, 458.67)
place(-16.3, 1.0, -11.1, "Brawler", -78981, 466.40)
upgrade(-16.3, -11.1, 1, -79161, 468.80)
upgrade(-16.3, -11.1, 1, -82491, 470.82)
place(-20.6, 1.0, -12.3, "Brawler", -82491, 475.73)
upgrade(-20.6, -12.3, 1, -82671, 478.48)
upgrade(-20.6, -12.3, 1, -83751, 479.21)
upgrade(-20.6, -12.3, 1, -86001, 479.77)
place(-18.3, 1.0, -12.9, "Brawler", -86001, 482.59)
upgrade(-18.3, -12.9, 1, -86181, 485.09)
upgrade(-18.3, -12.9, 1, -87261, 486.51)
upgrade(-18.3, -12.9, 1, -89511, 487.60)
place(-20.8, 1.0, -14.6, "Brawler", -89511, 497.96)
upgrade(-20.8, -14.6, 1, -89691, 500.19)
upgrade(-20.8, -14.6, 1, -90771, 501.28)
upgrade(-20.8, -14.6, 1, -93021, 502.08)
upgrade(-7.7, -8.9, 1, -101021, 509.88)
ability(-7.7, -8.9, "Drop The Beat", 512.43)
upgrade(-7.7, -8.9, 1, -121021, 535.18)
ability(-7.7, -8.9, "Drop The Beat", 547.04)
upgrade(-11.8, -8.9, 1, -126546, 551.25)
upgrade(-11.8, -8.9, 1, -146946, 567.99)
upgrade(-7.4, -2.9, 1, -157571, 594.10)
upgrade(-4.3, -3.0, 1, -168196, 607.63)
ability(-7.7, -8.9, "Drop The Beat", 618.70)
upgrade(-1.2, -2.8, 1, -178821, 623.25)
upgrade(-3.0, -8.8, 1, -189446, 638.44)
upgrade(0.1, -9.1, 1, -200071, 643.35)
upgrade(-18.1, -2.3, 1, -203046, 651.69)
upgrade(-18.1, -4.4, 1, -206021, 654.43)
upgrade(-18.2, -6.4, 1, -208996, 656.55)
upgrade(-18.2, -8.6, 1, -211971, 661.39)
upgrade(-16.1, -8.9, 1, -214946, 665.24)
upgrade(-16.3, -11.1, 1, -217921, 669.39)
upgrade(-18.3, -10.7, 1, -220896, 671.94)
upgrade(-18.3, -12.9, 1, -223871, 674.92)
upgrade(-20.6, -12.3, 1, -226846, 677.43)
upgrade(-20.8, -14.6, 1, -229821, 679.37)
place(-2.6, 1.0, 2.2, "EvolvedJuggernaut", -229821, 692.61)
upgrade(-2.6, 2.2, 1, -232371, 696.99)
upgrade(-2.6, 2.2, 1, -249541, 701.24)
upgrade(-2.6, 2.2, 1, -279291, 734.55)
ability(-7.7, -8.9, "Drop The Beat", 760.67)
upgrade(-2.6, 2.2, 1, -326041, 772.68)
upgrade(-7.4, -2.9, 1, -353666, 801.34)
upgrade(-4.3, -3.0, 1, -381291, 805.95)
upgrade(-1.2, -2.8, 1, -408916, 817.25)
upgrade(1.9, -2.8, 1, -419541, 825.25)
upgrade(1.9, -2.8, 1, -447166, 848.77)
upgrade(-3.0, -8.8, 1, -474791, 865.81)
upgrade(0.1, -9.1, 1, -502416, 873.36)
upgrade(-11.8, -8.9, 1, -553416, 899.75)
place(-7.9, 1.0, 0.2, "Hacker", -553416, 914.87)
upgrade(-7.9, 0.2, 1, -553522, 918.12)
upgrade(-7.9, 0.2, 1, -561319, 919.16)
upgrade(-7.9, 0.2, 1, -612319, 949.23)
upgrade(-18.1, -2.3, 1, -618929, 989.11)
upgrade(-18.1, -4.4, 1, -625539, 992.45)
upgrade(-18.2, -6.4, 1, -632149, 994.95)
upgrade(-18.2, -8.6, 1, -638759, 996.66)
upgrade(-16.1, -8.9, 1, -645369, 998.28)
upgrade(-16.3, -11.1, 1, -651979, 999.95)
upgrade(-18.3, -10.7, 1, -658589, 1001.94)
upgrade(-18.3, -10.7, 1, -665199, 1002.41)
upgrade(-18.3, -12.9, 1, -665199, 1010.97)
upgrade(-20.6, -12.3, 1, -671809, 1013.97)
upgrade(-20.8, -14.6, 1, -678419, 1017.00)
upgrade(-2.6, 2.2, 1, -763419, 1028.42)
upgrade(-2.6, 2.2, 1, -912169, 1055.88)
option(-7.7, -8.9, "Track", "Red", 1066.57)
ability(-11.8, -8.9, "Hologram Tower", 1090.02)
ability(-7.9, 0.2, "Hologram Tower", 1137.26)
ability(-11.8, -8.9, "Hologram Tower", 1191.46)
ability(-11.8, -8.9, "Hologram Tower", 1201.36)
ability(-7.9, 0.2, "Hologram Tower", 1213.85)
ability(-7.9, 0.2, "Hologram Tower", 1224.53)
ability(-11.8, -8.9, "Hologram Tower", 1270.68)
ability(-7.9, 0.2, "Hologram Tower", 1307.98)
ability(-11.8, -8.9, "Hologram Tower", 1346.45)