-- ZEPHYR_META: {"authorId":"1001927543080894565","authorTag":"guus0945","createdAt":"2026-06-09T08:02:03.143Z","updatedAt":"2026-06-09T08:02:03.143Z"}
place(12.1, 1.0, 24.4, "Cowboy", 0, 1.12)
upgrade(12.1, 24.4, 1, -200, 23.31)
place(12.0, 1.0, 27.0, "Cowboy", -200, 51.24)
skip(2, 55.94)
upgrade(12.0, 27.0, 1, -400, 57.40)
skip(3, 76.61)
upgrade(12.1, 24.4, 1, -1000, 77.79)
upgrade(12.0, 27.0, 1, -1600, 88.61)
skip(4, 101.47)
place(14.6, 1.0, 24.2, "Cowboy", -1600, 105.15)
upgrade(14.6, 24.2, 1, -1800, 105.85)
place(14.5, 1.0, 26.7, "Cowboy", -1800, 123.34)
skip(5, 124.47)
upgrade(14.5, 26.7, 1, -2000, 126.77)
upgrade(14.5, 26.7, 1, -2600, 128.19)
upgrade(14.6, 24.2, 1, -3200, 143.70)
skip(6, 149.54)
place(17.2, 1.0, 24.1, "Cowboy", -3200, 163.16)
upgrade(17.2, 24.1, 1, -3400, 164.33)
place(17.1, 1.0, 26.7, "Cowboy", -4000, 171.61)
upgrade(17.1, 26.7, 1, -4200, 172.61)
skip(7, 173.84)
upgrade(17.1, 26.7, 1, -4800, 175.23)
place(9.9, 1.0, 19.6, "DJ Booth", -4800, 202.98)
upgrade(9.9, 19.6, 1, -5100, 203.80)
skip(9, 228.72)
upgrade(9.9, 19.6, 1, -9350, 231.49)
option(9.9, 19.6, "Track", "Green", 235.33)
ability(9.9, 19.6, "Drop The Beat", 235.86)
upgrade(12.1, 24.4, 1, -11150, 240.22)
upgrade(14.6, 24.2, 1, -12950, 260.49)
skip(10, 267.53)
upgrade(17.2, 24.1, 1, -14750, 269.94)
ability(9.9, 19.6, "Drop The Beat", 272.67)
upgrade(12.0, 27.0, 1, -16550, 281.18)
skip(11, 295.13)
upgrade(14.5, 26.7, 1, -18350, 298.33)
upgrade(17.1, 26.7, 1, -20150, 302.53)
ability(9.9, 19.6, "Drop The Beat", 304.96)
skip(12, 331.76)
ability(9.9, 19.6, "Drop The Beat", 335.60)
upgrade(9.9, 19.6, 1, -28150, 346.62)
upgrade(12.1, 24.4, 1, -30775, 359.86)
ability(9.9, 19.6, "Drop The Beat", 368.82)
upgrade(14.6, 24.2, 1, -33400, 370.19)
upgrade(17.2, 24.1, 1, -36025, 383.87)
upgrade(17.1, 26.7, 1, -38650, 402.66)
ability(9.9, 19.6, "Drop The Beat", 405.19)
upgrade(14.5, 26.7, 1, -41275, 407.82)
upgrade(12.0, 27.0, 1, -43900, 418.55)
ability(9.9, 19.6, "Drop The Beat", 435.49)
place(-15.0, 1.0, 4.7, "Cowboy", -43900, 460.35)
upgrade(-15.0, 4.7, 1, -44100, 461.01)
upgrade(-15.0, 4.7, 1, -44700, 461.43)
ability(9.9, 19.6, "Drop The Beat", 470.03)
option(9.9, 19.6, "Track", "Red", 489.49)
ability(9.9, 19.6, "Drop The Beat", 503.79)
upgrade(9.9, 19.6, 1, -66700, 512.21)
option(9.9, 19.6, "Track", "Green", 532.32)
upgrade(17.2, 24.1, 1, -73310, 542.77)
place(-16.5, 0.9, 7.0, "Cowboy", -73310, 552.10)
upgrade(-16.5, 7.0, 1, -73510, 552.99)
upgrade(-16.5, 7.0, 1, -76110, 554.64)
ability(9.9, 19.6, "Drop The Beat", 561.19)
upgrade(14.6, 24.2, 1, -82720, 569.77)
upgrade(17.1, 26.7, 1, -89330, 599.30)
ability(9.9, 19.6, "Drop The Beat", 602.18)
upgrade(14.5, 26.7, 1, -95940, 603.92)
place(11.0, 4.0, 8.9, "Ranger", -95940, 611.57)
upgrade(11.0, 8.9, 1, -97215, 612.76)
place(8.1, 4.3, 7.7, "Ranger", -97215, 622.79)
upgrade(8.1, 7.7, 1, -98490, 625.57)
ability(9.9, 19.6, "Drop The Beat", 634.02)
place(13.9, 4.3, 7.4, "Ranger", -98490, 641.91)
upgrade(13.9, 7.4, 1, -99765, 642.58)
place(13.0, 4.3, 4.3, "Ranger", -99765, 648.12)
upgrade(13.0, 4.3, 1, -101040, 653.81)
ability(9.9, 19.6, "Drop The Beat", 664.35)
upgrade(13.9, 7.4, 1, -105715, 666.91)
upgrade(13.0, 4.3, 1, -110390, 673.29)
upgrade(11.0, 8.9, 1, -115065, 684.17)
upgrade(8.1, 7.7, 1, -119740, 697.73)
ability(9.9, 19.6, "Drop The Beat", 698.88)
upgrade(12.1, 24.4, 1, -126350, 709.17)
upgrade(12.0, 27.0, 1, -132960, 722.22)
ability(9.9, 19.6, "Drop The Beat", 731.32)
place(10.3, 4.5, 5.7, "Ranger", -132960, 733.33)
upgrade(10.3, 5.7, 1, -134235, 734.03)
upgrade(10.3, 5.7, 1, -138910, 737.83)
place(8.6, 4.2, 3.0, "Ranger", -138910, 755.67)
upgrade(8.6, 3.0, 1, -140185, 756.66)
ability(9.9, 19.6, "Drop The Beat", 761.54)
upgrade(8.6, 3.0, 1, -144860, 766.06)
place(6.1, 4.7, 4.5, "Ranger", -144860, 772.05)
upgrade(6.1, 4.5, 1, -146135, 772.74)
upgrade(6.1, 4.5, 1, -150810, 777.69)
place(2.8, 4.9, 5.3, "Ranger", -150810, 786.37)
upgrade(2.8, 5.3, 1, -152085, 787.27)
ability(9.9, 19.6, "Drop The Beat", 795.34)
upgrade(2.8, 5.3, 1, -156760, 796.17)
place(11.4, 0.9, 10.8, "Turret", -156760, 813.42)
upgrade(11.4, 10.8, 1, -159947, 814.22)
ability(9.9, 19.6, "Drop The Beat", 837.50)
upgrade(11.4, 10.8, 1, -183322, 844.41)
ability(9.9, 19.6, "Drop The Beat", 868.48)
upgrade(11.4, 10.8, 1, -213072, 893.43)
ability(9.9, 19.6, "Drop The Beat", 900.87)
place(8.8, 0.9, 13.9, "Turret", -213072, 905.41)
upgrade(8.8, 13.9, 1, -216259, 909.16)
upgrade(8.8, 13.9, 1, -222634, 914.88)
upgrade(8.8, 13.9, 1, -239634, 928.81)
ability(9.9, 19.6, "Drop The Beat", 937.40)
upgrade(8.8, 13.9, 1, -269384, 958.93)
ability(9.9, 19.6, "Drop The Beat", 969.91)
place(7.3, 0.9, 10.1, "Turret", -269384, 988.34)
upgrade(7.3, 10.1, 1, -272571, 989.63)
upgrade(7.3, 10.1, 1, -295946, 999.42)
ability(9.9, 19.6, "Drop The Beat", 1001.60)
sell(-15.0, 4.7, 1004.67)
sell(-16.5, 7.0, 1006.01)
upgrade(7.3, 10.1, 1, -325696, 1020.16)
ability(9.9, 19.6, "Drop The Beat", 1038.43)
upgrade(2.8, 5.3, 1, -339083, 1040.12)
upgrade(6.1, 4.5, 1, -352470, 1049.00)
option(9.9, 19.6, "Track", "Red", 1059.22)
upgrade(8.6, 3.0, 1, -367432, 1066.94)
upgrade(8.1, 7.7, 1, -382394, 1070.58)
ability(9.9, 19.6, "Drop The Beat", 1074.66)
upgrade(10.3, 5.7, 1, -397356, 1082.58)
upgrade(11.0, 8.9, 1, -412318, 1100.54)
upgrade(13.0, 4.3, 1, -427280, 1103.25)
ability(9.9, 19.6, "Drop The Beat", 1106.65)
upgrade(13.9, 7.4, 1, -442242, 1110.49)
ability(9.9, 19.6, "Drop The Beat", 1136.99)
option(9.9, 19.6, "Track", "Green", 1154.88)
upgrade(7.3, 10.1, 1, -497492, 1164.29)
ability(9.9, 19.6, "Drop The Beat", 1169.13)
upgrade(8.8, 13.9, 1, -552742, 1198.63)
ability(9.9, 19.6, "Drop The Beat", 1200.48)
option(9.9, 19.6, "Track", "Red", 1214.99)
ability(9.9, 19.6, "Drop The Beat", 1232.41)
upgrade(11.4, 10.8, 1, -614492, 1241.30)
upgrade(11.0, 8.9, 1, -638242, 1263.66)
ability(9.9, 19.6, "Drop The Beat", 1267.35)
upgrade(2.8, 5.3, 1, -661992, 1280.21)
ability(9.9, 19.6, "Drop The Beat", 1297.69)
upgrade(8.1, 7.7, 1, -685742, 1300.30)
upgrade(6.1, 4.5, 1, -709492, 1313.23)
target(10.3, 5.7, "Last", 1337.34)
upgrade(10.3, 5.7, 1, -733242, 1341.29)
target(10.3, 5.7, "Last", 1341.61)
target(10.3, 5.7, "First", 1342.27)
ability(9.9, 19.6, "Drop The Beat", 1348.77)
upgrade(8.6, 3.0, 1, -756992, 1382.45)
upgrade(13.9, 7.4, 1, -780742, 1385.11)
ability(9.9, 19.6, "Drop The Beat", 1388.45)
upgrade(13.0, 4.3, 1, -804492, 1390.41)
place(4.1, 0.9, 8.5, "Minigunner", -804492, 1399.84)
upgrade(4.1, 8.5, 1, -804824, 1400.75)
upgrade(4.1, 8.5, 1, -806249, 1401.17)
upgrade(4.1, 8.5, 1, -811474, 1401.57)
place(4.1, 0.9, 11.6, "Minigunner", -827624, 1407.13)
upgrade(4.1, 11.6, 1, -827956, 1407.83)
upgrade(4.1, 11.6, 1, -834606, 1408.44)
place(15.0, 1.0, 10.0, "Minigunner", -850756, 1414.43)
upgrade(15.0, 10.0, 1, -851088, 1415.13)
upgrade(15.0, 10.0, 1, -857738, 1415.79)
place(16.8, 1.0, 7.5, "Minigunner", -873888, 1418.26)
upgrade(16.8, 7.5, 1, -874220, 1419.17)
upgrade(16.8, 7.5, 1, -880870, 1419.68)
ability(9.9, 19.6, "Drop The Beat", 1422.14)
place(14.4, 0.9, 13.1, "Minigunner", -880870, 1434.20)
upgrade(14.4, 13.1, 1, -881202, 1435.06)
upgrade(14.4, 13.1, 1, -887852, 1435.54)
place(17.3, 1.0, 12.3, "Minigunner", -887852, 1440.16)
upgrade(17.3, 12.3, 1, -888184, 1440.94)
upgrade(17.3, 12.3, 1, -894834, 1441.52)
place(16.7, 0.9, 15.4, "Minigunner", -910984, 1444.72)
upgrade(16.7, 15.4, 1, -911316, 1445.59)
upgrade(16.7, 15.4, 1, -917966, 1446.14)
ability(9.9, 19.6, "Drop The Beat", 1453.64)
place(19.1, 1.0, 9.7, "Minigunner", -934116, 1454.43)
upgrade(19.1, 9.7, 1, -934448, 1455.31)
upgrade(19.1, 9.7, 1, -941098, 1455.87)
upgrade(19.1, 9.7, 1, -957248, 1458.46)
ability(9.9, 19.6, "Drop The Beat", 1461.66)
upgrade(14.4, 13.1, 1, -973398, 1462.62)
upgrade(16.8, 7.5, 1, -989548, 1467.45)
place(16.2, 1.0, 4.4, "Minigunner", -989548, 1481.79)
upgrade(16.2, 4.4, 1, -989880, 1482.83)
upgrade(16.2, 4.4, 1, -996530, 1483.36)
place(13.8, 1.0, 2.3, "Minigunner", -1012680, 1488.50)
upgrade(13.8, 2.3, 1, -1013012, 1489.39)
upgrade(13.8, 2.3, 1, -1019662, 1489.99)
place(11.1, 1.0, 1.0, "Minigunner", -1035812, 1493.87)
ability(9.9, 19.6, "Drop The Beat", 1494.35)
upgrade(11.1, 1.0, 1, -1036144, 1495.83)
upgrade(11.1, 1.0, 1, -1042794, 1496.22)
place(8.3, 1.0, -0.3, "Minigunner", -1058944, 1512.74)
upgrade(8.3, -0.3, 1, -1059294, 1514.12)
upgrade(8.3, -0.3, 1, -1066294, 1514.78)
place(19.1, 1.0, 5.3, "Minigunner", -1083294, 1519.49)
upgrade(19.1, 5.3, 1, -1083626, 1520.35)
upgrade(19.1, 5.3, 1, -1090276, 1520.92)
upgrade(19.1, 5.3, 1, -1106426, 1525.63)
ability(9.9, 19.6, "Drop The Beat", 1526.54)
place(18.2, 1.0, 2.2, "Minigunner", -1106426, 1530.42)
upgrade(18.2, 2.2, 1, -1106776, 1531.34)
upgrade(18.2, 2.2, 1, -1113776, 1531.86)
upgrade(18.2, 2.2, 1, -1130776, 1538.19)
ability(9.9, 19.6, "Drop The Beat", 1566.87)
place(1.1, 0.9, 7.8, "Minigunner", -1130776, 1568.52)
upgrade(1.1, 7.8, 1, -1131108, 1569.44)
upgrade(1.1, 7.8, 1, -1137758, 1569.99)
place(1.0, 0.9, 11.1, "Minigunner", -1153908, 1572.64)
upgrade(1.0, 11.1, 1, -1154240, 1573.67)
upgrade(1.0, 11.1, 1, -1160890, 1574.28)
place(-1.1, 0.9, 5.3, "Minigunner", -1177040, 1579.67)
upgrade(-1.1, 5.3, 1, -1177372, 1580.46)
upgrade(-1.1, 5.3, 1, -1184022, 1581.04)
place(-2.0, 0.9, 8.5, "Minigunner", -1200172, 1586.11)
upgrade(-2.0, 8.5, 1, -1200504, 1587.04)
upgrade(-2.0, 8.5, 1, -1207154, 1587.69)
place(-2.1, 0.9, 11.8, "Minigunner", -1223304, 1593.50)
upgrade(-2.1, 11.8, 1, -1223636, 1594.46)
upgrade(-2.1, 11.8, 1, -1230286, 1595.17)
place(5.6, 1.0, 19.6, "Minigunner", -1246436, 1599.11)
upgrade(5.6, 19.6, 1, -1246768, 1600.22)
upgrade(5.6, 19.6, 1, -1253418, 1600.80)
place(6.8, 1.0, 22.6, "Minigunner", -1253418, 1604.05)
upgrade(6.8, 22.6, 1, -1253750, 1605.07)
upgrade(6.8, 22.6, 1, -1260400, 1605.62)
upgrade(6.8, 22.6, 1, -1292700, 1606.12)
ability(9.9, 19.6, "Drop The Beat", 1607.19)
ability(9.9, 19.6, "Drop The Beat", 1611.34)
upgrade(5.6, 19.6, 1, -1292700, 1612.43)
place(9.3, 1.0, 24.4, "Minigunner", -1292700, 1620.43)
upgrade(9.3, 24.4, 1, -1293032, 1621.34)
upgrade(9.3, 24.4, 1, -1299682, 1621.78)
upgrade(9.3, 24.4, 1, -1304907, 1622.33)
ability(9.9, 19.6, "Drop The Beat", 1649.73)
ability(9.9, 19.6, "Drop The Beat", 1682.44)
ability(9.9, 19.6, "Drop The Beat", 1716.91)
ability(9.9, 19.6, "Drop The Beat", 1718.24)
ability(9.9, 19.6, "Drop The Beat", 1718.93)
ability(9.9, 19.6, "Drop The Beat", 1719.36)
ability(9.9, 19.6, "Drop The Beat", 1750.17)
ability(9.9, 19.6, "Drop The Beat", 1781.68)
ability(9.9, 19.6, "Drop The Beat", 1782.62)
sell(17.1, 26.7, 1793.20)
sell(12.0, 27.0, 1795.35)
sell(14.5, 26.7, 1796.47)
sell(9.3, 24.4, 1797.83)
sell(6.8, 22.6, 1798.95)
sell(5.6, 19.6, 1800.25)
sell(12.1, 24.4, 1801.48)
sell(14.6, 24.2, 1802.51)
sell(17.2, 24.1, 1803.44)
place(-2.4, 0.9, 15.1, "Minigunner", -1304907, 1807.61)
upgrade(-2.4, 15.1, 1, -1305239, 1808.65)
upgrade(-2.4, 15.1, 1, -1311889, 1809.18)
place(-4.7, 0.9, 10.1, "Minigunner", -1328039, 1813.48)
upgrade(-4.7, 10.1, 1, -1328371, 1814.37)
upgrade(-4.7, 10.1, 1, -1335021, 1815.02)
place(-4.3, 0.9, 6.6, "Minigunner", -1351171, 1817.50)
upgrade(-4.3, 6.6, 1, -1351521, 1818.33)
upgrade(-4.3, 6.6, 1, -1358521, 1818.95)
place(-10.2, 0.9, 4.4, "Minigunner", -1375521, 1821.83)
upgrade(-10.2, 4.4, 1, -1375871, 1822.91)
upgrade(-10.2, 4.4, 1, -1382871, 1823.43)
place(-10.1, 0.9, 7.5, "Minigunner", -1399871, 1826.42)
upgrade(-10.1, 7.5, 1, -1400221, 1827.29)
upgrade(-10.1, 7.5, 1, -1407221, 1827.92)
ability(9.9, 19.6, "Drop The Beat", 1829.29)
place(-10.2, 0.9, 10.7, "Minigunner", -1424221, 1833.83)
upgrade(-10.2, 10.7, 1, -1424571, 1834.67)
upgrade(-10.2, 10.7, 1, -1431571, 1835.29)
upgrade(-10.2, 10.7, 1, -1448571, 1835.73)
place(-10.2, 1.0, 1.3, "Minigunner", -1448571, 1840.17)
upgrade(-10.2, 1.3, 1, -1448921, 1841.17)
upgrade(-10.2, 1.3, 1, -1455921, 1841.75)
upgrade(-10.2, 1.3, 1, -1472921, 1842.20)
place(-13.0, 1.0, 2.8, "Minigunner", -1472921, 1845.18)
upgrade(-13.0, 2.8, 1, -1473271, 1845.98)
upgrade(-13.0, 2.8, 1, -1480271, 1846.65)
place(-13.0, 0.9, 5.9, "Minigunner", -1497271, 1857.03)
upgrade(-13.0, 5.9, 1, -1497621, 1857.93)
upgrade(-13.0, 5.9, 1, -1504621, 1858.62)
sell(9.9, 19.6, 1868.66)
sell(11.4, 10.8, 1870.76)
sell(7.3, 10.1, 1871.80)
sell(8.8, 13.9, 1872.79)
place(-16.0, 1.0, 0.2, "Turret", -1521621, 1876.32)
upgrade(-16.0, 0.2, 1, -1525371, 1877.19)
upgrade(-16.0, 0.2, 1, -1552871, 1877.75)
upgrade(-16.0, 0.2, 1, -1652871, 1878.23)
place(-20.3, 1.0, 0.2, "Turret", -1652871, 1880.15)
upgrade(-20.3, 0.2, 1, -1656621, 1881.06)
upgrade(-20.3, 0.2, 1, -1664121, 1881.68)
upgrade(-20.3, 0.2, 1, -1719121, 1882.27)
place(-18.7, 1.0, 5.1, "DJ Booth", -1784121, 1885.68)
upgrade(-18.7, 5.1, 1, -1784421, 1886.64)
upgrade(-18.7, 5.1, 1, -1788671, 1887.28)
upgrade(-18.7, 5.1, 1, -1816671, 1887.85)
upgrade(-18.7, 5.1, 1, -1836671, 1888.14)
option(-18.7, 5.1, "Track", "Red", 1889.00)
place(-11.0, 1.0, -2.5, "Turret", -1816671, 1892.86)
upgrade(-11.0, -2.5, 1, -1820233, 1893.72)
upgrade(-11.0, -2.5, 1, -1846358, 1894.36)
upgrade(-11.0, -2.5, 1, -1941358, 1894.85)
ability(-18.7, 5.1, "Drop The Beat", 1899.35)
sell(13.8, 2.3, 1902.98)
sell(18.2, 2.2, 1904.21)
sell(19.1, 5.3, 1905.10)
sell(11.1, 1.0, 1906.21)
sell(8.3, -0.3, 1907.17)
place(-18.0, 1.0, -6.8, "Minigunner", -1941358, 1909.75)
upgrade(-18.0, -6.8, 1, -1941690, 1910.65)
upgrade(-18.0, -6.8, 1, -1948340, 1911.25)
place(-21.1, 1.0, -6.5, "Minigunner", -1964490, 1913.30)
upgrade(-21.1, -6.5, 1, -1964822, 1914.23)
upgrade(-21.1, -6.5, 1, -1966247, 1914.64)
place(-24.5, 1.0, -6.6, "Minigunner", -1987622, 1917.14)
upgrade(-24.5, -6.6, 1, -1987954, 1917.82)
upgrade(-24.5, -6.6, 1, -1994604, 1918.37)
place(-17.8, 1.0, -10.2, "Minigunner", -2010754, 1921.05)
upgrade(-17.8, -10.2, 1, -2011086, 1921.80)
upgrade(-17.8, -10.2, 1, -2017736, 1922.39)
place(-21.1, 1.0, -9.9, "Minigunner", -2033886, 1925.34)
upgrade(-21.1, -9.9, 1, -2034218, 1926.17)
upgrade(-21.1, -9.9, 1, -2040868, 1926.77)
sell(19.1, 9.7, 1928.49)
sell(16.8, 7.5, 1929.39)
place(-17.7, 1.0, -13.8, "Minigunner", -2057018, 1933.62)
upgrade(-17.7, -13.8, 1, -2057368, 1934.66)
upgrade(-17.7, -13.8, 1, -2069868, 1935.31)
place(-21.6, 1.0, -14.4, "Minigunner", -2069868, 1937.36)
upgrade(-21.6, -14.4, 1, -2070218, 1938.41)
upgrade(-21.6, -14.4, 1, -2077218, 1939.04)
upgrade(-21.6, -14.4, 1, -2094218, 1939.45)
sell(16.2, 4.4, 1941.54)
sell(17.3, 12.3, 1942.89)
ability(-18.7, 5.1, "Drop The Beat", 1944.39)
sell(16.7, 15.4, 1945.39)
sell(-4.7, 10.1, 1947.36)
sell(-2.1, 11.8, 1948.21)
place(-28.3, 1.0, -6.8, "Minigunner", -2094218, 1957.23)
upgrade(-28.3, -6.8, 1, -2094550, 1958.27)
upgrade(-28.3, -6.8, 1, -2095975, 1958.80)
upgrade(-28.3, -6.8, 1, -2117350, 1959.45)
place(-18.3, 1.0, -17.1, "Minigunner", -2117350, 1961.57)
upgrade(-18.3, -17.1, 1, -2117700, 1962.36)
upgrade(-18.3, -17.1, 1, -2124700, 1962.98)
place(-21.5, 1.0, -17.6, "Minigunner", -2141700, 1965.66)
upgrade(-21.5, -17.6, 1, -2142050, 1966.53)
upgrade(-21.5, -17.6, 1, -2149050, 1967.02)
place(-24.4, 1.0, -23.6, "Minigunner", -2166050, 1972.90)
upgrade(-24.4, -23.6, 1, -2166400, 1973.66)
upgrade(-24.4, -23.6, 1, -2173400, 1974.28)
upgrade(-24.4, -23.6, 1, -2190400, 1974.70)
place(-27.5, 1.0, -23.7, "Minigunner", -2190400, 1976.84)
upgrade(-27.5, -23.7, 1, -2190750, 1977.50)
upgrade(-27.5, -23.7, 1, -2197750, 1978.07)