-- ZEPHYR_META: {"authorId":"1001927543080894565","authorTag":"guus0945","createdAt":"2026-06-10T11:09:47.633Z","updatedAt":"2026-06-10T11:09:47.633Z"}
place(12.2, 1.0, 24.1, "Cowboy", 0, 0.11)
upgrade(12.2, 24.1, 1, -200, 24.32)
skip(2, 50.50)
place(12.1, 1.0, 26.6, "Cowboy", -200, 51.73)
upgrade(12.1, 26.6, 1, -400, 52.48)
upgrade(12.1, 26.6, 1, -1000, 79.27)
skip(3, 82.17)
upgrade(12.2, 24.1, 1, -1600, 84.87)
place(14.8, 1.0, 24.1, "Cowboy", -1600, 108.13)
upgrade(14.8, 24.1, 1, -1800, 108.79)
upgrade(14.8, 24.1, 1, -2400, 123.81)
place(14.6, 1.0, 26.6, "Cowboy", -2400, 138.23)
upgrade(14.6, 26.6, 1, -2600, 138.70)
place(17.3, 1.0, 24.0, "Cowboy", -3200, 157.05)
upgrade(17.3, 24.0, 1, -3400, 159.41)
upgrade(17.3, 24.0, 1, -4000, 166.98)
place(17.2, 1.0, 26.6, "Cowboy", -4000, 171.51)
upgrade(17.2, 26.6, 1, -4200, 172.32)
upgrade(17.2, 26.6, 1, -4800, 188.22)
place(10.0, 1.0, 19.6, "DJ Booth", -4800, 199.12)
upgrade(10.0, 19.6, 1, -5100, 203.89)
upgrade(10.0, 19.6, 1, -6350, 206.16)
option(10.0, 19.6, "Track", "Green", 238.31)
upgrade(10.0, 19.6, 1, -9350, 241.93)
ability(10.0, 19.6, "Drop The Beat", 243.60)
upgrade(17.3, 24.0, 1, -11150, 262.89)
ability(10.0, 19.6, "Drop The Beat", 273.90)
upgrade(14.8, 24.1, 1, -12950, 274.57)
upgrade(12.2, 24.1, 1, -14750, 287.69)
ability(10.0, 19.6, "Drop The Beat", 305.80)
upgrade(12.1, 26.6, 1, -16550, 306.23)
upgrade(14.6, 26.6, 1, -18350, 307.50)
upgrade(17.2, 26.6, 1, -20150, 327.41)
ability(10.0, 19.6, "Drop The Beat", 339.34)
upgrade(10.0, 19.6, 1, -28150, 370.49)
ability(10.0, 19.6, "Drop The Beat", 371.27)
upgrade(17.3, 24.0, 1, -30775, 381.40)
upgrade(17.2, 26.6, 1, -33400, 394.14)
ability(10.0, 19.6, "Drop The Beat", 401.75)
upgrade(14.6, 26.6, 1, -36025, 403.13)
upgrade(14.8, 24.1, 1, -38650, 422.51)
ability(10.0, 19.6, "Drop The Beat", 432.17)
upgrade(12.1, 26.6, 1, -41275, 433.25)
upgrade(12.2, 24.1, 1, -43900, 437.63)
ability(10.0, 19.6, "Drop The Beat", 464.98)
ability(10.0, 19.6, "Drop The Beat", 497.40)
place(-16.1, 1.0, 4.5, "Cowboy", -43900, 502.23)
upgrade(-16.1, 4.5, 1, -44100, 502.61)
upgrade(-16.1, 4.5, 1, -46700, 503.38)
upgrade(10.0, 19.6, 1, -66700, 523.84)
ability(10.0, 19.6, "Drop The Beat", 537.43)
sell(-16.1, 4.5, 546.87)
upgrade(17.3, 24.0, 1, -73310, 547.70)
upgrade(14.8, 24.1, 1, -79920, 573.22)
ability(10.0, 19.6, "Drop The Beat", 573.99)
upgrade(12.2, 24.1, 1, -86530, 584.82)
ability(10.0, 19.6, "Drop The Beat", 605.09)
upgrade(17.2, 26.6, 1, -93140, 605.76)
place(11.3, 4.0, 8.8, "Ranger", -93140, 612.72)
place(13.6, 4.4, 6.9, "Ranger", -93140, 618.50)
place(12.6, 4.3, 4.0, "Ranger", -93140, 631.62)
ability(10.0, 19.6, "Drop The Beat", 635.84)
place(10.2, 4.5, 6.1, "Ranger", -93140, 636.62)
upgrade(11.3, 8.8, 1, -94415, 640.36)
upgrade(10.2, 6.1, 1, -95690, 644.99)
upgrade(13.6, 6.9, 1, -96965, 652.66)
upgrade(12.6, 4.0, 1, -98240, 654.37)
upgrade(11.3, 8.8, 1, -102915, 659.04)
ability(10.0, 19.6, "Drop The Beat", 667.89)
upgrade(13.6, 6.9, 1, -107590, 668.57)
upgrade(10.2, 6.1, 1, -112265, 677.36)
upgrade(12.6, 4.0, 1, -116940, 689.34)
ability(10.0, 19.6, "Drop The Beat", 698.37)
upgrade(14.6, 26.6, 1, -123550, 705.04)
upgrade(12.1, 26.6, 1, -130160, 718.96)
place(9.3, 4.3, 3.1, "Ranger", -130160, 725.76)
upgrade(9.3, 3.1, 1, -131435, 726.25)
upgrade(9.3, 3.1, 1, -136110, 734.43)
ability(10.0, 19.6, "Drop The Beat", 735.77)
place(7.1, 4.4, 7.0, "Ranger", -136110, 741.97)
upgrade(7.1, 7.0, 1, -137385, 743.29)
upgrade(7.1, 7.0, 1, -142060, 757.55)
ability(10.0, 19.6, "Drop The Beat", 770.81)
place(6.4, 4.2, 2.3, "Ranger", -142060, 772.60)
upgrade(6.4, 2.3, 1, -143335, 773.15)
place(5.0, 4.8, 4.9, "Ranger", -148010, 779.24)
upgrade(5.0, 4.9, 1, -149285, 786.15)
upgrade(5.0, 4.9, 1, -153960, 786.37)
ability(10.0, 19.6, "Drop The Beat", 801.28)
place(11.7, 0.9, 10.5, "Turret", -153960, 807.30)
upgrade(11.7, 10.5, 1, -157147, 808.18)
upgrade(11.7, 10.5, 1, -163522, 814.36)
upgrade(11.7, 10.5, 1, -180522, 843.59)
ability(10.0, 19.6, "Drop The Beat", 850.64)
ability(10.0, 19.6, "Drop The Beat", 882.78)
upgrade(11.7, 10.5, 1, -210272, 889.83)
place(9.5, 0.9, 13.9, "Turret", -210272, 898.04)
upgrade(9.5, 13.9, 1, -213459, 903.51)
upgrade(9.5, 13.9, 1, -219834, 910.65)
ability(10.0, 19.6, "Drop The Beat", 915.30)
upgrade(9.5, 13.9, 1, -236834, 929.32)
ability(10.0, 19.6, "Drop The Beat", 948.63)
upgrade(9.5, 13.9, 1, -266584, 955.05)
option(10.0, 19.6, "Track", "Red", 962.15)
place(7.6, 0.9, 10.1, "Turret", -266584, 970.80)
upgrade(7.6, 10.1, 1, -270146, 971.36)
upgrade(7.6, 10.1, 1, -277271, 972.82)
upgrade(7.6, 10.1, 1, -296271, 1010.63)
ability(10.0, 19.6, "Drop The Beat", 1016.23)
upgrade(7.6, 10.1, 1, -329521, 1026.29)
upgrade(7.1, 7.0, 1, -344483, 1049.76)
ability(10.0, 19.6, "Drop The Beat", 1053.29)
upgrade(5.0, 4.9, 1, -359445, 1054.35)
upgrade(6.4, 2.3, 1, -374407, 1064.03)
upgrade(9.3, 3.1, 1, -389369, 1078.82)
ability(10.0, 19.6, "Drop The Beat", 1084.04)
upgrade(11.3, 8.8, 1, -404331, 1086.96)
upgrade(10.2, 6.1, 1, -419293, 1096.62)
upgrade(13.6, 6.9, 1, -434255, 1104.76)
upgrade(12.6, 4.0, 1, -449217, 1113.36)
ability(10.0, 19.6, "Drop The Beat", 1115.42)
ability(10.0, 19.6, "Drop The Beat", 1146.56)
upgrade(7.6, 10.1, 1, -510967, 1165.58)
upgrade(9.5, 13.9, 1, -572717, 1217.09)
ability(10.0, 19.6, "Drop The Beat", 1218.07)
target(11.7, 10.5, "Last", 1255.70)
upgrade(11.7, 10.5, 1, -634467, 1259.03)
ability(10.0, 19.6, "Drop The Beat", 1260.20)
target(11.7, 10.5, "First", 1289.67)
ability(10.0, 19.6, "Drop The Beat", 1290.88)
upgrade(7.1, 7.0, 1, -658217, 1299.71)
upgrade(5.0, 4.9, 1, -681967, 1302.69)
target(11.7, 10.5, "Last", 1321.69)
ability(10.0, 19.6, "Drop The Beat", 1324.23)
target(11.7, 10.5, "First", 1328.51)
upgrade(9.3, 3.1, 1, -705717, 1329.92)
place(-28.9, 1.0, -19.5, "Minigunner", -705717, 1363.18)
upgrade(-28.9, -19.5, 1, -706067, 1363.65)
upgrade(-28.9, -19.5, 1, -713067, 1363.90)
ability(10.0, 19.6, "Drop The Beat", 1372.75)
sell(-28.9, -19.5, 1387.01)
upgrade(6.4, 2.3, 1, -753817, 1388.51)
upgrade(10.2, 6.1, 1, -777567, 1390.25)
upgrade(11.3, 8.8, 1, -801317, 1402.83)
ability(10.0, 19.6, "Drop The Beat", 1403.65)
upgrade(12.6, 4.0, 1, -825067, 1412.59)
upgrade(13.6, 6.9, 1, -848817, 1421.50)
place(4.4, 0.9, 8.3, "Minigunner", -848817, 1439.55)
upgrade(4.4, 8.3, 1, -849149, 1440.02)
upgrade(4.4, 8.3, 1, -855799, 1440.29)
place(4.3, 0.9, 11.4, "Minigunner", -871949, 1441.75)
upgrade(4.3, 11.4, 1, -872281, 1442.16)
upgrade(4.3, 11.4, 1, -878931, 1442.41)
place(6.0, 0.9, 13.9, "Minigunner", -895081, 1456.18)
upgrade(6.0, 13.9, 1, -895413, 1457.10)
upgrade(6.0, 13.9, 1, -902063, 1457.31)
ability(10.0, 19.6, "Drop The Beat", 1458.46)
place(15.2, 1.0, 9.8, "Minigunner", -918213, 1463.64)
upgrade(15.2, 9.8, 1, -918545, 1464.55)
upgrade(15.2, 9.8, 1, -925195, 1464.73)
upgrade(15.2, 9.8, 1, -941345, 1464.96)
place(17.0, 1.0, 7.2, "Minigunner", -941345, 1468.48)
upgrade(17.0, 7.2, 1, -941677, 1469.37)
upgrade(17.0, 7.2, 1, -948327, 1469.61)
upgrade(17.0, 7.2, 1, -964477, 1472.57)
place(15.9, 1.0, 4.2, "Minigunner", -964477, 1479.56)
upgrade(15.9, 4.2, 1, -964809, 1480.48)
upgrade(15.9, 4.2, 1, -971459, 1480.76)
place(13.4, 1.0, 2.4, "Minigunner", -987609, 1484.48)
upgrade(13.4, 2.4, 1, -989366, 1485.42)
upgrade(13.4, 2.4, 1, -1010741, 1485.82)
ability(10.0, 19.6, "Drop The Beat", 1490.65)
place(10.8, 1.0, 0.7, "Minigunner", -1010741, 1491.65)
upgrade(10.8, 0.7, 1, -1011073, 1492.22)
upgrade(10.8, 0.7, 1, -1017723, 1492.42)
upgrade(10.8, 0.7, 1, -1033873, 1493.50)
place(13.1, 0.9, 13.8, "Minigunner", -1033873, 1513.83)
upgrade(13.1, 13.8, 1, -1034205, 1514.25)
upgrade(13.1, 13.8, 1, -1040855, 1514.56)
upgrade(13.1, 13.8, 1, -1057005, 1515.31)
place(16.0, 1.0, 12.8, "Minigunner", -1057005, 1517.07)
upgrade(16.0, 12.8, 1, -1057337, 1517.48)
upgrade(16.0, 12.8, 1, -1063987, 1517.75)
ability(10.0, 19.6, "Drop The Beat", 1521.13)
upgrade(16.0, 12.8, 1, -1080137, 1531.39)
place(7.9, 1.0, -0.7, "Minigunner", -1080137, 1535.62)
upgrade(7.9, -0.7, 1, -1080487, 1536.29)
upgrade(7.9, -0.7, 1, -1087487, 1536.55)
upgrade(7.9, -0.7, 1, -1104487, 1545.43)
ability(10.0, 19.6, "Drop The Beat", 1552.93)
place(1.3, 0.9, 7.5, "Minigunner", -1104487, 1555.10)
upgrade(1.3, 7.5, 1, -1104819, 1555.53)
upgrade(1.3, 7.5, 1, -1111469, 1555.82)
place(1.4, 0.9, 10.6, "Minigunner", -1127619, 1557.71)
upgrade(1.4, 10.6, 1, -1127951, 1558.36)
upgrade(1.4, 10.6, 1, -1150751, 1561.95)
place(2.3, 0.9, 13.6, "Minigunner", -1150751, 1567.19)
upgrade(2.3, 13.6, 1, -1151083, 1567.69)
upgrade(2.3, 13.6, 1, -1157733, 1568.01)
place(-0.9, 0.9, 5.5, "Minigunner", -1173883, 1576.43)
upgrade(-0.9, 5.5, 1, -1174215, 1576.96)
upgrade(-0.9, 5.5, 1, -1180865, 1577.21)
upgrade(-0.9, 5.5, 1, -1197015, 1578.32)
place(-1.6, 0.9, 8.6, "Minigunner", -1197015, 1581.48)
upgrade(-1.6, 8.6, 1, -1197347, 1582.00)
upgrade(-1.6, 8.6, 1, -1203997, 1582.35)
ability(10.0, 19.6, "Drop The Beat", 1583.99)
upgrade(-1.6, 8.6, 1, -1220147, 1590.57)
place(-1.4, 0.9, 11.7, "Minigunner", -1220147, 1593.27)
upgrade(-1.4, 11.7, 1, -1220479, 1593.61)
upgrade(-1.4, 11.7, 1, -1221904, 1593.82)
upgrade(-1.4, 11.7, 1, -1227129, 1594.10)
upgrade(-1.4, 11.7, 1, -1243279, 1594.83)
place(18.1, 1.0, 10.6, "Minigunner", -1243279, 1600.45)
upgrade(18.1, 10.6, 1, -1243611, 1600.87)
upgrade(18.1, 10.6, 1, -1250261, 1602.51)
upgrade(18.1, 10.6, 1, -1266411, 1608.08)
ability(10.0, 19.6, "Drop The Beat", 1614.47)
place(19.9, 1.0, 8.2, "Minigunner", -1266411, 1615.07)
upgrade(19.9, 8.2, 1, -1266743, 1615.45)
upgrade(19.9, 8.2, 1, -1273393, 1615.73)
place(19.2, 1.0, 5.1, "Minigunner", -1289543, 1620.86)
upgrade(19.2, 5.1, 1, -1289875, 1621.62)
upgrade(19.2, 5.1, 1, -1296525, 1622.05)
upgrade(19.2, 5.1, 1, -1312675, 1625.93)
place(-2.2, 0.9, 14.7, "Minigunner", -1312675, 1635.59)
upgrade(-2.2, 14.7, 1, -1313007, 1636.03)
upgrade(-2.2, 14.7, 1, -1319657, 1636.28)
place(-4.3, 0.9, 12.4, "Minigunner", -1335807, 1637.75)
upgrade(-4.3, 12.4, 1, -1336139, 1638.32)
upgrade(-4.3, 12.4, 1, -1342789, 1638.76)
upgrade(-4.3, 12.4, 1, -1358939, 1643.12)
sell(12.2, 24.1, 1651.77)
place(16.4, 1.0, 18.8, "Minigunner", -1358939, 1654.54)
upgrade(16.4, 18.8, 1, -1359271, 1654.93)
upgrade(16.4, 18.8, 1, -1365921, 1655.19)
upgrade(16.4, 18.8, 1, -1382071, 1657.20)
sell(14.8, 24.1, 1660.55)
place(16.6, 0.9, 15.8, "Minigunner", -1382071, 1662.43)
upgrade(16.6, 15.8, 1, -1382403, 1662.97)
upgrade(16.6, 15.8, 1, -1389053, 1663.24)
ability(10.0, 19.6, "Drop The Beat", 1666.73)
upgrade(16.6, 15.8, 1, -1405203, 1668.19)
sell(17.3, 24.0, 1675.65)
place(18.9, 1.0, 13.8, "Minigunner", -1405203, 1678.92)
upgrade(18.9, 13.8, 1, -1405535, 1679.44)
upgrade(18.9, 13.8, 1, -1412185, 1679.71)
sell(12.1, 26.6, 1682.04)
place(-4.5, 0.9, 9.3, "Minigunner", -1428335, 1684.44)
upgrade(-4.5, 9.3, 1, -1428667, 1684.92)
upgrade(-4.5, 9.3, 1, -1435317, 1685.20)
sell(14.6, 26.6, 1688.27)
sell(17.2, 26.6, 1688.79)
place(-4.0, 0.9, 6.2, "Minigunner", -1451467, 1691.62)
upgrade(-4.0, 6.2, 1, -1451817, 1692.03)
upgrade(-4.0, 6.2, 1, -1458817, 1692.38)
place(-4.9, 0.9, 16.1, "Minigunner", -1475817, 1694.50)
upgrade(-4.9, 16.1, 1, -1476149, 1694.97)
ability(10.0, 19.6, "Drop The Beat", 1698.56)
upgrade(-4.9, 16.1, 1, -1482799, 1700.96)
upgrade(-4.9, 16.1, 1, -1498949, 1704.60)
ability(10.0, 19.6, "Drop The Beat", 1729.28)
ability(10.0, 19.6, "Drop The Beat", 1730.52)
ability(10.0, 19.6, "Drop The Beat", 1761.20)
ability(10.0, 19.6, "Drop The Beat", 1791.90)
sell(10.0, 19.6, 1805.91)
place(-0.7, 0.9, 1.0, "DJ Booth", -1498949, 1807.06)
upgrade(-0.7, 1.0, 1, -1499249, 1807.51)
upgrade(-0.7, 1.0, 1, -1503499, 1807.78)
upgrade(-0.7, 1.0, 1, -1531499, 1808.14)
option(-0.7, 1.0, "Track", "Red", 1809.17)
sell(16.4, 18.8, 1811.36)
sell(18.9, 13.8, 1812.38)
sell(16.6, 15.8, 1813.88)
place(-4.9, 0.9, 3.3, "Minigunner", -1531499, 1816.70)
upgrade(-4.9, 3.3, 1, -1531831, 1817.05)
upgrade(-4.9, 3.3, 1, -1533256, 1817.30)
upgrade(-4.9, 3.3, 1, -1554631, 1817.54)
place(4.5, 0.9, -1.3, "Minigunner", -1554631, 1818.79)
upgrade(4.5, -1.3, 1, -1554963, 1819.26)
upgrade(4.5, -1.3, 1, -1561613, 1819.58)
place(1.8, 1.0, -2.8, "Minigunner", -1577763, 1821.47)
upgrade(1.8, -2.8, 1, -1578095, 1821.96)
upgrade(1.8, -2.8, 1, -1584745, 1822.24)
ability(-0.7, 1.0, "Drop The Beat", 1823.08)
sell(19.9, 8.2, 1825.39)
sell(18.1, 10.6, 1826.45)
sell(19.2, 5.1, 1827.86)
place(-1.7, 1.0, -2.8, "Minigunner", -1600895, 1829.92)
upgrade(-1.7, -2.8, 1, -1601227, 1830.40)
upgrade(-1.7, -2.8, 1, -1607877, 1830.70)
place(-10.5, 1.0, 1.3, "Minigunner", -1624027, 1831.82)
upgrade(-10.5, 1.3, 1, -1624359, 1832.31)
upgrade(-10.5, 1.3, 1, -1631009, 1832.56)
place(-10.4, 1.0, -2.0, "Minigunner", -1647159, 1833.87)
upgrade(-10.4, -2.0, 1, -1647491, 1834.28)
upgrade(-10.4, -2.0, 1, -1654141, 1834.56)
sell(16.0, 12.8, 1835.85)
sell(13.1, 13.8, 1836.71)
sell(15.2, 9.8, 1838.56)
sell(17.0, 7.2, 1839.05)
place(-10.9, 0.9, 4.7, "Minigunner", -1670291, 1840.46)
upgrade(-10.9, 4.7, 1, -1670623, 1840.97)
upgrade(-10.9, 4.7, 1, -1677273, 1841.31)
place(-13.4, 1.0, 2.7, "Minigunner", -1693423, 1842.76)
upgrade(-13.4, 2.7, 1, -1693755, 1843.23)
upgrade(-13.4, 2.7, 1, -1700405, 1843.45)
place(-13.2, 1.0, -0.4, "Minigunner", -1716555, 1845.23)
upgrade(-13.2, -0.4, 1, -1716887, 1845.64)
upgrade(-13.2, -0.4, 1, -1723537, 1845.93)
place(-13.6, 0.9, 5.9, "Minigunner", -1739687, 1847.60)
upgrade(-13.6, 5.9, 1, -1740019, 1847.97)
upgrade(-13.6, 5.9, 1, -1741444, 1848.18)
upgrade(-13.6, 5.9, 1, -1762819, 1848.42)
sell(15.9, 4.2, 1851.71)
sell(13.4, 2.4, 1852.43)
place(-10.8, 0.9, 8.0, "Minigunner", -1762819, 1854.24)
upgrade(-10.8, 8.0, 1, -1764576, 1854.70)
upgrade(-10.8, 8.0, 1, -1785951, 1854.97)
upgrade(-10.8, 8.0, 1, -1802101, 1855.20)
ability(-0.7, 1.0, "Drop The Beat", 1857.16)
place(-13.7, 0.9, 9.1, "Minigunner", -1785951, 1858.51)
upgrade(-13.7, 9.1, 1, -1786283, 1858.90)
upgrade(-13.7, 9.1, 1, -1792933, 1859.25)
sell(10.8, 0.7, 1885.93)
sell(7.9, -0.7, 1886.77)
place(-11.7, 0.9, 11.6, "Minigunner", -1809083, 1889.33)
upgrade(-11.7, 11.6, 1, -1810840, 1889.78)
upgrade(-11.7, 11.6, 1, -1832215, 1890.04)
place(-14.7, 0.9, 12.1, "Minigunner", -1832215, 1891.42)
upgrade(-14.7, 12.1, 1, -1832547, 1891.94)
upgrade(-14.7, 12.1, 1, -1839197, 1892.22)
ability(-0.7, 1.0, "Drop The Beat", 1894.22)