-- NOTE: Must have Gatling gun modifier on!
place(9.896, 0.972, 26.192, "Engineer", 600)
upgrade(9.896, 2.322, 26.192, 565)
place(10.142, 0.970, 23.169, "Engineer", 830)
upgrade(10.142, 2.320, 23.169, 789)
upgrade(10.142, 2.320, 23.169, 1526)
upgrade(9.896, 2.322, 26.192, 1743)
place(12.375, 4.153, 8.256, "Gatling Gun", 5845)
upgrade(12.375, 5.051, 8.256, 3132)
upgrade(10.142, 2.320, 23.169, 2336)
place(3.040, 0.922, 13.256, "Biologist", 4218)
upgrade(3.040, 2.272, 13.256, 3112)
upgrade(3.040, 2.272, 13.256, 2868)
upgrade(3.040, 2.272, 13.256, 5171)
sell(10.142, 2.320, 23.169)
sell(9.896, 2.322, 26.192)
place(9.714, 0.929, 10.956, "Engineer", 7107)
upgrade(9.714, 2.279, 10.956, 6706)
upgrade(9.714, 2.279, 10.956, 6382)
upgrade(9.714, 2.279, 10.956, 5482)
place(12.720, 0.943, 10.919, "Engineer", 3505)
upgrade(12.720, 2.293, 10.919, 2905)
upgrade(12.720, 2.293, 10.919, 2580)
upgrade(12.720, 2.293, 10.919, 2480)
upgrade(12.375, 5.051, 8.256, 13175)
upgrade(9.714, 2.279, 10.956, 7175)
upgrade(12.720, 2.293, 10.919, 6304)
upgrade(12.720, 2.293, 10.919, 16913)
place(15.831, 0.959, 10.523, "Engineer", 7746)
upgrade(15.831, 2.309, 10.523, 7546)
upgrade(15.831, 2.309, 10.523, 7221)
upgrade(15.831, 2.309, 10.523, 6321)
upgrade(15.831, 2.309, 10.523, 13415)
place(-0.106, 0.928, 12.942, "Biologist", 7696)
upgrade(-0.106, 2.278, 12.942, 6946)
upgrade(-0.106, 2.278, 12.942, 5109)
upgrade(-0.106, 2.278, 12.942, 5096)
upgrade(15.831, 2.309, 10.523, 15006)
upgrade(9.714, 2.279, 10.956, 13322)
place(9.578, 0.966, 19.742, "DJ Booth", 22678)
upgrade(9.578, 2.331, 19.742, 21828)
upgrade(9.578, 2.331, 19.742, 21528)
upgrade(9.578, 2.331, 19.742, 20278)
SetDjTrack(9.578, 2.331, 19.742, "Red", 17478)
place(6.680, 0.918, 9.965, "Engineer", 26478)
upgrade(6.680, 2.268, 9.965, 25878)
upgrade(6.680, 2.268, 9.965, 25553)
upgrade(6.680, 2.268, 9.965, 24653)
upgrade(6.680, 2.268, 9.965, 25576)
upgrade(6.680, 2.268, 9.965, 19326)
place(14.609, 0.943, 13.545, "Engineer", 20923)
upgrade(14.609, 2.293, 13.545, 20323)
upgrade(14.609, 2.293, 13.545, 19998)
upgrade(14.609, 2.293, 13.545, 19098)
upgrade(14.609, 2.293, 13.545, 17021)
upgrade(14.609, 2.293, 13.545, 12771)
upgrade(12.375, 5.051, 8.256, 23612)
upgrade(9.578, 2.331, 19.742, 11561)
place(11.181, 0.925, 13.913, "Engineer", 3561)
upgrade(11.181, 2.275, 13.913, 2961)
upgrade(11.181, 2.275, 13.913, 2636)
upgrade(9.578, 2.331, 19.742, 22185)
upgrade(11.181, 2.275, 13.913, 5243)
upgrade(11.181, 2.275, 13.913, 22575)
upgrade(11.181, 2.275, 13.913, 7953)
DropTheBeat(9.578, 2.331, 19.742, 20826)
upgrade(9.714, 2.279, 10.956, 45126)
upgrade(12.375, 5.051, 8.256, 50561)
upgrade(11.181, 2.275, 13.913, 43886)
upgrade(14.609, 2.293, 13.545, 68064)
upgrade(12.720, 2.293, 10.919, 37189)
upgrade(6.680, 2.268, 9.965, 61363)
upgrade(15.831, 2.309, 10.523, 31088)
upgrade(12.375, 5.051, 8.256, 49050)
upgrade(-0.106, 2.278, 12.942, 78172)
upgrade(3.040, 2.272, 13.256, 47633)
upgrade(12.375, 5.051, 8.256, 110372)
place(2.261, 0.907, 9.725, "Biologist", 75718)
upgrade(2.261, 2.257, 9.725, 80398)
upgrade(2.261, 2.257, 9.725, 74369)
upgrade(2.261, 2.257, 9.725, 74366)
upgrade(2.261, 2.257, 9.725, 58074)
place(-0.939, 0.913, 9.566, "Biologist", 56866)
upgrade(-0.939, 2.263, 9.566, 61116)
upgrade(-0.939, 2.263, 9.566, 71505)
upgrade(-0.939, 2.263, 9.566, 81767)
upgrade(-0.939, 2.263, 9.566, 88504)
place(17.016, 0.975, 7.060, "Biologist", 130006)
upgrade(17.016, 2.325, 7.060, 129256)
upgrade(17.016, 2.325, 7.060, 128686)
upgrade(17.016, 2.325, 7.060, 126931)
upgrade(17.016, 2.325, 7.060, 122751)
upgrade(17.016, 2.325, 7.060, 103662)
place(17.043, 0.984, 4.057, "Biologist", 103654)
upgrade(17.043, 2.334, 4.057, 107404)
upgrade(17.043, 2.334, 4.057, 106579)
upgrade(17.043, 2.334, 4.057, 102490)
upgrade(17.043, 2.334, 4.057, 113302)
place(14.386, 0.978, 2.608, "Biologist", 99302)
upgrade(14.386, 2.328, 2.608, 109552)
upgrade(17.016, 2.325, 7.060, 111982)
upgrade(14.386, 2.328, 2.608, 126982)
upgrade(14.386, 2.328, 2.608, 125225)
upgrade(14.386, 2.328, 2.608, 130247)
place(11.205, 0.970, 0.938, "Biologist", 164950)
upgrade(11.205, 2.320, 0.938, 170625)
upgrade(11.205, 2.320, 0.938, 180825)
upgrade(11.205, 2.320, 0.938, 178975)
upgrade(11.205, 2.320, 0.938, 174475)
place(8.473, 0.961, -0.404, "Biologist", 160132)
DropTheBeat(9.578, 2.331, 19.742, 685110)
DropTheBeat(9.578, 2.331, 19.742, 777596)