place(28.866, 1.687, 1.756, "Brawler", 600)
place(26.766, 1.687, 1.684, "Brawler", 300)
upgrade(28.866, 3.037, 1.756, 373)
upgrade(26.766, 3.037, 1.684, 320)
place(24.597, 1.687, 1.632, "Brawler", 266)
place(24.635, 1.687, 1.584, "Brawler", 783)
upgrade(24.635, 3.037, 1.584, 483)
place(22.568, 1.687, 1.576, "Brawler", 345)
upgrade(22.568, 3.037, 1.576, 168)
place(20.479, 1.687, 1.597, "Brawler", 659)
upgrade(20.479, 3.037, 1.597, 359)
place(19.438, 1.687, -0.176, "Brawler", 325)
upgrade(19.438, 3.037, -0.176, 658)
place(28.888, 1.687, 7.332, "Brawler", 673)
upgrade(28.888, 3.037, 7.332, 373)
place(26.818, 1.687, 7.246, "Brawler", 347)
upgrade(26.818, 3.037, 7.246, 219)
place(24.485, 1.687, 7.263, "Brawler", 701)
upgrade(24.485, 3.037, 7.263, 590)
place(22.451, 1.687, 7.348, "Brawler", 440)
upgrade(22.451, 3.037, 7.348, 393)
upgrade(28.888, 3.037, 7.332, 1194)
place(29.003, 1.687, 1.540, "Brawler", 600)
place(26.987, 1.687, 1.530, "Brawler", 300)
upgrade(26.987, 3.037, 1.530, 373)
upgrade(29.003, 3.037, 1.540, 320)
place(24.928, 1.687, 1.492, "Brawler", 626)
upgrade(24.928, 3.037, 1.492, 483)
place(22.856, 1.687, 1.381, "Brawler", 345)
upgrade(22.856, 3.037, 1.381, 165)
place(20.762, 1.687, 1.468, "Brawler", 514)
upgrade(20.762, 3.037, 1.468, 356)
place(19.448, 1.687, -0.114, "Brawler", 312)
upgrade(19.448, 3.037, -0.114, 661)
upgrade(19.448, 3.037, -0.114, 511)
place(28.680, 1.687, 7.352, "Brawler", 676)
upgrade(28.680, 3.037, 7.352, 376)
place(26.447, 1.687, 7.274, "Brawler", 374)
upgrade(26.447, 3.037, 7.274, 222)
place(24.202, 1.687, 7.220, "Brawler", 704)
upgrade(24.202, 3.037, 7.220, 593)
place(22.202, 1.687, 7.349, "Brawler", 443)
upgrade(22.202, 3.037, 7.349, 243)
upgrade(28.680, 3.037, 7.352, 1377)