-- NOTE: bralwer
place(17.407, 0.987, 33.349, "Brawler", 600)
place(10.224, 0.977, 31.898, "Brawler", 324)
place(14.777, 0.984, 33.410, "Brawler", 361)
place(12.719, 0.996, 33.764, "Brawler", 674)
place(10.375, 0.992, 33.905, "Brawler", 386)
place(12.358, 0.979, 31.604, "Brawler", 705)
place(14.803, 0.982, 31.279, "Brawler", 525)
place(17.090, 0.985, 31.004, "Brawler", 1022)
place(8.120, 0.975, 33.998, "Brawler", 734)
place(7.968, 0.974, 31.949, "Brawler", 594)
upgrade(7.968, 2.324, 31.949, 318)
upgrade(7.968, 2.324, 31.949, 800)
upgrade(8.120, 2.325, 33.998, 270)
upgrade(8.120, 2.325, 33.998, 851)
upgrade(10.375, 2.342, 33.905, 201)
upgrade(14.777, 2.334, 33.410, 902)
upgrade(14.777, 2.334, 33.410, 752)
upgrade(12.719, 2.346, 33.764, 400)
upgrade(12.719, 2.346, 33.764, 1121)
upgrade(12.358, 2.329, 31.604, 371)
upgrade(12.358, 2.329, 31.604, 221)
upgrade(12.358, 2.329, 31.604, 1121)
upgrade(12.358, 2.329, 31.604, 414)
upgrade(12.358, 2.329, 31.604, 1723)