-- DIFFICULTY: Frost
place(-6.873, 1.000, -3.713, "Soldier", 726)
upgrade(-6.873, 2.350, -3.713, 276)
place(-7.320, 1.000, -9.174, "Soldier", 596)
upgrade(-7.320, 2.350, -9.174, 74)
upgrade(-6.873, 2.350, -3.713, 1240)
upgrade(-7.320, 2.350, -9.174, 1337)
place(-3.870, 1.000, -3.510, "Soldier", 702)
upgrade(-3.870, 2.350, -3.510, 252)
upgrade(-3.870, 2.350, -3.510, 1219)
place(-4.057, 1.000, -8.875, "Soldier", 539)
upgrade(-4.057, 2.350, -8.875, 209)
upgrade(-4.057, 2.350, -8.875, 1203)
place(-10.079, 1.000, -3.496, "Soldier", 2397)
upgrade(-10.079, 2.350, -3.496, 1947)
upgrade(-10.079, 2.350, -3.496, 1797)
place(-7.789, 1.000, -0.633, "Soldier", 1197)
upgrade(-7.789, 2.350, -0.633, 859)
upgrade(-7.789, 2.350, -0.633, 720)
upgrade(-7.789, 2.350, -0.633, 829)
place(-11.151, 1.000, -0.676, "Soldier", 1521)
upgrade(-11.151, 2.350, -0.676, 1071)
upgrade(-11.151, 2.350, -0.676, 921)
place(-0.604, 1.000, -3.458, "Soldier", 504)
upgrade(-0.604, 2.350, -3.458, 371)
upgrade(-0.604, 2.350, -3.458, 1273)
place(-10.571, 1.000, -9.146, "Soldier", 758)
upgrade(-10.571, 2.350, -9.146, 404)
upgrade(-10.571, 2.350, -9.146, 991)
upgrade(-6.873, 2.350, -3.713, 3873)
upgrade(-10.079, 2.350, -3.496, 3771)
upgrade(-7.320, 2.350, -9.174, 3915)
upgrade(-4.057, 2.350, -8.875, 3825)
upgrade(-10.571, 2.350, -9.146, 4841)
upgrade(-7.789, 2.350, -0.633, 3824)