-- ZEPHYR_META: {"authorId":"735590504053473421","authorTag":"4k4aka","category":"community","official":false,"createdAt":"2026-07-22T03:19:20.998Z","updatedAt":"2026-07-22T03:19:20.998Z"}
place(-1.2, 1.0, 17.7, "Soldier", -8240, 0.15)
upgrade(-1.2, 17.7, 1, -8390, 2.16)
place(2.0, 1.0, 17.9, "Soldier", -8390, 10.72)
place(-4.2, 1.0, 18.2, "Soldier", -8390, 19.11)
upgrade(2.0, 17.9, 1, -8540, 25.06)
upgrade(-4.2, 18.2, 1, -8690, 33.32)
upgrade(-4.2, 18.2, 1, -9490, 48.72)
upgrade(-1.2, 17.7, 1, -10290, 53.09)
upgrade(2.0, 17.9, 1, -11090, 66.45)
place(-12.7, 1.0, 25.7, "Shotgunner", -11090, 93.36)
upgrade(-12.7, 25.7, 1, -11730, 94.38)
place(7.3, 1.0, 28.2, "Shotgunner", -11730, 113.13)
upgrade(7.3, 28.2, 1, -12370, 114.26)
place(-10.6, 1.0, 26.1, "Shotgunner", -12370, 137.73)
upgrade(-10.6, 26.1, 1, -13010, 138.63)
place(12.3, 1.0, 30.5, "Shotgunner", -13010, 146.81)
upgrade(12.3, 30.5, 1, -13650, 150.03)
upgrade(-12.7, 25.7, 1, -15200, 153.75)
upgrade(7.3, 28.2, 1, -16750, 174.06)
upgrade(-10.6, 26.1, 1, -18300, 175.62)
upgrade(12.3, 30.5, 1, -19850, 192.58)
place(-13.0, 1.0, 23.6, "Shotgunner", -19850, 195.82)
upgrade(-13.0, 23.6, 1, -20490, 196.75)
upgrade(-13.0, 23.6, 1, -22040, 216.47)
place(6.9, 1.0, 26.2, "Shotgunner", -22040, 219.17)
upgrade(6.9, 26.2, 1, -22680, 220.77)
upgrade(6.9, 26.2, 1, -24230, 222.10)
upgrade(-1.2, 17.7, 1, -27980, 233.46)
upgrade(-10.6, 26.1, 1, -33980, 265.32)
place(13.3, 1.0, 28.1, "Shotgunner", -33980, 280.36)
upgrade(13.3, 28.1, 1, -34620, 281.64)
upgrade(13.3, 28.1, 1, -36170, 282.09)
upgrade(6.9, 26.2, 1, -42170, 295.53)
upgrade(-12.7, 25.7, 1, -48170, 306.70)
place(-0.3, 1.0, 20.8, "Crook Boss", -48170, 317.86)
upgrade(-0.3, 20.8, 1, -49770, 324.41)
upgrade(-0.3, 20.8, 1, -52970, 329.80)
upgrade(-13.0, 23.6, 1, -58970, 354.89)
upgrade(13.3, 28.1, 1, -64970, 359.30)
place(12.4, 1.0, 26.3, "Shotgunner", -64970, 369.18)
upgrade(12.4, 26.3, 1, -65610, 370.03)
place(6.4, 1.0, 24.1, "Shotgunner", -67160, 371.42)
upgrade(6.4, 24.1, 1, -67800, 372.15)
upgrade(6.4, 24.1, 1, -69350, 372.74)
upgrade(6.4, 24.1, 1, -75350, 381.73)
upgrade(12.4, 26.3, 1, -81350, 396.21)
upgrade(-1.2, 17.7, 1, -93350, 408.80)