-- ZEPHYR_META: {"authorId":"813398570148691978","authorTag":"fadhil4662","category":"community","official":false,"createdAt":"2026-06-20T04:46:31.517Z","updatedAt":"2026-06-20T04:46:31.517Z"}
-- NOTE: golden scout and few tree skill
place(-1.8, 1.0, 2.2, "Scout", 0, 2.86)
upgrade(-1.8, 2.2, 1, -150, 6.57)
place(4.8, 1.0, 3.1, "Scout", -150, 11.26)
upgrade(4.8, 3.1, 1, -300, 16.16)
upgrade(4.8, 3.1, 1, -1000, 36.36)
upgrade(-1.8, 2.2, 1, -1700, 56.32)
place(-0.6, 1.0, 5.1, "Scout", -1700, 68.65)
upgrade(-0.6, 5.1, 1, -1850, 75.01)
upgrade(-0.6, 5.1, 1, -2550, 77.42)
place(4.3, 1.0, 9.6, "Scout", -2550, 107.97)
upgrade(4.3, 9.6, 1, -2700, 111.86)
upgrade(4.3, 9.6, 1, -3400, 112.68)
upgrade(4.3, 9.6, 1, -5800, 147.08)
upgrade(-0.6, 5.1, 1, -8200, 175.37)
place(1.4, 1.0, 7.5, "Scout", -8200, 177.86)
upgrade(1.4, 7.5, 1, -8350, 182.11)
upgrade(1.4, 7.5, 1, -9050, 183.23)
place(4.6, 1.0, -0.1, "Scout", -9050, 194.29)
upgrade(4.6, -0.1, 1, -9200, 198.57)
upgrade(4.6, -0.1, 1, -9900, 199.30)
place(7.7, 1.0, 4.6, "Scout", -9900, 204.89)
upgrade(7.7, 4.6, 1, -10050, 207.30)
upgrade(7.7, 4.6, 1, -10750, 208.87)
upgrade(4.3, 9.6, 1, -14350, 227.85)
upgrade(7.7, 4.6, 1, -16750, 237.21)
upgrade(7.7, 4.6, 1, -20350, 254.72)
upgrade(1.4, 7.5, 1, -22750, 269.01)
upgrade(4.8, 3.1, 1, -25150, 282.01)
upgrade(4.8, 3.1, 1, -28750, 297.19)
upgrade(1.4, 7.5, 1, -32350, 307.81)