-- ZEPHYR_META: {"authorId":"1103596584505196605","authorTag":"etherined","category":"community","official":false,"createdAt":"2026-07-03T05:37:11.792Z","updatedAt":"2026-07-03T05:37:11.792Z"}
place(0.3, 1.0, -25.6, "Soldier", 0, 1.27)
place(-5.1, 1.0, -25.5, "Soldier", 0, 18.94)
place(0.3, 1.0, -22.5, "Soldier", 0, 35.04)
place(-5.0, 1.0, -22.5, "Soldier", 0, 38.59)
upgrade(0.3, -25.6, 1, -150, 43.05)
upgrade(-5.1, -25.5, 1, -300, 52.91)
upgrade(0.3, -22.5, 1, -450, 54.28)
upgrade(-5.0, -22.5, 1, -600, 55.30)
upgrade(0.3, -25.6, 1, -1400, 70.17)
upgrade(-5.1, -25.5, 1, -2200, 97.29)
upgrade(-5.0, -22.5, 1, -3000, 100.17)
upgrade(0.3, -22.5, 1, -3800, 113.83)
upgrade(-5.1, -25.5, 1, -7550, 155.47)
upgrade(0.3, -25.6, 1, -11300, 197.85)
upgrade(-5.0, -22.5, 1, -15050, 223.89)
upgrade(0.3, -22.5, 1, -18800, 245.12)
place(0.5, 1.0, -28.6, "Soldier", -18800, 265.33)
upgrade(0.5, -28.6, 1, -18950, 266.46)
upgrade(0.5, -28.6, 1, -19750, 266.82)
place(-5.0, 1.0, -28.6, "Soldier", -19750, 287.63)
upgrade(-5.0, -28.6, 1, -19900, 288.53)
upgrade(-5.0, -28.6, 1, -20700, 289.39)
upgrade(0.5, -28.6, 1, -24450, 303.31)
upgrade(-5.0, -28.6, 1, -28200, 316.50)
place(-5.1, 1.0, -31.7, "Soldier", -28200, 321.11)
upgrade(-5.1, -31.7, 1, -28350, 323.76)
upgrade(-5.1, -31.7, 1, -29150, 334.32)
upgrade(-5.1, -31.7, 1, -32900, 347.83)
place(0.6, 1.0, -31.7, "Soldier", -32900, 353.72)
upgrade(0.6, -31.7, 1, -33050, 354.84)
upgrade(0.6, -31.7, 1, -33850, 360.57)
upgrade(0.6, -31.7, 1, -37600, 367.23)
place(-5.1, 1.0, -19.4, "Soldier", -37600, 373.42)
upgrade(-5.1, -19.4, 1, -37750, 374.87)
upgrade(-5.1, -19.4, 1, -38550, 383.04)
upgrade(-5.1, -19.4, 1, -42300, 388.40)
place(0.8, 1.0, -19.5, "Soldier", -42300, 395.14)
upgrade(0.8, -19.5, 1, -42450, 396.31)
upgrade(0.8, -19.5, 1, -43250, 396.92)
place(3.3, 1.0, -30.0, "Soldier", -43250, 415.32)
upgrade(3.3, -30.0, 1, -43400, 416.16)
upgrade(3.3, -30.0, 1, -44200, 416.69)
place(3.3, 1.0, -26.8, "Soldier", -44200, 417.76)
upgrade(3.3, -26.8, 1, -44350, 418.73)
upgrade(3.3, -26.8, 1, -45150, 419.81)
place(3.5, 1.0, -33.0, "Soldier", -45150, 422.03)
upgrade(3.5, -33.0, 1, -45300, 422.88)
upgrade(3.5, -33.0, 1, -46100, 423.50)
place(3.3, 1.0, -23.3, "Soldier", -46100, 425.33)
upgrade(3.3, -23.3, 1, -46250, 426.01)
upgrade(3.3, -23.3, 1, -47050, 426.55)
place(3.8, 1.0, -20.2, "Soldier", -47050, 427.69)
upgrade(3.8, -20.2, 1, -47200, 428.41)
upgrade(3.8, -20.2, 1, -48000, 428.94)
place(-8.2, 1.0, -26.0, "Soldier", -48000, 430.83)
upgrade(-8.2, -26.0, 1, -48150, 432.09)
upgrade(-8.2, -26.0, 1, -48950, 432.60)
place(-7.9, 1.0, -21.1, "Soldier", -48950, 433.64)
upgrade(-7.9, -21.1, 1, -49100, 434.27)
upgrade(-7.9, -21.1, 1, -49900, 434.93)
place(-6.2, 1.0, -16.5, "Soldier", -49900, 436.30)
upgrade(-6.2, -16.5, 1, -50050, 437.44)
upgrade(-6.2, -16.5, 1, -50850, 438.11)
place(1.6, 1.0, -15.5, "Soldier", -50850, 438.83)
upgrade(1.6, -15.5, 1, -51000, 439.40)
upgrade(1.6, -15.5, 1, -51800, 439.98)
place(-5.8, 1.0, -13.3, "Soldier", -51800, 440.86)
upgrade(-5.8, -13.3, 1, -51950, 441.49)
upgrade(-5.8, -13.3, 1, -52750, 442.07)
place(1.7, 1.0, -12.2, "Soldier", -52750, 443.18)
upgrade(1.7, -12.2, 1, -52900, 444.29)
upgrade(1.7, -12.2, 1, -53700, 444.81)
place(4.5, 1.0, -14.4, "Soldier", -53700, 445.79)
upgrade(4.5, -14.4, 1, -53850, 446.91)
upgrade(4.5, -14.4, 1, -54650, 447.57)