-- ZEPHYR_META: {"authorId":"869514292100210720","authorTag":"vqixez","createdAt":"2026-06-08T16:35:41.749Z","updatedAt":"2026-06-08T16:35:41.749Z"}
-- NOTE: Use modifiers for more coins and use autoskip
place(1.0, 1.0, -37.0, "Soldier", 0, 5.48)
place(-5.9, 1.0, -32.9, "Soldier", 0, 13.92)
place(1.1, 1.0, -33.9, "Soldier", 0, 28.59)
upgrade(1.0, -37.0, 1, -150, 29.93)
upgrade(1.0, -37.0, 1, -950, 43.29)
upgrade(-5.7, -35.9, 1, -1100, 44.76)
upgrade(-5.7, -35.9, 1, -1900, 57.62)
upgrade(-5.9, -32.9, 1, -2050, 58.63)
upgrade(-5.9, -32.9, 1, -2850, 79.77)
upgrade(1.1, -33.9, 1, -3000, 80.40)
upgrade(1.1, -33.9, 1, -3800, 80.77)
place(4.4, 0.9, -36.7, "Soldier", -3800, 95.30)
place(-9.1, 0.9, -32.8, "Soldier", -3800, 97.37)
place(4.4, 1.0, -33.7, "Soldier", -3800, 99.07)
place(7.7, 1.0, -37.3, "Soldier", -3800, 100.57)
upgrade(4.4, -36.7, 1, -3950, 103.36)
upgrade(4.4, -33.7, 1, -4100, 110.58)
upgrade(4.4, -33.7, 1, -4900, 118.17)
upgrade(4.4, -36.7, 1, -5700, 119.22)
upgrade(7.7, -37.3, 1, -5850, 120.29)
upgrade(7.7, -37.3, 1, -6650, 134.01)
upgrade(-9.1, -32.8, 1, -6800, 135.07)
upgrade(-9.1, -32.8, 1, -7600, 135.37)
place(-6.1, 1.0, -29.7, "Soldier", -7600, 138.01)
upgrade(-6.1, -29.7, 1, -7750, 139.58)
upgrade(-6.1, -29.7, 1, -8550, 153.36)
place(1.5, 1.0, -30.8, "Soldier", -8550, 155.29)
upgrade(1.5, -30.8, 1, -8700, 156.49)
upgrade(1.5, -30.8, 1, -9500, 157.10)
place(4.7, 1.0, -30.6, "Soldier", -9500, 164.61)
upgrade(4.7, -30.6, 1, -9650, 165.83)
upgrade(4.7, -30.6, 1, -10450, 171.66)
place(-9.4, 1.0, -29.6, "Soldier", -10450, 175.63)
upgrade(-9.4, -29.6, 1, -10600, 176.64)
upgrade(-9.4, -29.6, 1, -11400, 177.43)
place(-12.5, 0.9, -30.2, "Soldier", -11400, 185.69)
upgrade(-12.5, -30.2, 1, -11550, 186.57)
upgrade(-12.5, -30.2, 1, -12350, 192.74)
place(1.8, 1.0, -27.7, "Soldier", -12350, 196.16)
upgrade(1.8, -27.7, 1, -12500, 196.74)
upgrade(1.8, -27.7, 1, -13300, 197.39)
place(7.5, 1.0, -33.9, "Soldier", -13300, 200.37)
upgrade(7.5, -33.9, 1, -13450, 201.11)
upgrade(7.5, -33.9, 1, -14250, 201.84)
place(7.8, 1.0, -30.5, "Soldier", -14250, 209.61)
upgrade(7.8, -30.5, 1, -14400, 210.32)
upgrade(7.8, -30.5, 1, -15200, 210.76)
place(5.2, 1.0, -27.5, "Soldier", -15200, 217.33)
upgrade(5.2, -27.5, 1, -15350, 218.22)
upgrade(5.2, -27.5, 1, -16150, 218.54)
place(-6.0, 1.0, -26.6, "Soldier", -16150, 221.73)
upgrade(-6.0, -26.6, 1, -16300, 222.55)
upgrade(-6.0, -26.6, 1, -17100, 235.49)
place(-9.3, 1.0, -26.4, "Soldier", -17100, 238.90)
upgrade(-9.3, -26.4, 1, -17250, 239.63)
upgrade(-9.3, -26.4, 1, -18050, 240.13)
place(-12.6, 1.0, -26.4, "Soldier", -18050, 242.61)
upgrade(-12.6, -26.4, 1, -18200, 243.18)
upgrade(-12.6, -26.4, 1, -19000, 243.86)
upgrade(-5.7, -35.9, 1, -22750, 258.43)
upgrade(1.0, -37.0, 1, -26500, 275.68)
upgrade(4.4, -36.7, 1, -30250, 279.17)
upgrade(1.1, -33.9, 1, -34000, 301.38)
upgrade(4.4, -33.7, 1, -37750, 314.25)
upgrade(-6.1, -29.7, 1, -41500, 326.41)
upgrade(-5.9, -32.9, 1, -45250, 337.18)
upgrade(-9.1, -32.8, 1, -49000, 351.31)
upgrade(-9.4, -29.6, 1, -52750, 355.57)
upgrade(-12.5, -30.2, 1, -56500, 375.84)
upgrade(1.5, -30.8, 1, -60250, 378.17)
upgrade(4.7, -30.6, 1, -64000, 380.92)
upgrade(-9.3, -26.4, 1, -67750, 383.41)
upgrade(-12.6, -26.4, 1, -71500, 385.61)
upgrade(7.8, -30.5, 1, -75250, 387.90)
upgrade(5.2, -27.5, 1, -79000, 389.86)
upgrade(1.8, -27.7, 1, -82750, 391.71)
upgrade(-6.0, -26.6, 1, -86500, 393.76)
upgrade(7.5, -33.9, 1, -90250, 395.36)