-- ZEPHYR_META: {"authorId":"1117259496641790003","authorTag":"nighteclipse","createdAt":"2026-06-14T01:57:42.414Z","updatedAt":"2026-06-14T01:57:42.414Z"}
-- NOTE: you need modifires to make more
place(-4.4, 1.0, 14.9, "Soldier", 0, 2.99)
upgrade(-4.4, 14.9, 1, -150, 8.98)
upgrade(-4.4, 14.9, 1, -950, 42.87)
place(-5.5, 0.9, 17.8, "Soldier", -950, 66.22)
upgrade(-5.5, 17.8, 1, -1100, 69.69)
upgrade(-5.5, 17.8, 1, -1900, 90.95)
place(-1.9, 0.9, 16.8, "Soldier", -1900, 116.92)
upgrade(-1.9, 16.8, 1, -2050, 121.17)
upgrade(-1.9, 16.8, 1, -2850, 145.66)
place(-2.5, 1.0, 20.4, "Soldier", -2850, 155.47)
upgrade(-2.5, 20.4, 1, -3000, 160.64)
upgrade(-2.5, 20.4, 1, -3800, 162.70)
place(-0.0, 1.0, 9.7, "Soldier", -3800, 197.76)
upgrade(-0.0, 9.7, 1, -3950, 201.96)
upgrade(-0.0, 9.7, 1, -4750, 202.15)
place(1.6, 0.9, 12.5, "Soldier", -4750, 208.34)
upgrade(1.6, 12.5, 1, -4900, 211.90)
upgrade(1.6, 12.5, 1, -5700, 213.02)
place(1.6, 1.0, 16.0, "Soldier", -5700, 242.19)
upgrade(1.6, 16.0, 1, -5850, 245.10)
place(-5.0, 1.0, 11.2, "Soldier", -6650, 258.63)
upgrade(-5.0, 11.2, 1, -6800, 263.76)
place(0.8, 0.9, 19.4, "Soldier", -6950, 277.32)
upgrade(0.8, 19.4, 1, -7100, 280.38)
upgrade(0.8, 19.4, 1, -11650, 283.62)
upgrade(-5.0, 11.2, 1, -15400, 319.37)
upgrade(-1.9, 16.8, 1, -19150, 356.00)
upgrade(1.6, 16.0, 1, -22900, 387.03)
upgrade(-0.0, 9.7, 1, -26650, 393.45)
upgrade(-4.4, 14.9, 1, -30400, 406.80)
upgrade(-5.5, 17.8, 1, -34150, 415.58)
upgrade(-2.5, 20.4, 1, -37900, 437.35)
place(-3.0, 1.0, 8.2, "Soldier", -37900, 444.58)
upgrade(-3.0, 8.2, 1, -38050, 448.12)
upgrade(-3.0, 8.2, 1, -41950, 461.04)
upgrade(-4.4, 14.9, 1, -53950, 526.27)
upgrade(-5.0, 11.2, 1, -65950, 536.44)
upgrade(-5.5, 17.8, 1, -77950, 549.11)
upgrade(-2.5, 20.4, 1, -89950, 552.29)