-- NOTE: pyro and crookboss
place(5.1, 1.0, -5.2, "Pyromancer", 0, 35.90)
upgrade(5.1, -5.2, 1, -487, 47.23)
upgrade(5.1, -5.2, 1, -1987, 95.68)
place(10.4, 1.0, 11.4, "Crook Boss", -1987, 142.01)
upgrade(10.4, 11.4, 1, -3862, 171.54)
place(3.9, 1.0, -26.2, "Pyromancer", -3862, 203.14)
upgrade(3.9, -26.2, 1, -4349, 204.64)
upgrade(3.9, -26.2, 1, -5849, 219.86)
place(7.4, 1.0, 11.3, "Crook Boss", -5849, 273.28)
upgrade(7.4, 11.3, 1, -7724, 300.54)
upgrade(7.4, 11.3, 1, -12824, 361.22)
upgrade(10.4, 11.4, 1, -17924, 410.68)
upgrade(5.1, -5.2, 1, -20924, 432.43)
place(7.4, 1.0, 8.3, "Crook Boss", -20924, 473.12)
upgrade(7.4, 8.3, 1, -22799, 480.37)