-- ZEPHYR_META: {"authorId":"1215964251013910558","authorTag":"hamsaiben187","category":"community","official":false,"createdAt":"2026-08-10T03:16:45.884Z","updatedAt":"2026-08-10T03:16:45.884Z"}
skip(19, 2.25)
skip(0, 15.18)
place(-12.2, 1.6, 25.4, "Farm", -38660, 17.83)
place(-12.1, 1.5, 29.0, "Farm", -38660, 20.04)
place(-12.2, 1.4, 33.0, "Farm", -38660, 24.97)
place(-12.2, 1.3, 37.3, "Farm", -38660, 28.42)
place(-15.9, 1.5, 24.9, "Farm", -38660, 32.70)
place(15.9, 0.5, 15.6, "Pyromancer", -38660, 43.79)
place(-16.4, 1.5, 29.1, "Farm", -38660, 48.61)
place(-16.8, 1.5, 33.0, "Farm", -38660, 51.58)
place(-16.4, 1.3, 37.5, "Farm", -38660, 59.35)
upgrade(-16.4, 37.5, 1, -38860, 61.12)
upgrade(-16.8, 33.0, 1, -39060, 64.18)
upgrade(15.9, 15.6, 1, -39385, 68.21)
upgrade(-16.4, 29.1, 1, -39585, 72.31)
upgrade(-15.9, 24.9, 1, -39785, 73.51)
upgrade(-12.2, 25.4, 1, -39985, 75.76)
upgrade(-12.1, 29.0, 1, -40185, 77.52)
upgrade(-12.2, 33.0, 1, -40385, 79.51)
upgrade(-12.2, 37.3, 1, -40585, 81.39)
upgrade(-12.2, 37.3, 1, -41185, 88.15)
upgrade(-12.2, 33.0, 1, -41785, 90.18)
upgrade(-12.1, 29.0, 1, -42385, 91.97)
upgrade(-12.2, 25.4, 1, -42985, 96.99)
upgrade(15.9, 15.6, 1, -43985, 101.27)
upgrade(15.9, 15.6, 1, -45985, 115.84)
upgrade(-15.9, 24.9, 1, -46585, 124.09)
upgrade(-16.4, 29.1, 1, -47185, 125.16)
upgrade(-16.8, 33.0, 1, -47785, 128.22)
upgrade(-16.4, 37.5, 1, -48385, 129.83)
place(13.0, 1.1, 20.7, "Shotgunner", -48385, 138.59)
upgrade(13.0, 20.7, 1, -49025, 141.28)
upgrade(13.0, 20.7, 1, -50575, 142.00)
place(13.7, 1.2, 23.4, "Shotgunner", -50575, 148.99)
upgrade(13.7, 23.4, 1, -51215, 153.88)
upgrade(13.7, 23.4, 1, -52765, 160.66)
upgrade(-12.2, 25.4, 1, -54015, 164.33)
upgrade(-12.1, 29.0, 1, -55265, 166.65)
upgrade(-12.2, 33.0, 1, -56515, 172.76)
upgrade(-12.2, 37.3, 1, -57765, 176.25)
upgrade(15.9, 15.6, 1, -61542, 190.18)
upgrade(-15.9, 24.9, 1, -62792, 194.34)
upgrade(-16.4, 29.1, 1, -64042, 196.36)
upgrade(-16.8, 33.0, 1, -65292, 203.28)
upgrade(-16.4, 37.5, 1, -66542, 205.80)
place(5.8, 1.4, 28.8, "Hunter", -66542, 216.03)
upgrade(5.8, 28.8, 1, -67267, 218.11)
place(2.3, 1.4, 29.4, "Hunter", -67267, 224.23)
upgrade(2.3, 29.4, 1, -67992, 226.51)
place(-0.7, 1.5, 30.1, "Hunter", -67992, 228.62)
upgrade(-0.7, 30.1, 1, -68717, 230.48)
place(4.9, 1.4, 31.9, "Hunter", -68717, 245.66)
upgrade(4.9, 31.9, 1, -69442, 247.88)
place(13.2, 1.2, 25.8, "Shotgunner", -69442, 252.24)
upgrade(13.2, 25.8, 1, -70082, 254.66)
upgrade(13.2, 25.8, 1, -71632, 256.80)
place(15.8, 0.7, 19.1, "Shotgunner", -71632, 259.77)
upgrade(15.8, 19.1, 1, -72272, 261.85)
upgrade(15.8, 19.1, 1, -73822, 264.31)
upgrade(5.8, 28.8, 1, -76672, 268.11)
upgrade(4.9, 31.9, 1, -79522, 297.18)
upgrade(-0.7, 30.1, 1, -82372, 301.49)
upgrade(2.3, 29.4, 1, -85222, 312.69)
upgrade(5.8, 28.8, 1, -94622, 332.28)
upgrade(4.9, 31.9, 1, -104022, 357.87)
upgrade(-0.7, 30.1, 1, -113422, 385.70)
place(4.9, 1.3, 21.4, "Minigunner", -113422, 402.16)
upgrade(4.9, 21.4, 1, -113772, 404.44)
upgrade(4.9, 21.4, 1, -115272, 405.47)
place(1.4, 1.4, 20.6, "Minigunner", -115272, 409.33)
upgrade(1.4, 20.6, 1, -115622, 411.54)
upgrade(1.4, 20.6, 1, -117122, 412.43)
upgrade(2.3, 29.4, 1, -126522, 418.46)
upgrade(13.2, 25.8, 1, -132522, 426.80)
upgrade(4.9, 21.4, 1, -139022, 438.34)
skip(28, 458.90)