-- ZEPHYR_META: {"authorId":"1482716390707298357","authorTag":"its_just_santos","category":"community","official":false,"createdAt":"2026-06-27T23:34:26.837Z","updatedAt":"2026-06-27T23:34:26.837Z"}
place(-39.2, -1.6, -4.7, "Farm", 0, 5.91)
place(-39.3, -1.5, -8.3, "Farm", 0, 8.13)
place(-38.1, -1.6, -11.9, "Farm", 0, 9.31)
skip(1, 10.57)
upgrade(-38.1, -11.9, 1, -200, 12.56)
upgrade(-39.3, -8.3, 1, -400, 14.14)
upgrade(-39.2, -4.7, 1, -600, 16.05)
skip(2, 21.15)
place(-35.4, -1.5, -3.9, "Farm", -600, 23.09)
upgrade(-35.4, -3.9, 1, -800, 24.28)
place(-35.5, -1.4, -8.4, "Farm", -800, 27.33)
upgrade(-35.5, -8.4, 1, -1000, 29.76)
skip(3, 31.16)
place(-34.2, -1.3, -11.8, "Farm", -1000, 33.16)
upgrade(-34.2, -11.8, 1, -1200, 36.15)
place(-35.8, -1.6, -15.5, "Farm", -1200, 37.96)
upgrade(-35.8, -15.5, 1, -1400, 39.15)
skip(4, 42.21)
upgrade(-39.2, -4.7, 1, -2000, 43.99)
place(1.4, 1.4, 29.2, "Electroshocker", -2000, 50.21)
skip(5, 54.06)
upgrade(1.4, 29.2, 1, -2275, 55.38)
upgrade(1.4, 29.2, 1, -3225, 59.12)
place(-32.2, -1.2, -15.5, "Farm", -3225, 63.85)
skip(6, 65.71)
upgrade(-32.2, -15.5, 1, -3425, 66.42)
upgrade(-39.3, -8.3, 1, -4025, 68.79)
upgrade(-38.1, -11.9, 1, -4625, 71.12)
skip(7, 79.31)
upgrade(-35.8, -15.5, 1, -5225, 80.98)
upgrade(-35.4, -3.9, 1, -5825, 83.33)
upgrade(-35.5, -8.4, 1, -6425, 85.94)
upgrade(-34.2, -11.8, 1, -7025, 87.73)
place(-31.4, -1.3, -18.9, "Farm", -7025, 92.63)
skip(8, 94.33)
upgrade(-34.2, -11.8, 1, -8275, 100.65)
upgrade(-35.8, -15.5, 1, -9525, 102.91)
skip(9, 108.13)
upgrade(1.4, 29.2, 1, -11925, 112.73)
place(-31.1, -1.1, -22.6, "Farm", -11925, 117.46)
skip(10, 123.42)
upgrade(-31.1, -22.6, 1, -12125, 126.06)
upgrade(-31.1, -22.6, 1, -12725, 126.41)
upgrade(-31.4, -18.9, 1, -12925, 128.37)
upgrade(-31.4, -18.9, 1, -13525, 129.10)
upgrade(-32.2, -15.5, 1, -14125, 131.42)
upgrade(-39.2, -4.7, 1, -15375, 136.57)
skip(11, 138.19)
upgrade(-39.3, -8.3, 1, -16625, 139.67)
place(6.3, 1.4, 28.2, "Hunter", -16625, 148.20)
upgrade(6.3, 28.2, 1, -17350, 150.52)
place(6.2, 1.4, 31.4, "Hunter", -17350, 152.18)
skip(12, 153.94)
upgrade(6.2, 31.4, 1, -18075, 156.36)
upgrade(-35.4, -3.9, 1, -19325, 161.36)
upgrade(-35.5, -8.4, 1, -20575, 163.21)
skip(13, 166.37)
upgrade(-38.1, -11.9, 1, -21825, 167.45)
upgrade(-32.2, -15.5, 1, -23075, 169.30)
upgrade(-31.4, -18.9, 1, -24325, 171.38)
upgrade(-31.1, -22.6, 1, -25575, 173.20)
skip(14, 180.13)
upgrade(-35.4, -3.9, 1, -28075, 187.33)
upgrade(-39.2, -4.7, 1, -30575, 188.84)
upgrade(-39.3, -8.3, 1, -33075, 190.65)
skip(15, 194.06)
place(10.5, 1.0, 20.4, "Electroshocker", -33075, 197.92)
upgrade(10.5, 20.4, 1, -33350, 202.65)
upgrade(10.5, 20.4, 1, -34300, 205.01)
upgrade(10.5, 20.4, 1, -36700, 205.56)
upgrade(10.5, 20.4, 1, -40700, 206.66)
skip(16, 215.17)
upgrade(-35.5, -8.4, 1, -43200, 220.77)
upgrade(-34.2, -11.8, 1, -45700, 222.75)
place(5.7, 1.4, 34.8, "Hunter", -45700, 228.38)
place(2.9, 1.4, 32.6, "Hunter", -45700, 230.45)
place(3.8, 1.3, 21.2, "Scout", -45700, 232.13)
upgrade(3.8, 21.2, 1, -45750, 233.80)
skip(17, 237.15)
place(7.1, 1.2, 21.5, "Hunter", -45750, 239.10)
upgrade(7.1, 21.5, 1, -46475, 241.76)
upgrade(7.1, 21.5, 1, -49325, 242.55)
place(11.9, 1.2, 28.7, "Hunter", -49325, 245.89)
place(-1.8, 1.5, 28.0, "Hunter", -49325, 248.22)
skip(18, 254.56)
upgrade(6.3, 28.2, 1, -52175, 260.01)
upgrade(11.9, 28.7, 1, -52900, 262.94)
upgrade(11.9, 28.7, 1, -55750, 263.45)
upgrade(-1.8, 28.0, 1, -56475, 265.67)
upgrade(2.9, 32.6, 1, -57200, 271.63)
upgrade(5.7, 34.8, 1, -57925, 273.92)
skip(19, 290.01)
upgrade(10.5, 20.4, 1, -67925, 297.48)
skip(20, 306.87)
upgrade(2.9, 32.6, 1, -70775, 312.62)
upgrade(5.7, 34.8, 1, -73625, 316.24)
upgrade(-1.8, 28.0, 1, -76475, 319.40)
place(12.0, 1.3, 23.7, "Electroshocker", -76475, 334.07)
place(14.3, 0.9, 21.1, "Electroshocker", -76475, 338.71)
place(12.6, 0.8, 18.0, "Electroshocker", -76475, 340.89)
place(8.5, 0.6, 17.5, "Electroshocker", -76475, 342.88)
place(5.7, 0.4, 14.6, "Electroshocker", -76475, 350.75)
place(-0.2, 1.4, 22.2, "Hunter", -76475, 357.62)
place(-0.6, 1.5, 32.0, "Hunter", -76475, 360.02)
place(-3.5, 1.5, 30.7, "Hunter", -76475, 361.18)
upgrade(-32.2, -15.5, 1, -78975, 376.21)
upgrade(-35.8, -15.5, 1, -81475, 379.82)
skip(22, 380.42)
upgrade(6.3, 28.2, 1, -90875, 385.75)
upgrade(8.5, 17.5, 1, -91150, 390.72)
upgrade(8.5, 17.5, 1, -92100, 391.41)
upgrade(12.6, 18.0, 1, -92375, 393.78)
upgrade(12.6, 18.0, 1, -93325, 394.57)
upgrade(14.3, 21.1, 1, -93600, 397.15)
upgrade(12.0, 23.7, 1, -93875, 400.08)
skip(23, 401.45)
upgrade(12.0, 23.7, 1, -94825, 403.09)
upgrade(6.2, 31.4, 1, -97675, 406.82)
upgrade(8.5, 17.5, 1, -100075, 412.15)
upgrade(5.7, 14.6, 1, -100350, 414.42)
upgrade(5.7, 14.6, 1, -101300, 415.50)
upgrade(14.3, 21.1, 1, -102250, 422.14)
skip(24, 422.93)
upgrade(6.2, 31.4, 1, -111650, 428.85)
upgrade(12.0, 23.7, 1, -114050, 434.12)
upgrade(-0.2, 22.2, 1, -114775, 437.57)
skip(25, 443.21)
upgrade(2.9, 32.6, 1, -124175, 447.70)
skip(26, 454.12)
upgrade(5.7, 34.8, 1, -133575, 458.59)
upgrade(14.3, 21.1, 1, -135975, 462.32)
skip(27, 467.45)
upgrade(-1.8, 28.0, 1, -145375, 472.44)
upgrade(-0.6, 32.0, 1, -146100, 476.59)
upgrade(-0.6, 32.0, 1, -148950, 477.56)
upgrade(1.4, 29.2, 1, -152950, 482.84)
skip(28, 483.52)
upgrade(1.4, 29.2, 1, -162950, 488.88)
upgrade(-3.5, 30.7, 1, -163675, 497.79)
upgrade(-3.5, 30.7, 1, -166525, 503.58)
skip(29, 505.37)
upgrade(-0.6, 32.0, 1, -175925, 516.06)
upgrade(-3.5, 30.7, 1, -185325, 523.75)