-- NOTE: abaydna
place(5.179, 1.000, 11.218, "Ace Pilot", 950)
upgrade(5.179, 1.000, 11.218, 518)
upgrade(5.179, 1.000, 11.218, 1058)
place(8.290, 1.000, 11.093, "Ace Pilot", 1252)
upgrade(8.290, 1.000, 11.093, 518)
upgrade(8.290, 1.000, 11.093, 1583)
place(-10.579, 1.000, 2.776, "Trapper", 1426)
upgrade(-10.579, 2.350, 2.776, 756)
place(-13.782, 1.000, 2.794, "Trapper", 886)
upgrade(-13.782, 2.350, 2.794, 966)
place(5.062, 1.000, 8.051, "Ace Pilot", 1361)
upgrade(5.061, 1.000, 8.051, 638)
upgrade(5.061, 1.000, 8.051, 1226)
place(8.242, 1.000, 7.967, "Ace Pilot", 1233)
upgrade(8.241, 1.000, 7.968, 549)
upgrade(8.241, 1.000, 7.968, 1484)
place(5.235, 1.000, 14.297, "Ace Pilot", 824)
upgrade(5.234, 1.000, 14.298, 394)
upgrade(5.234, 1.000, 14.298, 1057)
place(8.273, 1.000, 14.163, "Ace Pilot", 1986)
upgrade(8.273, 1.000, 14.164, 1236)
upgrade(8.273, 1.000, 14.164, 956)
place(2.647, 1.000, 2.770, "Freezer", 1402)
upgrade(2.647, 2.350, 2.770, 765)
place(5.164, 1.000, 17.336, "Freezer", 918)
upgrade(5.164, 2.350, 17.336, 296)
place(12.385, 1.000, 12.163, "Freezer", 1184)
upgrade(12.385, 2.350, 12.163, 547)
place(14.837, 1.000, 7.922, "Freezer", 1814)
upgrade(14.837, 2.350, 7.922, 1177)
upgrade(5.179, 1.000, 11.218, 3250)
upgrade(5.179, 1.000, 11.218, 5326)
place(-16.983, 1.000, 2.769, "Trapper", 958)
upgrade(-16.983, 2.350, 2.769, 1289)
place(-20.055, 1.000, 2.662, "Trapper", 2158)
upgrade(-20.055, 2.350, 2.662, 1408)
place(-23.263, 1.000, 2.671, "Trapper", 1126)
upgrade(-23.263, 2.350, 2.671, 1906)
place(-26.525, 1.000, 2.760, "Trapper", 1206)
upgrade(-26.525, 2.350, 2.760, 1056)
place(-29.590, 1.000, 2.737, "Trapper", 1756)
upgrade(-29.590, 2.350, 2.737, 1006)
place(-32.959, 1.000, 2.639, "Trapper", 1726)
upgrade(5.061, 1.000, 8.051, 4838)
upgrade(8.241, 1.000, 7.968, 2618)
upgrade(-13.782, 2.350, 2.794, 3838)
SetTrap(-13.782, 2.350, 2.794, "Landmine", 1618)
upgrade(-16.983, 2.350, 2.769, 3218)
SetTrap(-16.983, 2.350, 2.769, "Landmine", 968)
upgrade(-20.055, 2.350, 2.662, 2598)
SetTrap(-20.055, 2.350, 2.662, "Landmine", 348)
upgrade(2.647, 2.350, 2.770, 1023)
upgrade(-23.263, 2.350, 2.671, 2731)
SetTrap(-23.263, 2.350, 2.671, "Landmine", 481)