place(0.024, 1.000, 39.257, "Electroshocker", 700)
place(-3.282, 1.000, 39.646, "Pyromancer", 1518)
upgrade(-3.282, 2.350, 39.646, 714)
upgrade(-3.282, 2.350, 39.646, 1589)
place(1.975, 1.000, 33.296, "Crook Boss", 2641)
upgrade(0.024, 2.350, 39.257, 120)
upgrade(0.024, 2.350, 39.257, 1826)
place(3.092, 1.000, 39.276, "Electroshocker", 776)
upgrade(3.092, 2.350, 39.276, 302)
upgrade(3.092, 2.350, 39.276, 1084)
place(-1.100, 1.000, 33.564, "Electroshocker", 1058)
upgrade(-1.100, 2.350, 33.564, 496)
upgrade(-1.100, 2.350, 33.564, 1548)
place(-4.222, 1.000, 33.564, "Electroshocker", 599)
upgrade(-4.222, 2.350, 33.564, 435)
upgrade(-4.222, 2.350, 33.564, 1135)
place(1.630, 1.000, 41.911, "Freezer", 1349)
upgrade(1.630, 2.350, 41.911, 712)
SetTarget(1.630, 2.350, 41.911, "Last")
SetTarget(1.630, 2.350, 41.911, "Strongest")
SetTarget(1.630, 2.350, 41.911, "Weakest")
SetTarget(1.630, 2.350, 41.911, "Strongest")
SetTarget(1.630, 2.350, 41.911, "Weakest")
SetTarget(1.630, 2.350, 41.911, "Strongest")
upgrade(0.024, 2.350, 39.257, 3859)
upgrade(3.092, 2.350, 39.276, 3769)
upgrade(-1.100, 2.350, 33.564, 2324)
upgrade(1.630, 2.350, 41.911, 1011)
sell(-4.222, 2.350, 33.564)
sell(-1.100, 2.350, 33.564)
sell(-3.282, 2.350, 39.646)
sell(0.024, 2.350, 39.257)
sell(1.630, 2.350, 41.911)
sell(3.092, 2.350, 39.276)
sell(1.975, 2.350, 33.296)