-- ZEPHYR_META: {"authorId":"1515775028468121731","authorTag":"flayz1rr","category":"community","official":false,"createdAt":"2026-07-23T15:35:36.209Z","updatedAt":"2026-07-23T15:35:36.209Z"}
-- NOTE: turn on auto skip and cash playback.(The strategy works both with and without the Timescale ticket)
place(-11.0, 1.5, 24.8, "Farm", -162125, 0.57)
place(-11.0, 1.5, 28.7, "Farm", -162125, 2.11)
place(-11.1, 1.5, 32.6, "Farm", -162125, 4.05)
upgrade(-11.1, 32.6, 1, -162325, 6.55)
upgrade(-11.0, 28.7, 1, -162525, 7.57)
upgrade(-11.0, 28.7, 1, -163125, 17.61)
place(12.3, 1.3, 23.6, "Electroshocker", -163125, 26.62)
upgrade(12.3, 23.6, 1, -163400, 28.91)
upgrade(-11.1, 32.6, 1, -164000, 37.63)
upgrade(-11.0, 24.8, 1, -164200, 39.23)
upgrade(-11.0, 24.8, 1, -164800, 41.67)
upgrade(-11.0, 24.8, 1, -166050, 52.55)
upgrade(12.3, 23.6, 1, -167000, 59.58)
upgrade(-11.0, 28.7, 1, -168250, 72.48)
upgrade(-11.1, 32.6, 1, -169500, 76.58)
place(-11.1, 1.4, 36.3, "Farm", -169500, 78.34)
upgrade(-11.1, 36.3, 1, -169700, 80.51)
upgrade(-11.1, 36.3, 1, -170300, 85.57)
upgrade(-11.1, 36.3, 1, -171550, 89.62)
place(12.0, 1.0, 20.5, "Electroshocker", -171550, 97.95)
upgrade(12.0, 20.5, 1, -171825, 100.08)
upgrade(12.0, 20.5, 1, -172775, 102.69)
place(-11.3, 1.3, 39.8, "Farm", -172775, 106.59)
upgrade(-11.3, 39.8, 1, -172975, 108.38)
upgrade(-11.3, 39.8, 1, -173575, 109.42)
upgrade(-11.3, 39.8, 1, -174825, 110.43)
place(-14.9, 1.2, 39.4, "Farm", -174825, 112.34)
upgrade(-14.9, 39.4, 1, -175025, 114.25)
upgrade(-14.9, 39.4, 1, -175625, 114.79)
upgrade(-14.9, 39.4, 1, -176875, 115.24)
place(9.3, 1.3, 22.5, "Crook Boss", -176875, 125.01)
upgrade(9.3, 22.5, 1, -178375, 127.20)
upgrade(9.3, 22.5, 1, -181125, 135.78)
place(-15.5, 1.4, 35.9, "Farm", -181125, 141.04)
upgrade(-15.5, 35.9, 1, -181325, 142.81)
upgrade(-15.5, 35.9, 1, -182525, 143.43)
place(-15.7, 1.5, 32.1, "Farm", -182525, 144.32)
upgrade(-15.7, 32.1, 1, -182725, 146.25)
upgrade(-15.7, 32.1, 1, -183325, 147.64)
upgrade(-15.7, 32.1, 1, -184575, 148.09)
place(-15.6, 1.5, 28.2, "Farm", -184575, 149.44)
upgrade(-15.6, 28.2, 1, -184775, 151.98)
upgrade(-15.6, 28.2, 1, -185375, 152.47)
upgrade(-15.6, 28.2, 1, -186625, 153.23)
place(-15.8, 1.5, 24.5, "Farm", -186625, 155.42)
upgrade(-15.8, 24.5, 1, -186825, 157.57)
upgrade(-15.8, 24.5, 1, -188675, 159.87)
upgrade(12.3, 23.6, 1, -191075, 163.52)
upgrade(12.0, 20.5, 1, -193475, 168.74)
upgrade(12.0, 20.5, 1, -197475, 180.47)
upgrade(12.0, 20.5, 1, -207475, 210.79)
upgrade(12.3, 23.6, 1, -211475, 219.93)
upgrade(9.3, 22.5, 1, -225475, 265.67)
place(9.1, 0.9, 19.5, "Electroshocker", -225475, 275.38)
upgrade(9.1, 19.5, 1, -225750, 277.63)
upgrade(9.1, 19.5, 1, -226700, 278.22)
upgrade(9.1, 19.5, 1, -229100, 281.83)
upgrade(9.1, 19.5, 1, -233100, 282.68)
place(6.1, 1.3, 22.6, "Electroshocker", -233100, 293.68)
upgrade(6.1, 22.6, 1, -233375, 295.93)
upgrade(6.1, 22.6, 1, -234325, 296.62)
upgrade(6.1, 22.6, 1, -236725, 297.96)
upgrade(6.1, 22.6, 1, -240725, 313.00)
place(5.8, 1.1, 19.6, "Electroshocker", -240725, 314.99)
upgrade(5.8, 19.6, 1, -241000, 317.46)
upgrade(5.8, 19.6, 1, -241950, 318.09)
upgrade(5.8, 19.6, 1, -244350, 318.85)
upgrade(5.8, 19.6, 1, -248350, 319.53)
place(6.1, 1.4, 28.2, "Electroshocker", -248350, 324.42)
upgrade(6.1, 28.2, 1, -248625, 326.94)
upgrade(6.1, 28.2, 1, -249575, 327.56)
upgrade(6.1, 28.2, 1, -251975, 336.84)
upgrade(6.1, 28.2, 1, -255975, 337.98)
place(15.3, 1.0, 21.9, "Electroshocker", -255975, 348.61)
upgrade(15.3, 21.9, 1, -256250, 351.54)
upgrade(15.3, 21.9, 1, -257200, 352.06)
upgrade(15.3, 21.9, 1, -259600, 353.04)
upgrade(15.3, 21.9, 1, -263600, 357.70)
upgrade(15.3, 21.9, 1, -273600, 377.91)
upgrade(12.3, 23.6, 1, -283600, 388.63)
upgrade(9.1, 19.5, 1, -293600, 403.60)
upgrade(6.1, 22.6, 1, -303600, 416.77)