place(0.230, 1.000, 39.478, "Electroshocker", 700)
place(-2.934, 1.000, 39.345, "Pyromancer", 1514)
upgrade(-2.934, 2.350, 39.345, 710)
upgrade(-2.934, 2.350, 39.345, 1585)
place(2.118, 1.000, 33.477, "Crook Boss", 2637)
upgrade(0.230, 2.350, 39.478, 437)
place(3.351, 1.000, 39.380, "Electroshocker", 887)
upgrade(3.351, 2.350, 39.380, 355)
upgrade(0.230, 2.350, 39.478, 1920)
upgrade(3.351, 2.350, 39.380, 1050)
place(-1.032, 1.000, 33.614, "Electroshocker", 785)
upgrade(-1.032, 2.350, 33.614, 338)
upgrade(-1.032, 2.350, 33.614, 1577)
place(-4.090, 1.000, 33.532, "Electroshocker", 622)
upgrade(-4.090, 2.350, 33.532, 1450)
upgrade(-4.090, 2.350, 33.532, 1150)
place(2.057, 1.000, 42.178, "Freezer", 1382)
upgrade(2.057, 2.350, 42.178, 745)
SetTarget(2.057, 2.350, 42.178, "Last")
SetTarget(2.057, 2.350, 42.178, "Strongest")
upgrade(-1.032, 2.350, 33.614, 3868)
upgrade(3.351, 2.350, 39.380, 3790)
upgrade(2.057, 2.350, 42.178, 2524)
upgrade(0.230, 2.350, 39.478, 3821)
sell(2.057, 2.350, 42.178)
sell(3.351, 2.350, 39.380)
sell(0.230, 2.350, 39.478)
sell(-1.032, 2.350, 33.614)
sell(-4.090, 2.350, 33.532)
sell(2.118, 2.350, 33.477)
place(-13.129, 1.063, 22.357, "Electroshocker", 13401)