-- ZEPHYR_META: {"authorId":"953270431417262151","authorTag":"dark_xzz1","category":"community","official":false,"createdAt":"2026-09-07T09:10:53.573Z","updatedAt":"2026-09-07T09:10:53.573Z"}
place(-1.3, 1.0, 16.0, "Soldier", 0, 3.05)
upgrade(-1.3, 16.0, 1, -150, 8.69)
upgrade(-1.3, 16.0, 1, -950, 28.34)
place(-1.3, 1.0, 19.2, "Soldier", -950, 46.41)
place(-1.3, 1.0, 22.2, "Soldier", -950, 50.84)
upgrade(-1.3, 19.2, 1, -1100, 84.93)
upgrade(-1.3, 19.2, 1, -1900, 87.21)
upgrade(-1.3, 22.2, 1, -2050, 88.43)
upgrade(-1.3, 22.2, 1, -2850, 89.34)
place(-4.4, 1.0, 19.6, "Toxic Gunner", -2850, 94.95)
upgrade(-4.4, 19.6, 1, -3050, 97.13)
upgrade(-4.4, 19.6, 1, -3850, 109.88)
place(1.9, 1.0, 19.3, "Toxic Gunner", -3850, 115.04)
upgrade(1.9, 19.3, 1, -4050, 120.12)
upgrade(1.9, 19.3, 1, -4850, 128.37)
place(6.9, 1.0, 26.8, "Shotgunner", -4850, 133.70)
upgrade(6.9, 26.8, 1, -5600, 162.00)
upgrade(6.9, 26.8, 1, -7100, 162.75)
place(-12.6, 1.0, 25.7, "Shotgunner", -7100, 179.17)
upgrade(-12.6, 25.7, 1, -7850, 181.69)
place(-12.9, 1.0, 23.7, "Shotgunner", -7850, 237.31)
upgrade(-12.9, 23.7, 1, -8600, 240.31)
upgrade(-12.9, 23.7, 1, -10100, 240.82)
place(-13.2, 1.0, 21.7, "Shotgunner", -10100, 245.46)
upgrade(-13.2, 21.7, 1, -10850, 247.22)
upgrade(-13.2, 21.7, 1, -12350, 247.36)
place(6.5, 1.0, 24.1, "Shotgunner", -12350, 251.90)
upgrade(6.5, 24.1, 1, -13100, 253.76)
place(11.1, 1.0, 21.7, "Shotgunner", -14600, 267.77)
upgrade(11.1, 21.7, 1, -15350, 272.13)
upgrade(11.1, 21.7, 1, -16850, 272.93)
place(11.6, 1.0, 23.8, "Shotgunner", -16850, 282.86)
upgrade(11.6, 23.8, 1, -17600, 290.17)
upgrade(11.6, 23.8, 1, -19100, 310.75)
upgrade(11.6, 23.8, 1, -25600, 342.37)
place(10.6, 1.0, -20.0, "Soldier", -25600, 356.88)
upgrade(10.6, -20.0, 1, -25750, 359.52)
upgrade(10.6, -20.0, 1, -29950, 360.87)
upgrade(-12.6, 25.7, 1, -31450, 378.35)
upgrade(-1.3, 16.0, 1, -34850, 384.16)
upgrade(6.5, 24.1, 1, -41350, 403.79)
upgrade(11.1, 21.7, 1, -47850, 415.27)
upgrade(-13.2, 21.7, 1, -54350, 436.92)
upgrade(6.9, 26.8, 1, -60850, 453.48)
upgrade(-1.3, 16.0, 1, -72200, 477.02)
upgrade(-1.3, 19.2, 1, -75600, 497.68)
upgrade(-1.3, 22.2, 1, -79000, 501.39)
upgrade(-1.3, 19.2, 1, -90350, 505.37)
upgrade(-1.3, 22.2, 1, -101700, 511.13)