-- ZEPHYR_META: {"authorId":"657257594519420949","authorTag":"stefan270506","category":"community","official":false,"createdAt":"2026-07-17T17:08:40.636Z","updatedAt":"2026-07-17T17:08:40.636Z"}
upgrade(-3.6, 19.3, 1, -100, 4.68)
place(-3.8, 1.0, 22.5, "Soldier", -100, 16.93)
upgrade(-3.8, 22.5, 1, -200, 20.83)
place(-0.5, 1.0, 18.5, "Soldier", -200, 30.63)
upgrade(-0.5, 18.5, 1, -300, 32.07)
place(7.2, 1.0, 28.1, "Shotgunner", -300, 61.87)
place(-9.1, 1.0, 26.5, "Shotgunner", -300, 83.06)
upgrade(7.2, 28.1, 1, -940, 109.78)
upgrade(-9.1, 26.5, 1, -1580, 111.55)
place(-0.4, 1.0, 21.7, "Soldier", -1580, 125.65)
upgrade(-0.4, 21.7, 1, -1680, 126.58)
place(6.9, 1.0, 25.9, "Shotgunner", -1680, 141.20)
upgrade(6.9, 25.9, 1, -2320, 142.83)
place(-11.1, 1.0, 25.9, "Shotgunner", -2320, 157.69)
upgrade(-11.1, 25.9, 1, -2960, 158.83)
place(12.7, 1.0, 28.3, "Shotgunner", -2960, 176.91)
upgrade(12.7, 28.3, 1, -3600, 178.36)
place(-11.8, 1.0, 31.5, "Shotgunner", -3600, 196.03)
upgrade(-11.8, 31.5, 1, -4240, 197.26)
place(-7.0, 1.0, 27.0, "Shotgunner", -4240, 212.88)
upgrade(-7.0, 27.0, 1, -4880, 214.54)
place(12.1, 1.0, 26.3, "Shotgunner", -4880, 219.26)
upgrade(12.1, 26.3, 1, -5520, 220.84)
place(12.8, 1.0, 30.4, "Shotgunner", -5520, 225.16)
upgrade(12.8, 30.4, 1, -6160, 226.24)
upgrade(-11.1, 25.9, 1, -7710, 238.09)
upgrade(12.1, 26.3, 1, -9260, 247.83)
upgrade(-9.1, 26.5, 1, -10810, 252.01)
upgrade(12.7, 28.3, 1, -12360, 256.66)
upgrade(-11.8, 31.5, 1, -13910, 263.67)
upgrade(6.9, 25.9, 1, -15460, 268.94)
place(3.3, 1.0, 29.6, "Commander", -15460, 283.94)
upgrade(3.3, 29.6, 1, -15860, 287.67)
place(-4.0, 1.0, 27.9, "Commander", -15860, 289.52)
upgrade(-4.0, 27.9, 1, -16260, 290.51)
upgrade(-7.0, 27.0, 1, -17810, 294.47)
upgrade(7.2, 28.1, 1, -19360, 299.26)
upgrade(12.8, 30.4, 1, -20910, 301.82)
upgrade(-11.1, 25.9, 1, -26910, 323.49)
place(3.4, 1.0, 19.8, "EvolvedJuggernaut", -26910, 335.30)
place(-6.3, 1.0, 20.8, "Crook Boss", -26910, 342.30)
upgrade(-9.1, 26.5, 1, -32910, 355.63)
upgrade(-7.0, 27.0, 1, -38910, 374.37)
upgrade(6.9, 25.9, 1, -44910, 382.22)
upgrade(12.1, 26.3, 1, -50910, 395.77)
upgrade(12.7, 28.3, 1, -56910, 402.04)
upgrade(12.8, 30.4, 1, -62910, 421.89)
upgrade(3.3, 29.6, 1, -65360, 432.47)
ability(3.3, 29.6, "Call Of Arms", 436.52)
ability(3.3, 29.6, "Call Of Arms", 437.55)