-- ZEPHYR_META: {"authorId":"974437462938124319","authorTag":"gongas1141","category":"community","official":false,"createdAt":"2026-06-20T16:16:58.493Z","updatedAt":"2026-06-20T16:16:58.493Z"}
-- NOTE: made by G
place(0.1, 1.0, 19.4, "Scout", 0, 6.23)
place(-6.0, 1.0, 18.2, "Scout", 0, 14.81)
upgrade(0.1, 19.4, 1, -150, 19.20)
upgrade(-3.2, 19.2, 1, -300, 23.25)
upgrade(-6.0, 18.2, 1, -450, 25.47)
place(-0.4, 1.0, 22.4, "Scout", -450, 31.55)
upgrade(0.1, 19.4, 1, -1050, 39.03)
upgrade(-3.2, 19.2, 1, -1650, 54.08)
upgrade(-6.0, 18.2, 1, -2250, 63.31)
upgrade(-0.4, 22.4, 1, -2400, 70.86)
upgrade(-0.4, 22.4, 1, -3000, 71.47)
place(-3.8, 1.0, 22.1, "Scout", -3000, 77.54)
upgrade(-3.8, 22.1, 1, -3150, 79.61)
place(-6.8, 1.0, 21.3, "Scout", -3150, 95.51)
upgrade(-6.8, 21.3, 1, -3300, 97.11)
upgrade(-6.8, 21.3, 1, -3900, 97.66)
upgrade(-3.8, 22.1, 1, -4500, 99.53)
place(1.9, 1.0, 24.8, "Scout", -4500, 115.00)
upgrade(1.9, 24.8, 1, -4650, 116.38)
upgrade(1.9, 24.8, 1, -5250, 117.25)
place(-1.0, 1.0, 25.4, "Scout", -5250, 130.57)
upgrade(-1.0, 25.4, 1, -5400, 131.93)
upgrade(-1.0, 25.4, 1, -6000, 132.97)
place(-5.2, 1.0, 24.8, "Scout", -6000, 137.81)
upgrade(-5.2, 24.8, 1, -6150, 139.18)
upgrade(-5.2, 24.8, 1, -6750, 139.98)
place(6.5, 1.0, 24.4, "Shotgunner", -6750, 155.48)
upgrade(6.5, 24.4, 1, -7390, 157.04)
place(-13.1, 1.0, 23.4, "Shotgunner", -7390, 160.28)
upgrade(-13.1, 23.4, 1, -8030, 161.51)
upgrade(-3.8, 22.1, 1, -10430, 177.34)
place(-13.4, 1.0, 21.3, "Shotgunner", -10430, 195.19)
upgrade(-13.4, 21.3, 1, -11070, 196.66)
place(5.9, 1.0, 22.4, "Shotgunner", -11070, 200.45)
upgrade(5.9, 22.4, 1, -11710, 207.09)
upgrade(-13.4, 21.3, 1, -13260, 222.69)
upgrade(-13.1, 23.4, 1, -14810, 227.03)
upgrade(5.9, 22.4, 1, -16360, 235.40)
upgrade(-3.8, 22.1, 1, -19960, 250.45)
upgrade(-3.2, 19.2, 1, -22360, 278.85)
place(-11.4, 1.0, 22.0, "Shotgunner", -22360, 289.78)
upgrade(-11.4, 22.0, 1, -23000, 291.14)
upgrade(-11.4, 22.0, 1, -24550, 292.27)
place(-12.6, 1.0, 19.3, "Shotgunner", -24550, 307.37)
upgrade(-12.6, 19.3, 1, -25190, 308.61)
place(11.6, 1.0, 21.7, "Shotgunner", -25190, 314.38)
upgrade(11.6, 21.7, 1, -25830, 316.75)
upgrade(-12.6, 19.3, 1, -27380, 320.14)
upgrade(11.6, 21.7, 1, -28930, 322.11)
place(5.1, 1.0, 20.4, "Shotgunner", -28930, 325.15)
upgrade(5.1, 20.4, 1, -29570, 329.20)
upgrade(5.1, 20.4, 1, -31120, 338.62)
place(4.1, 1.0, 23.5, "Shotgunner", -31120, 346.90)
upgrade(4.1, 23.5, 1, -31760, 348.14)
upgrade(4.1, 23.5, 1, -33310, 348.89)
upgrade(0.1, 19.4, 1, -35710, 351.40)
upgrade(-0.4, 22.4, 1, -38110, 360.13)
upgrade(-6.8, 21.3, 1, -40510, 367.71)
upgrade(-6.0, 18.2, 1, -42910, 372.08)
upgrade(-1.0, 25.4, 1, -45310, 381.17)
upgrade(-12.6, 19.3, 1, -51310, 397.72)
upgrade(-5.2, 24.8, 1, -53710, 408.65)
upgrade(1.9, 24.8, 1, -56110, 410.90)
upgrade(5.9, 22.4, 1, -62110, 424.33)
upgrade(-3.2, 19.2, 1, -65710, 431.34)
upgrade(-6.0, 18.2, 1, -69310, 436.96)
upgrade(0.1, 19.4, 1, -72910, 453.19)
upgrade(-0.4, 22.4, 1, -76510, 458.94)
upgrade(1.9, 24.8, 1, -80110, 461.10)
upgrade(-5.2, 24.8, 1, -83710, 465.17)
upgrade(5.1, 20.4, 1, -89710, 467.41)
upgrade(6.5, 24.4, 1, -91260, 468.84)
upgrade(6.5, 24.4, 1, -97260, 469.44)
upgrade(11.6, 21.7, 1, -103260, 470.93)