-- ZEPHYR_META: {"authorId":"792344867602300928","authorTag":"demarrrrrrr","category":"community","official":false,"createdAt":"2026-07-03T16:55:39.801Z","updatedAt":"2026-07-03T16:55:39.801Z"}
place(1.6, 1.0, -35.8, "Soldier", 0, 0.23)
upgrade(1.6, -35.8, 1, -150, 2.93)
upgrade(1.6, -35.8, 1, -950, 15.71)
place(1.6, 1.0, -32.3, "Soldier", -950, 29.74)
upgrade(1.6, -32.3, 1, -1100, 31.46)
upgrade(1.6, -32.3, 1, -1900, 44.05)
place(-6.5, 1.0, -35.2, "Soldier", -1900, 59.84)
upgrade(-6.5, -35.2, 1, -2050, 60.85)
upgrade(-6.5, -35.2, 1, -2850, 61.54)
place(-6.4, 1.0, -32.0, "Soldier", -2850, 80.99)
upgrade(-6.4, -32.0, 1, -3000, 82.92)
upgrade(-6.4, -32.0, 1, -3800, 83.65)
place(-6.5, 1.0, -28.8, "Soldier", -3800, 97.69)
upgrade(-6.5, -28.8, 1, -3950, 98.93)
upgrade(-6.5, -28.8, 1, -4750, 99.35)
place(1.6, 1.0, -29.1, "Soldier", -4750, 110.30)
upgrade(1.6, -29.1, 1, -4900, 118.82)
upgrade(1.6, -29.1, 1, -5700, 119.44)
place(5.0, 1.0, -32.3, "Soldier", -5700, 123.10)
upgrade(5.0, -32.3, 1, -5850, 124.00)
upgrade(5.0, -32.3, 1, -6650, 134.76)
place(-9.6, 1.0, -30.6, "Soldier", -6650, 137.37)
upgrade(-9.6, -30.6, 1, -6800, 138.73)
upgrade(-9.6, -30.6, 1, -7600, 139.58)
upgrade(1.6, -32.3, 1, -11350, 174.01)
upgrade(-6.4, -32.0, 1, -15100, 196.56)
upgrade(-6.5, -28.8, 1, -18850, 213.06)
upgrade(1.6, -29.1, 1, -22600, 247.02)
upgrade(5.0, -32.3, 1, -26350, 270.05)
upgrade(-9.6, -30.6, 1, -30100, 280.30)
upgrade(-6.5, -35.2, 1, -33850, 291.88)
upgrade(1.6, -35.8, 1, -37600, 311.77)
upgrade(1.6, -29.1, 1, -49600, 350.24)
upgrade(-6.5, -28.8, 1, -61600, 392.24)
upgrade(-6.4, -32.0, 1, -73600, 403.86)
upgrade(1.6, -32.3, 1, -85600, 410.56)
upgrade(5.0, -32.3, 1, -97600, 417.51)