-- ZEPHYR_META: {"authorId":"792344867602300928","authorTag":"demarrrrrrr","category":"community","official":false,"createdAt":"2026-07-05T16:25:04.741Z","updatedAt":"2026-07-05T16:25:04.741Z"}
place(1.5, 1.0, -37.1, "Soldier", 0, 1.31)
upgrade(1.5, -37.1, 1, -150, 3.73)
upgrade(1.5, -37.1, 1, -950, 19.71)
place(1.7, 1.0, -33.9, "Soldier", -950, 35.09)
upgrade(1.7, -33.9, 1, -1100, 37.42)
upgrade(1.7, -33.9, 1, -1900, 50.28)
place(4.7, 0.9, -37.1, "Soldier", -1900, 64.97)
upgrade(4.7, -37.1, 1, -2050, 67.25)
upgrade(4.7, -37.1, 1, -2850, 69.11)
place(4.9, 1.0, -33.9, "Soldier", -2850, 87.53)
upgrade(4.9, -33.9, 1, -3000, 89.95)
upgrade(4.9, -33.9, 1, -3800, 92.12)
place(-5.7, 0.9, -36.2, "Soldier", -3800, 102.54)
upgrade(-5.7, -36.2, 1, -3950, 104.39)
upgrade(-5.7, -36.2, 1, -4750, 106.74)
place(-5.8, 1.0, -32.9, "Soldier", -4750, 120.99)
upgrade(-5.8, -32.9, 1, -4900, 123.14)
upgrade(-5.8, -32.9, 1, -5700, 125.34)
place(-9.0, 0.9, -32.4, "Soldier", -5700, 135.75)
upgrade(-9.0, -32.4, 1, -5850, 137.79)
upgrade(-9.0, -32.4, 1, -6650, 140.26)
place(-7.0, 1.0, -29.6, "Soldier", -6650, 147.20)
upgrade(-7.0, -29.6, 1, -6800, 149.93)
upgrade(-7.0, -29.6, 1, -7600, 151.95)
upgrade(1.7, -33.9, 1, -11350, 182.16)
upgrade(-5.8, -32.9, 1, -15100, 205.58)
upgrade(4.9, -33.9, 1, -18850, 219.90)
upgrade(-7.0, -29.6, 1, -22600, 253.65)
upgrade(4.7, -37.1, 1, -26350, 276.14)
upgrade(1.5, -37.1, 1, -30100, 288.26)
upgrade(-9.0, -32.4, 1, -33850, 305.43)
upgrade(-5.7, -36.2, 1, -37600, 322.18)
upgrade(1.7, -33.9, 1, -49600, 357.15)
upgrade(4.9, -33.9, 1, -61600, 401.07)
upgrade(-5.8, -32.9, 1, -73600, 413.93)
upgrade(-7.0, -29.6, 1, -85600, 423.87)