place(9.530, 1.000, -16.811, "Ace Pilot", 600)
upgrade(9.530, 1.000, -16.810, 482)
upgrade(9.530, 1.000, -16.810, 634)
place(12.510, 1.000, -17.385, "Militant", 1015)
upgrade(12.510, 2.350, -17.385, 415)
upgrade(12.510, 2.350, -17.385, 863)
place(6.341, 1.000, -16.895, "Ace Pilot", 1018)
upgrade(6.340, 1.000, -16.895, 534)
upgrade(6.340, 1.000, -16.895, 1589)
upgrade(6.340, 1.000, -16.895, 2484)
place(12.155, 1.000, -14.239, "Militant", 1332)
upgrade(12.155, 2.350, -14.239, 750)
upgrade(12.155, 2.350, -14.239, 1539)
place(15.650, 1.000, -17.424, "Militant", 689)
upgrade(15.650, 2.350, -17.424, 405)
upgrade(15.650, 2.350, -17.424, 1678)
place(13.391, 1.000, -32.385, "Ace Pilot", 1069)
upgrade(13.390, 1.000, -32.385, 754)
upgrade(13.390, 1.000, -32.385, 669)
upgrade(13.390, 1.000, -32.385, 1585)
upgrade(13.390, 1.000, -32.385, 2655)
place(15.487, 1.000, -14.293, "Militant", 1105)
upgrade(15.487, 2.350, -14.293, 505)
upgrade(15.487, 2.350, -14.293, 2032)
place(12.633, 1.000, -20.498, "Militant", 1182)
upgrade(12.633, 2.350, -20.498, 582)
place(3.805, 1.000, -32.755, "Ace Pilot", 1257)
upgrade(3.805, 1.000, -32.755, 1057)
upgrade(3.805, 1.000, -32.755, 2964)
place(9.074, 1.000, -20.605, "Tesla", 2429)
place(7.193, 1.000, -24.685, "Tesla", 3632)
place(11.547, 1.000, -23.980, "Tesla", 1992)
place(11.447, 1.000, -23.871, "Tesla", 2242)
upgrade(9.074, 2.348, -20.605, 2492)
place(9.185, 1.000, -13.174, "Militant", 2775)
upgrade(9.185, 2.350, -13.174, 2175)
upgrade(9.185, 2.350, -13.174, 1884)
place(6.114, 1.000, -13.308, "Militant", 1025)
upgrade(6.114, 2.350, -13.308, 425)
upgrade(6.114, 2.350, -13.308, 2125)
place(3.054, 1.000, -14.115, "Militant", 2060)
upgrade(3.054, 2.350, -14.115, 1475)
upgrade(3.054, 2.350, -14.115, 1186)
place(2.060, 1.000, -1.002, "Ace Pilot", 4296)
place(5.391, 1.000, -0.747, "Ace Pilot", 4246)
place(8.716, 1.000, -0.545, "Ace Pilot", 3746)
upgrade(8.716, 1.000, -0.544, 3426)
upgrade(5.391, 1.000, -0.747, 3381)
upgrade(2.059, 1.000, -1.002, 3246)
place(-0.672, 1.000, 25.370, "Militant", 3845)
place(8.074, 1.000, 25.038, "Militant", 3487)
upgrade(8.074, 2.350, 25.038, 3220)
upgrade(8.074, 2.350, 25.038, 2920)
upgrade(-0.672, 2.350, 25.370, 2070)
upgrade(-0.672, 2.350, 25.370, 1785)
upgrade(2.059, 1.000, -1.002, 4098)
upgrade(5.391, 1.000, -0.747, 4687)
upgrade(8.716, 1.000, -0.544, 4073)
place(7.342, 1.000, 28.166, "Militant", 3948)
upgrade(7.342, 2.350, 28.166, 3348)
upgrade(7.342, 2.350, 28.166, 3645)
place(-3.386, 1.000, 27.567, "Militant", 4523)
upgrade(-3.386, 2.350, 27.567, 3923)
upgrade(-3.386, 2.350, 27.567, 3623)
upgrade(7.193, 2.348, -24.685, 4823)
upgrade(6.340, 1.000, -16.895, 5017)
upgrade(9.530, 1.000, -16.810, 2542)
upgrade(9.185, 2.350, -13.174, 3752)
place(5.452, 1.000, 30.690, "Militant", 1954)
upgrade(5.452, 2.350, 30.690, 1529)
upgrade(5.452, 2.350, 30.690, 1364)
place(11.862, 1.000, -11.172, "Militant", 2429)
upgrade(11.862, 2.350, -11.172, 1829)
upgrade(11.862, 2.350, -11.172, 1538)
place(9.137, 1.000, -9.644, "Militant", 679)
upgrade(9.137, 2.350, -9.644, 704)
upgrade(9.137, 2.350, -9.644, 3073)
place(5.747, 1.000, -10.199, "Militant", 2223)
upgrade(5.747, 2.350, -10.199, 1623)
upgrade(5.747, 2.350, -10.199, 1324)
place(10.311, 1.000, 22.578, "Militant", 2145)
upgrade(10.311, 2.350, 22.578, 3546)
upgrade(10.311, 2.350, 22.578, 3257)
place(11.170, 1.000, 25.689, "Militant", 3435)
upgrade(11.170, 2.350, 25.689, 3348)
upgrade(11.170, 2.350, 25.689, 3051)
place(10.385, 1.000, 28.724, "Militant", 2198)
upgrade(10.385, 2.350, 28.724, 2248)
upgrade(10.385, 2.350, 28.724, 1951)
place(8.393, 1.000, 31.744, "Militant", 1098)
upgrade(8.393, 2.350, 31.744, 498)
upgrade(8.393, 2.350, 31.744, 2991)