-- ZEPHYR_META: {"authorId":"1194813863259021403","authorTag":"jaharilamar","category":"community","official":false,"createdAt":"2026-07-06T01:55:34.317Z","updatedAt":"2026-07-06T01:55:34.317Z"}
-- NOTE: MIGHT work with reg soldier,  works with hidden modifier
place(-1.0, 1.0, 17.2, "Soldier", 0, 0.21)
upgrade(-1.0, 17.2, 1, -150, 0.72)
place(2.0, 1.0, 17.2, "Soldier", -150, 15.63)
upgrade(2.0, 17.2, 1, -300, 20.51)
place(-4.2, 1.0, 17.2, "Soldier", -300, 30.53)
upgrade(-4.2, 17.2, 1, -450, 35.89)
upgrade(-1.0, 17.2, 1, -1250, 53.41)
upgrade(-4.2, 17.2, 1, -2050, 59.10)
upgrade(2.0, 17.2, 1, -2850, 70.33)
place(-12.6, 1.0, 25.8, "Shotgunner", -2850, 95.18)
upgrade(-12.6, 25.8, 1, -3490, 96.66)
place(12.7, 1.0, 28.5, "Shotgunner", -3490, 114.92)
upgrade(12.7, 28.5, 1, -4130, 115.81)
place(-13.1, 1.0, 23.8, "Shotgunner", -4130, 137.22)
upgrade(-13.1, 23.8, 1, -4770, 138.31)
place(12.2, 1.0, 26.5, "Shotgunner", -4770, 144.60)
upgrade(12.2, 26.5, 1, -5410, 153.18)
place(-13.2, 1.0, 21.7, "Shotgunner", -5410, 172.27)
upgrade(-13.2, 21.7, 1, -6050, 173.17)
place(11.6, 1.0, 24.5, "Shotgunner", -6050, 180.59)
upgrade(11.6, 24.5, 1, -6690, 181.75)
place(-13.4, 1.0, 19.7, "Shotgunner", -6690, 190.06)
upgrade(-13.4, 19.7, 1, -7330, 191.68)
place(11.1, 1.0, 22.4, "Shotgunner", -7330, 198.58)
upgrade(11.1, 22.4, 1, -7970, 199.50)
upgrade(-12.6, 25.8, 1, -9520, 208.81)
upgrade(12.7, 28.5, 1, -11070, 219.66)
upgrade(-13.1, 23.8, 1, -12620, 224.24)
upgrade(12.2, 26.5, 1, -14170, 228.89)
upgrade(-13.2, 21.7, 1, -15720, 242.76)
upgrade(11.6, 24.5, 1, -17270, 244.47)
upgrade(-13.4, 19.7, 1, -18820, 260.99)
upgrade(11.1, 22.4, 1, -20370, 265.57)
upgrade(-12.6, 25.8, 1, -26370, 286.71)
upgrade(12.7, 28.5, 1, -32370, 294.18)
upgrade(-13.1, 23.8, 1, -38370, 323.89)
upgrade(12.2, 26.5, 1, -44370, 331.48)
upgrade(-13.2, 21.7, 1, -50370, 346.33)
upgrade(11.6, 24.5, 1, -56370, 364.20)
upgrade(11.1, 22.4, 1, -62370, 371.20)
upgrade(-13.4, 19.7, 1, -68370, 384.39)
upgrade(2.0, 17.2, 1, -72120, 390.31)
upgrade(-1.0, 17.2, 1, -75870, 396.05)
upgrade(-4.2, 17.2, 1, -79620, 408.30)
upgrade(2.0, 17.2, 1, -91620, 424.62)
upgrade(-1.0, 17.2, 1, -103620, 425.44)
upgrade(-4.2, 17.2, 1, -115620, 430.03)