-- ZEPHYR_META: {"authorId":"984258437644967996","authorTag":"such5092","category":"community","official":false,"createdAt":"2026-06-22T10:32:45.789Z","updatedAt":"2026-06-22T10:32:45.789Z"}
-- NOTE: personal use only ngl
place(0.1, 1.0, 15.5, "Soldier", 0, 0.86)
place(-2.9, 1.0, 15.9, "Soldier", 0, 24.07)
place(-1.0, 1.0, 18.4, "Soldier", 0, 35.67)
upgrade(-1.0, 18.4, 1, -150, 45.53)
upgrade(-1.0, 18.4, 1, -950, 67.06)
upgrade(0.1, 15.5, 1, -1100, 72.97)
upgrade(0.1, 15.5, 1, -1900, 81.25)
upgrade(-2.9, 15.9, 1, -2050, 85.98)
upgrade(-2.9, 15.9, 1, -2850, 88.65)
place(-12.6, 1.0, 25.9, "Shotgunner", -2850, 109.91)
place(12.9, 1.0, 29.1, "Shotgunner", -2850, 131.42)
place(7.1, 1.0, 28.1, "Shotgunner", -2850, 148.65)
place(-10.4, 1.0, 26.3, "Shotgunner", -2850, 157.85)
place(12.6, 1.0, 27.1, "Shotgunner", -2850, 174.65)
place(-14.3, 1.1, 30.7, "Shotgunner", -2850, 181.56)
upgrade(12.6, 27.1, 1, -3490, 190.89)
upgrade(12.9, 29.1, 1, -4130, 194.02)
upgrade(7.1, 28.1, 1, -4770, 195.30)
upgrade(-10.4, 26.3, 1, -5410, 196.82)
upgrade(-12.6, 25.9, 1, -6050, 199.99)
upgrade(-14.3, 30.7, 1, -6690, 202.16)
upgrade(12.6, 27.1, 1, -8240, 217.41)
upgrade(12.9, 29.1, 1, -9790, 223.04)
upgrade(7.1, 28.1, 1, -11340, 237.81)
upgrade(-10.4, 26.3, 1, -12890, 245.79)
upgrade(-12.6, 25.9, 1, -14440, 249.39)
upgrade(-14.3, 30.7, 1, -15990, 258.56)
place(-12.3, 1.1, 31.1, "Shotgunner", -15990, 264.22)
place(6.9, 1.0, 25.9, "Shotgunner", -15990, 269.70)
place(4.7, 1.0, 25.7, "Shotgunner", -15990, 279.50)
upgrade(4.7, 25.7, 1, -16630, 299.93)
upgrade(4.7, 25.7, 1, -18180, 300.62)
upgrade(6.9, 25.9, 1, -18820, 305.16)
upgrade(6.9, 25.9, 1, -20370, 305.93)
upgrade(-12.3, 31.1, 1, -21010, 309.54)
upgrade(-12.3, 31.1, 1, -22560, 311.34)
upgrade(-10.4, 26.3, 1, -28560, 326.81)
upgrade(-12.6, 25.9, 1, -34560, 342.55)
upgrade(-12.3, 31.1, 1, -40560, 360.22)
upgrade(-14.3, 30.7, 1, -46560, 376.23)
upgrade(12.6, 27.1, 1, -52560, 391.25)
upgrade(6.9, 25.9, 1, -58560, 402.40)
upgrade(4.7, 25.7, 1, -64560, 414.14)
upgrade(7.1, 28.1, 1, -70560, 420.72)
upgrade(12.9, 29.1, 1, -76560, 448.87)
place(4.2, 0.9, 7.7, "Soldier", -76560, 453.59)
upgrade(4.2, 7.7, 1, -76710, 454.60)
upgrade(4.2, 7.7, 1, -77510, 454.91)
upgrade(4.2, 7.7, 1, -81260, 456.35)
place(2.0, 0.9, 9.7, "Soldier", -81260, 457.57)
upgrade(2.0, 9.7, 1, -81410, 458.62)
upgrade(2.0, 9.7, 1, -82210, 458.96)
upgrade(2.0, 9.7, 1, -85960, 459.46)
place(6.4, 0.9, 5.6, "Soldier", -85960, 461.16)
upgrade(6.4, 5.6, 1, -86110, 461.99)
upgrade(6.4, 5.6, 1, -86910, 462.37)
place(1.9, 0.9, 5.0, "Soldier", -90660, 465.83)
upgrade(1.9, 5.0, 1, -90810, 466.55)
upgrade(1.9, 5.0, 1, -91610, 466.89)
place(6.8, 0.9, 9.3, "Soldier", -91610, 473.78)
upgrade(6.8, 9.3, 1, -91760, 475.04)
upgrade(6.8, 9.3, 1, -96310, 475.63)