-- ZEPHYR_META: {"authorId":"974437462938124319","authorTag":"gongas1141","category":"community","official":false,"createdAt":"2026-06-19T23:42:20.074Z","updatedAt":"2026-06-19T23:42:20.074Z"}
-- NOTE: made by G
upgrade(-1.1, 17.6, 1, -150, 1.68)
upgrade(-1.1, 17.6, 1, -950, 31.39)
place(1.9, 1.0, 18.4, "Soldier", -950, 44.96)
upgrade(1.9, 18.4, 1, -1100, 45.95)
upgrade(1.9, 18.4, 1, -1900, 59.56)
place(-4.1, 1.0, 18.0, "Soldier", -1900, 73.63)
upgrade(-4.1, 18.0, 1, -2050, 77.02)
upgrade(-4.1, 18.0, 1, -2850, 77.94)
place(-12.7, 1.0, 24.7, "Shotgunner", -2850, 101.80)
place(6.6, 1.0, 24.7, "Shotgunner", -2850, 126.40)
upgrade(-12.7, 24.7, 1, -3490, 130.48)
upgrade(6.6, 24.7, 1, -4130, 147.16)
place(-13.2, 1.0, 22.5, "Shotgunner", -4130, 151.93)
place(5.9, 1.0, 22.6, "Shotgunner", -4130, 169.07)
upgrade(-13.2, 22.5, 1, -4770, 173.91)
upgrade(5.9, 22.6, 1, -5410, 175.79)
upgrade(-12.7, 24.7, 1, -6960, 196.55)
upgrade(-13.2, 22.5, 1, -8510, 199.04)
upgrade(5.9, 22.6, 1, -10060, 219.90)
upgrade(6.6, 24.7, 1, -11610, 223.15)
place(-11.2, 1.0, 23.1, "Shotgunner", -11610, 240.80)
place(4.4, 1.0, 24.1, "Shotgunner", -11610, 247.24)
upgrade(4.4, 24.1, 1, -12250, 249.06)
upgrade(-11.2, 23.1, 1, -12890, 250.31)
place(11.6, 1.0, 23.6, "Shotgunner", -12890, 257.92)
place(-13.4, 1.0, 20.3, "Shotgunner", -12890, 268.03)
upgrade(-13.4, 20.3, 1, -13530, 269.66)
upgrade(11.6, 23.6, 1, -14170, 272.06)
upgrade(-13.4, 20.3, 1, -15720, 282.27)
upgrade(-11.2, 23.1, 1, -17270, 292.44)
upgrade(4.4, 24.1, 1, -18820, 296.27)
upgrade(11.6, 23.6, 1, -20370, 306.79)
upgrade(-1.1, 17.6, 1, -24120, 317.28)
place(4.6, 0.9, -25.4, "Shotgunner", -24120, 337.60)
upgrade(4.6, -25.4, 1, -24760, 339.05)
sell(4.6, -25.4, 343.66)
upgrade(1.9, 18.4, 1, -28510, 347.67)
upgrade(-4.1, 18.0, 1, -32260, 353.70)
upgrade(5.9, 22.6, 1, -38260, 371.64)
upgrade(4.4, 24.1, 1, -44260, 389.16)
upgrade(-13.4, 20.3, 1, -50260, 402.52)
upgrade(-13.2, 22.5, 1, -56260, 423.86)
upgrade(6.6, 24.7, 1, -62260, 435.93)
upgrade(11.6, 23.6, 1, -68260, 445.26)
place(6.9, 1.0, 18.4, "Shotgunner", -68260, 461.47)
upgrade(6.9, 18.4, 1, -68900, 463.03)
upgrade(6.9, 18.4, 1, -76450, 464.02)
sell(-13.4, 20.3, 467.58)
sell(-11.2, 23.1, 469.21)
sell(-13.2, 22.5, 470.08)
sell(-12.7, 24.7, 471.06)
place(9.6, 0.9, 10.8, "Shotgunner", -76450, 473.25)
upgrade(9.6, 10.8, 1, -77090, 474.44)
upgrade(9.6, 10.8, 1, -84640, 475.04)
place(13.7, 0.9, 7.0, "Shotgunner", -84640, 477.77)
upgrade(13.7, 7.0, 1, -85280, 479.15)
upgrade(13.7, 7.0, 1, -92830, 480.09)