-- ZEPHYR_META: {"authorId":"1194813863259021403","authorTag":"jaharilamar","category":"community","official":false,"createdAt":"2026-06-30T18:53:25.388Z","updatedAt":"2026-06-30T18:53:25.388Z"}
-- NOTE: autoskip on, could possibly work with regular soldier
place(-1.5, 1.0, 18.3, "Soldier", 0, 0.53)
upgrade(-1.5, 18.3, 1, -150, 2.73)
upgrade(-1.5, 18.3, 1, -950, 24.39)
place(-4.5, 1.0, 17.9, "Soldier", -950, 40.19)
upgrade(-4.5, 17.9, 1, -1100, 41.65)
upgrade(-4.5, 17.9, 1, -1900, 55.95)
place(1.5, 1.0, 19.4, "Soldier", -1900, 58.12)
upgrade(1.5, 19.4, 1, -2050, 64.89)
upgrade(1.5, 19.4, 1, -2850, 71.65)
place(-12.4, 1.0, 25.9, "Shotgunner", -2850, 97.29)
upgrade(-12.4, 25.9, 1, -3490, 98.36)
place(12.4, 1.0, 27.1, "Shotgunner", -3490, 118.73)
upgrade(12.4, 27.1, 1, -4130, 119.79)
place(-13.0, 1.0, 23.8, "Shotgunner", -4130, 141.95)
upgrade(-13.0, 23.8, 1, -4770, 142.91)
place(11.9, 1.0, 25.2, "Shotgunner", -4770, 152.25)
upgrade(11.9, 25.2, 1, -5410, 160.35)
place(-13.4, 1.0, 21.6, "Shotgunner", -5410, 164.94)
upgrade(-13.4, 21.6, 1, -6050, 174.94)
place(11.6, 1.0, 23.1, "Shotgunner", -6050, 182.94)
upgrade(11.6, 23.1, 1, -6690, 184.06)
place(-13.1, 1.0, 19.6, "Shotgunner", -6690, 196.32)
upgrade(-13.1, 19.6, 1, -7330, 201.50)
place(13.3, 1.0, 29.0, "Shotgunner", -7330, 205.67)
upgrade(13.3, 29.0, 1, -7970, 206.60)
upgrade(-12.4, 25.9, 1, -9520, 223.23)
upgrade(13.3, 29.0, 1, -11070, 228.29)
upgrade(-13.0, 23.8, 1, -12620, 235.03)
upgrade(12.4, 27.1, 1, -14170, 245.94)
upgrade(-13.4, 21.6, 1, -15720, 248.16)
upgrade(11.9, 25.2, 1, -17270, 256.74)
upgrade(11.6, 23.1, 1, -18820, 272.32)
upgrade(-13.1, 19.6, 1, -20370, 273.40)
upgrade(-12.4, 25.9, 1, -26370, 294.70)
upgrade(13.3, 29.0, 1, -32370, 311.56)
upgrade(12.4, 27.1, 1, -38370, 318.88)
upgrade(-13.0, 23.8, 1, -44370, 341.70)
upgrade(11.9, 25.2, 1, -50370, 363.07)
upgrade(-13.4, 21.6, 1, -56370, 366.78)
upgrade(11.6, 23.1, 1, -62370, 386.65)
upgrade(-13.1, 19.6, 1, -68370, 392.52)
place(-1.6, 1.0, 21.6, "EvolvedOperator", -68370, 395.17)
upgrade(-1.6, 21.6, 1, -68695, 396.62)
upgrade(-1.6, 21.6, 1, -70945, 396.94)
upgrade(-1.6, 21.6, 1, -71795, 399.75)
upgrade(1.5, 19.4, 1, -75545, 414.90)
upgrade(1.5, 19.4, 1, -87545, 422.27)
upgrade(-1.5, 18.3, 1, -91295, 423.69)
upgrade(-4.5, 17.9, 1, -95045, 428.33)