-- ZEPHYR_META: {"authorId":"1248992186809454605","authorTag":"chxheok10","createdAt":"2026-06-14T16:52:40.292Z","updatedAt":"2026-06-14T16:52:40.292Z"}
-- NOTE: turn autoskip on
place(0.6, 1.0, -23.5, "Soldier", 0, 9.43)
place(-5.0, 1.0, -26.9, "Soldier", 0, 18.78)
place(-5.1, 1.0, -23.7, "Soldier", 0, 33.02)
upgrade(0.6, -26.6, 1, -150, 35.13)
upgrade(0.6, -26.6, 1, -950, 50.85)
upgrade(-5.0, -26.9, 1, -1100, 52.83)
upgrade(-5.0, -26.9, 1, -1900, 65.60)
upgrade(0.6, -23.5, 1, -2050, 68.31)
upgrade(0.6, -23.5, 1, -2850, 87.71)
upgrade(-5.1, -23.7, 1, -3000, 88.68)
upgrade(-5.1, -23.7, 1, -3800, 89.38)
place(0.6, 1.0, -29.7, "Soldier", -3800, 105.13)
upgrade(0.6, -29.7, 1, -3950, 105.88)
upgrade(0.6, -29.7, 1, -4750, 106.45)
place(-5.0, 1.0, -29.9, "Soldier", -4750, 109.60)
upgrade(-5.0, -29.9, 1, -4900, 118.23)
upgrade(-5.0, -29.9, 1, -5700, 127.78)
place(-5.0, 1.0, -20.7, "Soldier", -5700, 129.75)
upgrade(-5.0, -20.7, 1, -5850, 130.78)
upgrade(-5.0, -20.7, 1, -6650, 143.48)
place(0.4, 1.0, -20.4, "Soldier", -6650, 145.63)
upgrade(0.4, -20.4, 1, -6800, 146.46)
upgrade(0.4, -20.4, 1, -7600, 147.00)
place(-7.7, 1.0, -25.3, "Soldier", -7600, 159.76)
upgrade(-7.7, -25.3, 1, -7750, 160.56)
upgrade(-7.7, -25.3, 1, -8550, 164.13)
place(3.2, 1.0, -24.9, "Soldier", -8550, 166.60)
upgrade(3.2, -24.9, 1, -8700, 167.33)
upgrade(3.2, -24.9, 1, -9500, 168.13)
place(-7.7, 1.0, -28.4, "Soldier", -9500, 177.49)
upgrade(-7.7, -28.4, 1, -9650, 178.88)
upgrade(-7.7, -28.4, 1, -10450, 184.31)
place(3.4, 1.0, -28.1, "Soldier", -10450, 187.81)
upgrade(3.4, -28.1, 1, -10600, 188.59)
upgrade(3.4, -28.1, 1, -11400, 189.18)
place(-7.8, 1.0, -22.3, "Soldier", -11400, 196.48)
upgrade(-7.8, -22.3, 1, -11550, 198.51)
upgrade(-7.8, -22.3, 1, -12350, 206.06)
place(3.2, 1.0, -21.8, "Soldier", -12350, 208.19)
upgrade(3.2, -21.8, 1, -12500, 208.91)
upgrade(3.2, -21.8, 1, -13300, 209.39)
place(-5.1, 1.0, -17.6, "Soldier", -13300, 219.64)
upgrade(-5.1, -17.6, 1, -13450, 220.27)
upgrade(-5.1, -17.6, 1, -14250, 220.88)
place(0.3, 1.0, -17.3, "Soldier", -14250, 223.49)
upgrade(0.3, -17.3, 1, -14400, 224.29)
upgrade(0.3, -17.3, 1, -15200, 224.71)
place(-5.1, 1.0, -33.0, "Soldier", -15200, 228.38)
upgrade(-5.1, -33.0, 1, -15350, 229.14)
upgrade(-5.1, -33.0, 1, -16150, 229.79)
place(0.6, 1.0, -32.8, "Soldier", -16150, 235.13)
upgrade(0.6, -32.8, 1, -16300, 236.08)
upgrade(0.6, -32.8, 1, -17100, 247.32)
place(3.3, 1.0, -31.2, "Soldier", -17100, 250.84)
upgrade(3.3, -31.2, 1, -17250, 251.54)
upgrade(3.3, -31.2, 1, -18050, 251.98)
place(-7.7, 1.0, -31.4, "Soldier", -18050, 254.13)
upgrade(-7.7, -31.4, 1, -18200, 254.86)
upgrade(-7.7, -31.4, 1, -19000, 259.18)
place(3.1, 1.0, -18.8, "Soldier", -19000, 270.86)
upgrade(3.1, -18.8, 1, -19150, 271.54)
upgrade(3.1, -18.8, 1, -19950, 271.96)
place(-7.8, 1.0, -19.2, "Soldier", -19950, 274.09)
upgrade(-7.8, -19.2, 1, -20100, 274.76)
upgrade(-7.8, -19.2, 1, -20900, 275.16)
upgrade(-5.1, -33.0, 1, -24650, 288.84)
upgrade(0.6, -32.8, 1, -28400, 293.76)
upgrade(-5.0, -29.9, 1, -32150, 316.67)
upgrade(0.6, -29.7, 1, -35900, 329.91)
upgrade(3.3, -31.2, 1, -39650, 341.82)
upgrade(-7.7, -31.4, 1, -43400, 350.96)
upgrade(3.4, -28.1, 1, -47150, 365.09)
upgrade(-7.7, -28.4, 1, -50900, 368.07)
upgrade(3.2, -24.9, 1, -54650, 389.37)
upgrade(-7.7, -25.3, 1, -58400, 392.89)
upgrade(3.2, -21.8, 1, -62150, 397.34)
upgrade(-7.8, -22.3, 1, -65900, 400.25)
upgrade(3.1, -18.8, 1, -69650, 404.94)
upgrade(-7.8, -19.2, 1, -73400, 405.80)
upgrade(0.3, -17.3, 1, -77150, 408.75)
upgrade(-5.1, -17.6, 1, -80900, 410.09)
upgrade(0.4, -20.4, 1, -84650, 412.62)
upgrade(-5.0, -20.7, 1, -88400, 413.34)