-- ZEPHYR_META: {"authorId":"1293665504002576506","authorTag":"yosko9807","category":"community","official":false,"createdAt":"2026-07-28T23:36:53.039Z","updatedAt":"2026-07-28T23:36:53.039Z"}
place(-5.2, 1.0, -32.4, "Pyromancer", 0, 0.18)
timescaleunlock(1.72)
timescale(1.50, 2.05)
timescale(2.00, 2.76)
upgrade(-5.2, -32.4, 1, -325, 5.47)
upgrade(-5.2, -32.4, 1, -1325, 19.23)
upgrade(-5.2, -32.4, 1, -3325, 47.54)
upgrade(-5.2, -32.4, 1, -7102, 86.16)
place(6.0, 1.4, 28.4, "Hunter", -7102, 106.44)
place(2.8, 1.4, 28.6, "Hunter", -7102, 116.07)
place(-0.5, 1.5, 28.7, "Hunter", -7102, 131.68)
place(-4.4, 1.5, 28.3, "Hunter", -7102, 148.83)
place(5.9, 1.4, 32.0, "Hunter", -7102, 165.78)
place(2.7, 1.4, 32.0, "Hunter", -7102, 184.01)
place(-0.6, 1.5, 32.2, "Hunter", -7102, 190.96)
place(-4.1, 1.5, 32.3, "Hunter", -7102, 206.05)
place(12.0, 1.2, 29.0, "Freezer", -7102, 220.94)
place(15.1, 1.2, 29.2, "Freezer", -7102, 234.43)
upgrade(12.0, 29.0, 1, -7402, 239.72)
upgrade(15.1, 29.2, 1, -8152, 240.72)
place(11.9, 1.3, 24.9, "Freezer", -8602, 249.80)
place(9.2, 1.3, 22.5, "Freezer", -8602, 255.01)
place(5.2, 1.3, 22.1, "Freezer", -8602, 256.23)
place(1.9, 1.4, 21.5, "Freezer", -8602, 260.71)
upgrade(9.2, 22.5, 1, -8902, 267.87)
upgrade(5.2, 22.1, 1, -9652, 268.71)
place(10.0, 0.8, 19.0, "Minigunner", -10102, 286.99)
upgrade(10.0, 19.0, 1, -10452, 289.36)
place(-3.8, 1.4, 39.1, "Freezer", -10452, 295.89)
upgrade(-3.8, 39.1, 1, -10752, 297.68)
place(2.1, 1.5, 39.9, "Freezer", -11202, 299.08)
upgrade(2.1, 39.9, 1, -11502, 301.08)
place(-4.3, 1.3, 44.5, "Freezer", -11502, 304.19)
upgrade(-4.3, 44.5, 1, -11802, 306.01)