-- ZEPHYR_META: {"authorId":"953270431417262151","authorTag":"dark_xzz1","category":"community","official":false,"createdAt":"2026-09-06T04:03:49.797Z","updatedAt":"2026-09-06T04:03:49.797Z"}
place(25.8, -2.3, 53.4, "Militant", 0, 4.19)
upgrade(25.8, 53.4, 1, -300, 14.56)
upgrade(25.8, 53.4, 1, -1150, 48.68)
place(27.8, -2.3, 51.1, "Pyromancer", -1150, 64.55)
upgrade(27.8, 51.1, 1, -1475, 66.76)
upgrade(27.8, 51.1, 1, -2475, 81.35)
upgrade(25.8, 53.4, 1, -5225, 128.06)
place(25.7, -2.3, 74.9, "Pyromancer", -5225, 133.46)
upgrade(25.7, 74.9, 1, -5550, 137.16)
skip(8, 139.29)
place(28.1, -2.4, 65.4, "Shotgunner", -5550, 163.04)
upgrade(28.1, 65.4, 1, -6300, 170.34)
upgrade(28.1, 65.4, 1, -7800, 185.76)
place(26.0, -2.4, 65.6, "Shotgunner", -7800, 202.08)
upgrade(26.0, 65.6, 1, -8550, 210.85)
skip(11, 217.91)
upgrade(26.0, 65.6, 1, -10050, 219.70)
place(28.8, -2.3, 74.8, "Militant", -10050, 226.11)
upgrade(28.8, 74.8, 1, -10350, 228.12)
upgrade(28.8, 74.8, 1, -11200, 234.25)
upgrade(28.8, 74.8, 1, -13950, 252.64)
place(28.2, -2.4, 63.4, "Shotgunner", -13950, 267.54)
upgrade(28.2, 63.4, 1, -14700, 269.52)
upgrade(28.2, 63.4, 1, -16200, 285.36)
skip(14, 291.42)
skip(15, 317.87)
upgrade(28.8, 74.8, 1, -24200, 337.42)
upgrade(25.7, 74.9, 1, -25200, 345.33)
skip(16, 357.42)
place(31.9, -2.3, 74.8, "Militant", -25200, 360.17)
upgrade(31.9, 74.8, 1, -25500, 362.36)
upgrade(31.9, 74.8, 1, -26350, 362.93)
upgrade(31.9, 74.8, 1, -29100, 363.57)
upgrade(25.7, 74.9, 1, -31100, 375.90)
skip(17, 383.82)
place(21.4, -2.3, 71.0, "Shotgunner", -31100, 392.58)
upgrade(21.4, 71.0, 1, -31850, 394.48)
upgrade(21.4, 71.0, 1, -33350, 395.04)
place(23.5, -2.3, 70.9, "Shotgunner", -33350, 397.70)
upgrade(23.5, 70.9, 1, -34100, 399.81)
upgrade(23.5, 70.9, 1, -35600, 403.32)
place(21.4, -2.3, 73.1, "Shotgunner", -35600, 411.64)
upgrade(21.4, 73.1, 1, -36350, 413.90)
skip(18, 415.19)
upgrade(21.4, 73.1, 1, -37850, 415.69)
upgrade(31.9, 74.8, 1, -45850, 434.54)
skip(19, 445.88)
place(33.6, -2.3, 77.3, "Militant", -45850, 450.08)
upgrade(33.6, 77.3, 1, -46150, 452.54)
upgrade(33.6, 77.3, 1, -47000, 453.08)
upgrade(33.6, 77.3, 1, -49750, 453.80)
skip(20, 471.40)
upgrade(33.6, 77.3, 1, -57750, 474.58)
place(34.9, -2.3, 74.5, "Militant", -57750, 478.94)
upgrade(34.9, 74.5, 1, -58050, 481.41)
upgrade(34.9, 74.5, 1, -58900, 481.93)
upgrade(34.9, 74.5, 1, -61650, 482.63)
upgrade(34.9, 74.5, 1, -69650, 499.45)
skip(21, 505.83)
upgrade(28.2, 63.4, 1, -76150, 519.11)
upgrade(28.1, 65.4, 1, -82650, 531.33)
skip(23, 558.54)
upgrade(26.0, 65.6, 1, -89150, 571.25)
upgrade(21.4, 71.0, 1, -95650, 575.24)
skip(24, 584.83)
upgrade(21.4, 73.1, 1, -102150, 587.27)
upgrade(23.5, 70.9, 1, -108650, 598.83)
place(28.4, -2.3, 71.7, "Militant", -108650, 613.42)
upgrade(28.4, 71.7, 1, -108950, 616.04)
upgrade(28.4, 71.7, 1, -110100, 616.33)