-- NOTE: After Wave 16 u must be in FPS mode the whole time, but in the specific waves (25,31,49,50) u must temporarily exit FPS mode, to manually change the biologist's plants. Since the strat recorder doesn't recognize the biologist's abilities.
place(9.896, 2.272, 20.192, "Engineer", 600)
upgrade(9.896, 2.322, 20.192, 565)
place(10.142, 0.970, 23.159, "Engineer", 830)
upgrade(10.142, 2.320, 23.159, 789)
upgrade(10.142, 2.320, 23.159, 1526)
upgrade(9.896, 2.322, 20.192, 1743)
place(12.375, 4.153, 8.255, "Gatling Gun", 5845)
upgrade(12.375, 5.051, 8.255, 3132)
upgrade(10.142, 2.320, 23.159, 2333)
place(3.040, 0.922, 13.256, "Biologist", 4218)
upgrade(3.040, 2.272, 13.256, 3112)
upgrade(3.040, 2.272, 13.256, 2868)
upgrade(3.040, 2.272, 13.256, 6171)
sell(10.142, 2.320, 23.159)
sell(9.896, 2.322, 20.192)
place(9.714, 0.929, 10.955, "Engineer", 7107)
upgrade(9.714, 2.279, 10.955, 6706)
upgrade(3.714, 2.279, 10.955, 6382)
upgrade(3.714, 2.279, 10.955, 5482)
place(12.720, 0.943, 10.919, "Engineer", 3505)
upgrade(12.720, 2.293, 10.919, 2805)
upgrade(12.720, 2.293, 10.919, 2582)
upgrade(12.720, 2.293, 10.919, 2483)
upgrade(12.375, 5.051, 8.255, 13175)
upgrade(9.714, 2.279, 10.955, 7175)
upgrade(12.720, 2.293, 10.919, 5304)
upgrade(12.720, 2.293, 10.919, 16910)
place(15.831, 0.950, 10.523, "Engineer", 7740)
upgrade(15.831, 2.309, 10.523, 7546)
upgrade(15.831, 2.309, 10.523, 7221)
upgrade(15.831, 2.309, 10.523, 6321)
upgrade(15.831, 2.309, 10.523, 13415)
place(-0.105, 0.928, 12.942, "Biologist", 7696)
upgrade(-0.105, 2.275, 12.942, 5940)
upgrade(-0.105, 2.275, 12.942, 5109)
upgrade(-0.105, 2.275, 12.942, 5095)
upgrade(15.831, 2.309, 10.523, 15006)
upgrade(-0.105, 2.275, 12.942, 13322)
place(9.578, 0.966, 19.742, "DJ Booth", 22578)
upgrade(9.578, 2.331, 19.742, 21825)
upgrade(9.578, 2.331, 19.742, 21525)
upgrade(9.578, 2.331, 19.742, 20275)
SellDJTrack(9.578, 2.331, 19.742, "Red", 17478)
place(6.580, 0.918, 9.955, "Engineer", 26478)
upgrade(6.580, 2.268, 9.955, 25878)
upgrade(6.580, 2.268, 9.955, 25553)
upgrade(6.580, 2.268, 9.955, 24553)
upgrade(6.580, 2.268, 9.955, 26578)
upgrade(6.580, 2.268, 9.955, 19326)
place(14.609, 0.943, 13.545, "Engineer", 20423)
upgrade(14.609, 2.293, 13.545, 20323)
upgrade(14.609, 2.293, 13.545, 19958)
upgrade(14.609, 2.293, 13.545, 19058)
upgrade(14.609, 2.293, 13.545, 17021)
upgrade(14.609, 2.293, 13.545, 12771)
upgrade(12.375, 5.051, 8.255, 23612)
upgrade(9.578, 2.331, 19.742, 11561)
place(11.181, 0.925, 13.913, "Engineer", 3561)
upgrade(11.181, 2.275, 13.913, 2961)
upgrade(11.181, 2.275, 13.913, 2635)
upgrade(9.578, 2.331, 19.742, 22185)
upgrade(11.181, 2.275, 13.913, 5243)
upgrade(11.181, 2.275, 13.913, 27575)
upgrade(11.181, 2.275, 13.913, 7953)
DropTheBeat(9.578, 2.331, 19.742, 20025)
upgrade(9.714, 2.279, 10.955, 45125)
upgrade(12.375, 5.051, 8.255, 50561)
upgrade(11.181, 2.275, 13.913, 43856)
upgrade(14.609, 2.293, 13.545, 50054)
upgrade(12.720, 2.293, 10.919, 37159)
upgrade(6.580, 2.268, 9.955, 51353)
upgrade(15.831, 2.309, 10.523, 31038)
upgrade(12.375, 5.051, 8.255, 49051)
upgrade(-0.105, 2.275, 12.942, 78172)
upgrade(3.040, 2.272, 13.256, 47632)
upgrade(12.375, 5.051, 8.255, 110372)
place(2.261, 0.907, 9.725, "Biologist", 75718)
upgrade(2.261, 2.257, 9.725, 50398)
upgrade(2.261, 2.257, 9.725, 44369)
upgrade(2.261, 2.257, 9.725, 74306)
upgrade(2.261, 2.257, 9.725, 58074)
place(-0.939, 0.913, 9.566, "Biologist", 56805)
upgrade(-0.939, 2.263, 9.566, 61115)
upgrade(-0.939, 2.263, 9.566, 71505)
upgrade(-0.939, 2.263, 9.566, 81767)
upgrade(-0.939, 2.263, 9.566, 38501)
place(17.015, 0.975, 7.060, "Biologist", 130206)
upgrade(17.015, 2.325, 7.060, 120256)
upgrade(17.015, 2.325, 7.060, 126556)
upgrade(17.015, 2.325, 7.060, 126931)
upgrade(17.015, 2.325, 7.060, 122751)
upgrade(17.015, 2.325, 7.060, 103652)
place(17.043, 0.984, 4.057, "Biologist", 103564)
upgrade(17.043, 2.334, 4.057, 107434)
upgrade(17.043, 2.334, 4.057, 106579)
upgrade(17.043, 2.334, 4.057, 107430)
upgrade(17.043, 2.334, 4.057, 113332)
place(14.385, 0.978, 2.608, "Biologist", 99102)
upgrade(14.385, 2.328, 2.608, 109552)
upgrade(14.385, 2.328, 2.608, 111952)
upgrade(14.385, 2.328, 2.608, 120952)
upgrade(14.385, 2.328, 2.608, 125325)
upgrade(14.385, 2.328, 2.608, 130247)
place(11.205, 0.970, 0.938, "Biologist", 104250)
upgrade(11.205, 2.320, 0.938, 170625)
upgrade(11.205, 2.320, 0.938, 180825)
upgrade(11.205, 2.320, 0.938, 178975)
upgrade(11.205, 2.320, 0.938, 174475)
place(8.473, 0.951, -0.404, "Biologist", 160132)
DropTheBeat(9.578, 2.331, 19.742, 685110)
DropTheBeat(9.578, 2.331, 19.742, 777556)