-- ZEPHYR_META: {"authorId":"1322963497209954415","authorTag":"relatives_22","category":"community","official":false,"createdAt":"2026-06-22T22:39:21.178Z","updatedAt":"2026-06-22T22:39:21.178Z"}
target(-3.7, -34.8, "Random", 2.70)
target(-3.7, -34.8, "Farthest", 3.27)
upgrade(-3.7, -34.8, 1, -650, 14.64)
upgrade(-3.7, -34.8, 1, -1650, 40.63)
upgrade(-3.7, -34.8, 1, -3650, 109.97)
place(-7.6, 1.0, -31.8, "Shotgunner", -3650, 131.87)
upgrade(-7.6, -31.8, 1, -4290, 143.11)
upgrade(-7.6, -31.8, 1, -5840, 162.65)
upgrade(-3.7, -34.8, 1, -9590, 224.52)
place(-5.4, 1.0, -32.1, "Shotgunner", -9590, 246.38)
upgrade(-5.4, -32.1, 1, -10230, 247.84)
upgrade(-5.4, -32.1, 1, -11780, 269.97)
place(-7.3, 1.0, -33.9, "Shotgunner", -11780, 295.49)
upgrade(-7.3, -33.9, 1, -12420, 298.08)
upgrade(-7.3, -33.9, 1, -13970, 313.85)
place(-7.8, 0.9, -29.5, "Shotgunner", -13970, 337.52)
upgrade(-7.8, -29.5, 1, -14610, 342.95)
upgrade(-7.8, -29.5, 1, -16160, 369.08)