-- ZEPHYR_META: {"authorId":"1293665504002576506","authorTag":"yosko9807","category":"community","official":false,"createdAt":"2026-07-28T22:58:16.298Z","updatedAt":"2026-07-28T22:58:16.298Z"}
timescale(1.50, 0.69)
timescale(2.00, 1.24)
place(-3.6, 1.0, -32.1, "Pyromancer", 0, 5.74)
upgrade(-3.6, -32.1, 1, -325, 7.34)
upgrade(-3.6, -32.1, 1, -1325, 18.38)
upgrade(-3.6, -32.1, 1, -3325, 47.67)
upgrade(-3.6, -32.1, 1, -7102, 85.53)
place(6.3, 1.4, 28.2, "Hunter", -7102, 106.32)
place(3.0, 1.4, 28.1, "Hunter", -7102, 116.54)
place(-0.0, 1.5, 28.3, "Hunter", -7102, 133.34)
place(-3.9, 1.5, 28.1, "Hunter", -7102, 149.51)
place(5.9, 1.4, 31.7, "Hunter", -7102, 168.25)
place(2.6, 1.4, 31.5, "Hunter", -7102, 183.12)
place(-0.4, 1.5, 31.8, "Hunter", -7102, 191.17)
place(-3.7, 1.5, 31.8, "Hunter", -7102, 205.76)
place(11.8, 1.2, 29.0, "Freezer", -7102, 221.12)
place(15.2, 1.2, 29.2, "Freezer", -7102, 232.78)
upgrade(11.8, 29.0, 1, -7402, 237.65)
upgrade(15.2, 29.2, 1, -8152, 238.52)
place(11.8, 1.3, 25.2, "Freezer", -8602, 245.60)
upgrade(11.8, 25.2, 1, -8902, 252.62)
place(8.8, 1.3, 22.6, "Freezer", -8902, 253.64)
place(4.9, 1.3, 22.2, "Freezer", -8902, 256.94)
place(1.7, 1.4, 21.5, "Freezer", -8902, 259.66)
upgrade(8.8, 22.6, 1, -9202, 265.68)
upgrade(4.9, 22.2, 1, -9502, 266.65)
upgrade(8.8, 22.6, 1, -10402, 268.37)
place(7.2, 0.9, 18.7, "Minigunner", -10402, 283.69)
upgrade(7.2, 18.7, 1, -10752, 285.74)
upgrade(7.2, 18.7, 1, -12252, 294.50)
place(3.2, 1.4, 44.9, "Freezer", -12252, 304.50)