-- ZEPHYR_META: {"authorId":"1067123834152554536","authorTag":"dracometeor._","category":"community","official":false,"createdAt":"2026-09-14T23:48:07.605Z","updatedAt":"2026-09-14T23:48:07.605Z"}
place(-12.4, 1.4, 35.7, "Farm", 0, 1.62)
place(-12.2, 1.5, 31.5, "Farm", 0, 2.52)
place(-11.9, 1.5, 27.7, "Farm", 0, 3.58)
upgrade(-11.9, 27.7, 1, -200, 5.63)
upgrade(-12.2, 31.5, 1, -400, 6.83)
upgrade(-12.4, 35.7, 1, -600, 7.83)
upgrade(-11.9, 27.7, 1, -1200, 14.57)
upgrade(-12.2, 31.5, 1, -1800, 20.42)
place(10.3, 1.1, 21.5, "Electroshocker", -1800, 33.37)
upgrade(10.3, 21.5, 1, -2075, 34.60)
upgrade(-11.9, 27.7, 1, -3325, 45.02)
upgrade(-12.4, 35.7, 1, -3925, 46.10)
upgrade(10.3, 21.5, 1, -4875, 52.90)
place(-12.8, 1.2, 39.3, "Farm", -4875, 58.28)
upgrade(-12.8, 39.3, 1, -5075, 59.28)
upgrade(-12.8, 39.3, 1, -6925, 70.25)
place(-9.3, 1.3, 40.3, "Farm", -6925, 73.01)
upgrade(-9.3, 40.3, 1, -7125, 74.08)
upgrade(-9.3, 40.3, 1, -7725, 79.51)
place(-5.0, 1.4, 40.3, "Farm", -7725, 81.55)
upgrade(-5.0, 40.3, 1, -7925, 88.70)
upgrade(10.3, 21.5, 1, -10325, 92.78)
place(13.3, 1.1, 21.4, "Crook Boss", -10325, 105.26)
upgrade(13.3, 21.4, 1, -11825, 106.80)
upgrade(-12.2, 31.5, 1, -13075, 115.10)
upgrade(-12.4, 35.7, 1, -14325, 118.46)
upgrade(-9.3, 40.3, 1, -15575, 119.93)
upgrade(13.3, 21.4, 1, -18325, 128.96)
place(-16.2, 1.5, 27.2, "Farm", -18325, 132.28)
upgrade(-16.2, 27.2, 1, -18525, 132.99)
upgrade(-16.2, 27.2, 1, -20375, 139.03)
place(-16.9, 1.5, 30.9, "Farm", -20375, 141.71)
upgrade(-16.9, 30.9, 1, -20575, 142.41)
upgrade(-16.9, 30.9, 1, -22425, 142.88)
place(-17.1, 1.5, 34.5, "Farm", -22425, 143.73)
upgrade(-17.1, 34.5, 1, -22625, 145.18)
upgrade(-17.1, 34.5, 1, -24475, 149.10)
upgrade(-5.0, 40.3, 1, -25075, 152.99)
upgrade(-5.0, 40.3, 1, -26325, 153.33)
place(7.2, 1.2, 21.6, "Electroshocker", -26325, 157.55)
upgrade(7.2, 21.6, 1, -26600, 158.66)
upgrade(7.2, 21.6, 1, -27550, 158.96)
upgrade(7.2, 21.6, 1, -29950, 166.68)
upgrade(7.2, 21.6, 1, -33950, 167.10)
upgrade(7.2, 21.6, 1, -43950, 208.28)
upgrade(10.3, 21.5, 1, -47950, 220.29)
upgrade(10.3, 21.5, 1, -57950, 258.85)
place(13.5, 0.9, 18.4, "Crook Boss", -57950, 268.32)
upgrade(13.5, 18.4, 1, -59450, 271.47)
upgrade(13.5, 18.4, 1, -62200, 275.05)
place(10.5, 0.7, 18.3, "Crook Boss", -62200, 286.59)
upgrade(10.5, 18.3, 1, -63700, 288.22)
upgrade(10.5, 18.3, 1, -66450, 291.08)
place(7.4, 0.8, 18.3, "Crook Boss", -66450, 295.36)
upgrade(7.4, 18.3, 1, -67950, 307.17)
upgrade(7.4, 18.3, 1, -70700, 310.87)
place(13.1, 1.2, 24.9, "Electroshocker", -70700, 322.71)
upgrade(13.1, 24.9, 1, -70975, 323.64)
upgrade(13.1, 24.9, 1, -74325, 324.17)
upgrade(13.1, 24.9, 1, -78325, 330.79)
upgrade(13.1, 24.9, 1, -88325, 351.26)
place(24.0, 0.6, 20.1, "Minigunner", -88325, 354.09)
place(24.1, 0.5, 16.3, "Scout", -88325, 355.50)
upgrade(24.1, 16.3, 1, -88375, 356.25)
upgrade(24.1, 16.3, 1, -90100, 360.75)
place(21.8, 0.8, 25.3, "Scout", -90100, 365.48)
place(23.6, 0.4, 13.1, "Scout", -90100, 366.94)
place(20.6, 0.4, 9.1, "Scout", -90100, 367.59)
place(2.6, 1.4, 31.5, "Minigunner", -90100, 369.87)
upgrade(2.6, 31.5, 1, -90450, 370.63)
place(5.2, 1.4, 29.0, "Scout", -91950, 372.88)
upgrade(5.2, 29.0, 1, -92000, 373.60)
upgrade(5.2, 29.0, 1, -93725, 373.96)
place(21.1, 0.9, 28.9, "Scout", -93725, 374.73)
upgrade(21.1, 28.9, 1, -93775, 376.16)
upgrade(21.1, 28.9, 1, -95500, 376.52)
upgrade(21.8, 25.3, 1, -97750, 378.30)
upgrade(21.8, 25.3, 1, -99475, 378.64)
place(16.8, 0.6, 17.0, "Minigunner", -99475, 382.26)
upgrade(16.8, 17.0, 1, -99825, 383.34)
place(5.7, 0.4, 14.7, "Scout", -101325, 386.72)
upgrade(5.7, 14.7, 1, -101375, 387.44)
place(4.4, 1.2, 20.2, "Minigunner", -101750, 391.50)
upgrade(4.4, 20.2, 1, -102100, 392.48)
place(0.8, 1.3, 18.4, "Minigunner", -103600, 398.91)
upgrade(0.8, 18.4, 1, -103950, 399.43)
place(2.1, 1.4, 28.4, "Scout", -105450, 402.50)
upgrade(2.1, 28.4, 1, -105500, 403.40)
upgrade(2.1, 28.4, 1, -107225, 403.74)
place(5.9, 1.4, 32.6, "Scout", -108575, 404.30)
upgrade(5.9, 32.6, 1, -108625, 405.15)
upgrade(5.9, 32.6, 1, -109000, 405.95)
place(8.4, 1.3, 36.5, "Scout", -109000, 406.79)
upgrade(8.4, 36.5, 1, -109050, 407.41)
upgrade(8.4, 36.5, 1, -110775, 407.83)