-- ZEPHYR_META: {"authorId":"1500754055214006302","authorTag":"dispilispy","category":"community","official":false,"createdAt":"2026-09-11T07:37:08.203Z","updatedAt":"2026-09-11T07:37:08.203Z"}
place(-2.5, 0.6, -21.4, "Pyromancer", -33800, 2.30)
target(-2.5, -21.4, "Random", 4.57)
target(-2.5, -21.4, "Farthest", 5.08)
skip(1, 5.62)
target(-2.5, -21.4, "Farthest", 5.83)
upgrade(-2.5, -21.4, 1, -34125, 7.48)
skip(2, 15.61)
skip(3, 25.63)
upgrade(-2.5, -21.4, 1, -35125, 27.30)
skip(4, 36.70)
skip(5, 47.68)
skip(6, 58.68)
upgrade(-2.5, -21.4, 1, -37125, 62.55)
skip(7, 71.70)
skip(8, 84.57)
skip(9, 97.63)
skip(10, 108.97)
skip(11, 119.69)
place(-17.9, 3.5, -17.7, "Gatling Gun", -37125, 121.11)
skip(12, 130.65)
skip(13, 141.78)
upgrade(-17.9, -17.7, 1, -40125, 145.82)
skip(14, 154.78)
place(-6.9, 1.0, -32.8, "Pyromancer", -40125, 162.09)
target(-6.9, -32.8, "Random", 164.89)
target(-6.9, -32.8, "Farthest", 165.34)
upgrade(-6.9, -32.8, 1, -40450, 166.01)
skip(15, 167.80)
upgrade(-6.9, -32.8, 1, -41450, 169.38)
skip(16, 188.61)
upgrade(-6.9, -32.8, 1, -43450, 190.37)
skip(18, 222.68)
skip(19, 257.65)
skip(20, 273.76)
upgrade(-17.9, -17.7, 1, -50950, 275.45)
skip(21, 289.54)
skip(22, 309.79)
skip(23, 329.80)
upgrade(-17.9, -17.7, 1, -65950, 339.35)
place(-11.0, 1.0, -27.7, "Minigunner", -65950, 347.79)
place(-5.7, 0.9, -28.1, "Pyromancer", -65950, 349.71)
skip(24, 350.24)
sell(-5.7, -28.1, 355.25)
place(-8.1, 1.0, -27.7, "Shotgunner", -65950, 356.59)
place(-5.6, 0.9, -28.2, "Crook Boss", -65950, 357.77)
upgrade(-6.9, -32.8, 1, -69727, 368.05)
skip(25, 370.59)
upgrade(-2.5, -21.4, 1, -73504, 372.39)
skip(26, 381.64)
skip(27, 395.12)
upgrade(-11.0, -27.7, 1, -73854, 404.94)
upgrade(-11.0, -27.7, 1, -75354, 408.11)
upgrade(-11.0, -27.7, 1, -81854, 408.72)
skip(28, 411.02)
upgrade(-5.6, -28.2, 1, -83354, 415.53)
upgrade(-5.6, -28.2, 1, -86104, 416.23)