-- ZEPHYR_META: {"authorId":"1067123834152554536","authorTag":"dracometeor._","category":"community","official":false,"createdAt":"2026-09-14T05:41:03.337Z","updatedAt":"2026-09-14T05:41:03.337Z"}
place(-12.9, 1.6, 26.1, "Farm", 0, 1.78)
skip(1, 2.45)
place(-12.9, 1.5, 29.7, "Farm", 0, 2.56)
place(-13.0, 1.4, 33.2, "Farm", 0, 3.58)
skip(1, 3.72)
skip(1, 4.98)
upgrade(-12.9, 29.7, 1, -200, 5.28)
skip(1, 6.28)
skip(2, 7.42)
upgrade(-13.0, 33.2, 1, -400, 7.95)
skip(2, 8.80)
skip(2, 10.08)
skip(2, 11.43)
skip(2, 12.68)
skip(2, 14.03)
upgrade(-12.9, 26.1, 1, -600, 14.82)
skip(2, 15.42)
skip(2, 16.75)
skip(3, 17.38)
upgrade(-12.9, 26.1, 1, -1200, 17.85)
skip(3, 18.65)
skip(3, 19.96)
skip(3, 21.30)
skip(3, 22.75)
skip(3, 24.12)
skip(3, 25.45)
skip(3, 26.81)
skip(4, 27.38)
upgrade(-12.9, 29.7, 1, -1800, 27.97)
skip(4, 28.72)
skip(4, 30.05)
skip(4, 31.30)
skip(4, 32.58)
skip(4, 33.91)
skip(4, 35.25)
place(11.3, 1.1, 21.7, "Electroshocker", -1800, 36.30)
skip(4, 36.66)
upgrade(11.3, 21.7, 1, -2075, 37.53)
skip(4, 37.98)
skip(4, 39.32)
skip(5, 39.45)
skip(5, 40.75)
skip(5, 42.08)
skip(5, 43.50)
skip(5, 44.78)
upgrade(-13.0, 33.2, 1, -2675, 45.98)
skip(5, 46.10)
skip(5, 47.36)
skip(5, 48.71)
skip(5, 50.05)
skip(5, 52.11)
skip(6, 52.18)
upgrade(-13.0, 33.2, 1, -3925, 52.70)
skip(6, 53.55)
skip(6, 54.87)
skip(6, 56.11)
skip(6, 57.45)
skip(6, 58.78)
skip(6, 60.11)
skip(6, 61.45)
skip(6, 62.78)
skip(7, 63.41)
upgrade(11.3, 21.7, 1, -4875, 63.53)
skip(7, 64.78)
skip(7, 66.17)
skip(7, 67.55)
skip(7, 68.88)
skip(7, 70.45)
skip(7, 71.71)
skip(7, 73.05)
skip(7, 74.38)
upgrade(-12.9, 26.1, 1, -6125, 74.48)
skip(7, 75.78)
skip(7, 77.05)
skip(8, 77.45)
upgrade(-12.9, 29.7, 1, -7375, 77.83)
skip(8, 78.78)
place(-13.3, 1.3, 37.0, "Farm", -7375, 79.91)
skip(8, 80.04)
skip(8, 81.41)
skip(8, 82.68)
skip(8, 83.98)
skip(8, 85.28)
skip(8, 86.58)
skip(8, 87.83)
upgrade(-13.3, 37.0, 1, -7575, 88.50)
skip(8, 89.11)
skip(8, 90.44)
skip(9, 91.38)
upgrade(-13.3, 37.0, 1, -8175, 91.63)
skip(9, 92.65)
skip(9, 93.98)
skip(9, 95.36)
skip(9, 96.70)
skip(9, 97.98)
skip(9, 99.35)
skip(9, 100.68)
skip(9, 101.98)
place(8.3, 1.2, 21.3, "Electroshocker", -9425, 102.11)
skip(9, 103.28)
upgrade(8.3, 21.3, 1, -9700, 103.47)
skip(9, 104.61)
skip(10, 105.41)
upgrade(8.3, 21.3, 1, -10650, 105.61)
skip(10, 106.71)
skip(10, 107.98)
skip(10, 109.33)
skip(10, 110.71)
place(-13.6, 1.2, 40.7, "Farm", -10650, 111.26)
skip(10, 111.98)
upgrade(-13.6, 40.7, 1, -10850, 112.68)
upgrade(-13.6, 40.7, 1, -11450, 113.21)
skip(10, 113.36)
skip(10, 114.61)
skip(10, 115.98)
skip(11, 117.33)
upgrade(-13.6, 40.7, 1, -12700, 117.33)
skip(11, 118.74)
skip(11, 120.01)
place(-10.1, 1.3, 40.8, "Farm", -12700, 120.11)
upgrade(-10.1, 40.8, 1, -12900, 121.03)
skip(11, 121.35)
upgrade(-10.1, 40.8, 1, -13500, 121.44)
skip(11, 122.71)
place(-5.4, 1.4, 40.8, "Farm", -13500, 123.25)
skip(11, 124.08)
skip(11, 125.36)
skip(11, 126.64)
skip(11, 127.95)
skip(11, 129.25)
skip(12, 129.45)
upgrade(11.3, 21.7, 1, -15900, 130.33)
skip(12, 130.71)
skip(12, 132.03)
skip(12, 133.30)
skip(12, 134.68)
skip(12, 135.98)
place(5.1, 1.3, 21.1, "Crook Boss", -15900, 136.96)
skip(12, 137.36)
skip(12, 138.61)
skip(12, 139.94)
skip(13, 141.36)
upgrade(5.1, 21.1, 1, -17400, 141.43)
skip(13, 142.71)
skip(13, 143.98)
skip(13, 145.29)
skip(13, 146.58)
skip(13, 147.88)
upgrade(5.1, 21.1, 1, -20150, 148.23)
skip(13, 149.23)
skip(13, 150.58)
skip(13, 151.86)
skip(13, 153.18)
skip(14, 153.48)
upgrade(-5.4, 40.8, 1, -20350, 153.94)
upgrade(-5.4, 40.8, 1, -20950, 154.64)
skip(14, 154.73)
upgrade(-5.4, 40.8, 1, -22200, 155.21)
skip(14, 156.04)
skip(14, 157.36)
skip(14, 158.64)
skip(14, 160.03)
skip(14, 161.34)
place(3.7, 1.4, 41.2, "Farm", -22200, 161.58)
upgrade(3.7, 41.2, 1, -22400, 162.32)
skip(14, 162.74)
upgrade(3.7, 41.2, 1, -23000, 162.61)
place(8.1, 1.4, 41.5, "Farm", -24250, 163.73)
skip(14, 164.11)
upgrade(8.1, 41.5, 1, -24450, 165.18)
skip(14, 165.38)
upgrade(8.1, 41.5, 1, -25050, 165.53)
skip(14, 166.68)
skip(15, 167.45)
skip(15, 168.78)
skip(15, 170.13)
upgrade(8.1, 41.5, 1, -26300, 171.19)
skip(15, 171.48)
place(3.0, 1.4, 37.2, "Farm", -26300, 172.11)
skip(15, 172.78)
upgrade(3.0, 37.2, 1, -26500, 173.64)
skip(15, 174.10)
upgrade(3.0, 37.2, 1, -28350, 174.46)
skip(15, 175.41)
skip(15, 176.71)
skip(15, 177.98)
skip(15, 179.29)
skip(15, 180.51)
skip(16, 181.40)
upgrade(11.3, 21.7, 1, -32350, 181.44)
skip(16, 182.73)
skip(16, 184.11)
skip(16, 185.44)
skip(16, 186.74)
skip(16, 188.08)
skip(16, 189.45)
skip(16, 190.81)
skip(16, 192.11)
skip(16, 193.51)
skip(16, 194.91)
skip(16, 196.24)
skip(16, 197.49)
skip(16, 198.77)
skip(16, 200.11)
skip(16, 201.41)
skip(16, 202.78)
skip(17, 203.36)
skip(17, 204.69)
skip(17, 206.09)
skip(17, 207.44)
skip(17, 208.71)
skip(17, 210.13)
skip(17, 211.41)
skip(17, 212.77)
skip(17, 214.04)
skip(17, 215.44)
skip(17, 216.81)
skip(17, 218.09)
skip(17, 219.44)
skip(17, 220.71)
skip(17, 221.98)
upgrade(11.3, 21.7, 1, -42350, 222.17)
skip(17, 223.24)
skip(17, 224.58)
skip(18, 225.42)
upgrade(8.3, 21.3, 1, -44750, 225.94)
skip(18, 226.79)
skip(18, 228.16)
skip(18, 229.51)
skip(18, 230.77)
skip(18, 232.16)
skip(18, 233.49)
skip(18, 234.81)
skip(18, 236.09)
skip(18, 237.48)
upgrade(8.3, 21.3, 1, -48750, 237.98)
skip(18, 238.77)
skip(18, 240.14)
skip(19, 241.44)
skip(19, 242.77)
skip(19, 244.11)
skip(19, 245.36)
skip(19, 246.76)
skip(19, 248.09)
skip(19, 249.42)
skip(19, 250.71)
skip(19, 252.02)
skip(19, 253.36)
skip(19, 254.64)
skip(19, 255.99)
skip(19, 257.29)
skip(19, 258.64)
skip(19, 259.96)
skip(19, 261.24)
skip(19, 262.55)
skip(19, 263.86)
skip(19, 265.19)
skip(19, 266.44)
skip(19, 267.82)
skip(19, 269.16)
skip(19, 270.49)
skip(19, 271.79)
skip(19, 273.12)
skip(19, 274.37)
skip(19, 275.69)
skip(19, 277.04)
skip(20, 277.37)
upgrade(8.3, 21.3, 1, -58750, 278.02)
skip(20, 278.66)
skip(20, 279.99)
skip(20, 281.36)
skip(20, 282.65)
place(6.5, 0.7, 17.9, "Crook Boss", -58750, 283.67)
skip(20, 283.95)
skip(20, 285.32)
skip(20, 286.66)
skip(20, 287.97)
skip(20, 289.32)
upgrade(6.5, 17.9, 1, -60250, 290.24)
skip(20, 290.69)
skip(20, 291.99)
skip(21, 293.38)
upgrade(6.5, 17.9, 1, -63000, 294.26)
skip(21, 294.64)
skip(21, 295.96)
place(9.9, 0.8, 18.6, "Crook Boss", -63000, 296.84)
skip(21, 297.32)
skip(21, 298.66)
skip(21, 299.99)
skip(21, 301.31)
skip(21, 302.65)
skip(21, 304.02)
skip(21, 305.39)
upgrade(9.9, 18.6, 1, -64500, 306.24)
skip(21, 306.65)
skip(21, 307.99)
skip(21, 309.34)
skip(22, 309.44)
upgrade(9.9, 18.6, 1, -67250, 310.07)
skip(22, 310.74)
place(6.1, 1.4, 28.1, "Crook Boss", -67250, 311.92)
skip(22, 312.20)
skip(22, 313.50)
skip(22, 314.80)
skip(22, 316.19)
skip(22, 317.45)
skip(22, 318.79)
skip(22, 320.06)
upgrade(6.1, 28.1, 1, -68750, 321.27)
skip(22, 321.41)
skip(22, 322.72)
skip(22, 324.05)
skip(22, 325.39)
skip(22, 326.72)
upgrade(6.1, 28.1, 1, -71500, 326.81)
skip(22, 328.09)
skip(23, 329.46)
skip(23, 330.84)
place(12.4, 1.2, 24.6, "Electroshocker", -71500, 331.65)
skip(23, 332.20)
upgrade(12.4, 24.6, 1, -71775, 332.79)
upgrade(12.4, 24.6, 1, -75125, 333.21)
skip(23, 333.49)
skip(23, 334.85)
skip(23, 336.12)
skip(23, 337.50)
skip(23, 338.85)
skip(23, 340.19)
skip(23, 341.52)
skip(23, 342.86)
skip(23, 344.19)
skip(23, 345.56)
upgrade(12.4, 24.6, 1, -79125, 346.02)
skip(23, 346.86)
skip(23, 348.10)
skip(24, 349.44)
skip(24, 350.79)
skip(24, 352.17)
skip(24, 353.49)
skip(24, 354.92)
skip(24, 356.22)
skip(24, 357.52)
skip(24, 358.79)
skip(24, 360.10)
place(-5.6, 0.9, -28.2, "Crook Boss", -79125, 360.82)
skip(24, 361.49)
skip(24, 362.85)
skip(24, 364.26)
skip(24, 365.64)
skip(24, 366.99)
skip(24, 368.25)
skip(25, 369.41)
upgrade(12.4, 24.6, 1, -89125, 370.02)
skip(25, 370.75)
skip(25, 372.12)
skip(25, 373.45)
place(12.6, 1.2, 27.7, "Electroshocker", -89125, 374.40)
skip(25, 374.77)
upgrade(12.6, 27.7, 1, -89400, 375.37)
skip(25, 376.09)
skip(25, 377.45)
skip(25, 378.77)
skip(25, 380.04)
skip(25, 381.42)
skip(25, 382.79)
skip(25, 384.10)
skip(25, 385.44)
upgrade(12.6, 27.7, 1, -92750, 386.25)
skip(25, 386.77)
skip(25, 388.12)
skip(26, 389.34)
place(15.2, 1.1, 26.1, "Electroshocker", -92750, 389.43)
upgrade(15.2, 26.1, 1, -93025, 390.27)
skip(26, 390.69)
upgrade(15.2, 26.1, 1, -96375, 390.80)
skip(26, 392.04)
skip(26, 393.34)
upgrade(15.2, 26.1, 1, -100375, 393.47)
skip(26, 394.75)
place(14.9, 1.0, 22.8, "Electroshocker", -100375, 395.37)
skip(26, 396.14)
upgrade(14.9, 22.8, 1, -100650, 396.29)
skip(26, 397.45)
upgrade(14.9, 22.8, 1, -101600, 397.66)
skip(26, 398.84)
skip(26, 400.10)
skip(27, 401.41)
upgrade(14.9, 22.8, 1, -104000, 401.85)
upgrade(14.9, 22.8, 1, -108000, 402.28)
skip(27, 402.70)
skip(27, 403.97)
skip(27, 405.25)
skip(27, 406.50)
skip(27, 407.79)
skip(27, 409.17)
skip(27, 410.50)
skip(27, 411.78)
skip(27, 413.17)
upgrade(-5.6, -28.2, 1, -108000, 413.22)
upgrade(-5.6, -28.2, 1, -108000, 413.92)
skip(27, 414.50)
upgrade(-5.6, -28.2, 1, -108000, 414.89)
skip(28, 415.45)
place(15.5, 0.7, 19.8, "Electroshocker", -108000, 415.55)
upgrade(-5.6, -28.2, 1, -108000, 415.85)
skip(28, 416.81)
upgrade(15.5, 19.8, 1, -108275, 417.17)
upgrade(15.5, 19.8, 1, -111625, 417.78)
skip(28, 418.12)
skip(28, 419.46)
skip(28, 420.85)
skip(28, 422.17)
skip(28, 423.52)
skip(28, 424.82)
skip(28, 426.12)
skip(28, 427.47)
skip(28, 428.83)
upgrade(15.5, 19.8, 1, -115625, 429.88)
skip(28, 430.22)
skip(29, 431.38)
skip(29, 432.72)
skip(29, 434.03)
skip(29, 435.30)
skip(29, 436.65)
skip(29, 437.99)
skip(29, 439.39)
skip(29, 440.72)
skip(29, 442.02)
skip(29, 443.30)
skip(29, 444.58)
skip(29, 445.90)
skip(29, 447.18)