-- ZEPHYR_META: {"authorId":"1313867364680470549","authorTag":"exl1e","category":"community","official":false,"createdAt":"2026-07-19T00:12:14.825Z","updatedAt":"2026-07-19T00:12:14.825Z"}
sell(-1.6, -35.6, 5.06)
place(-2.1, 1.0, -35.5, "Pyromancer", -20802, 9.86)
upgrade(-2.1, -35.5, 1, -21127, 12.23)
upgrade(-2.1, -35.5, 1, -24127, 29.90)
upgrade(-2.1, -35.5, 1, -27904, 61.73)
place(-8.2, 1.5, 22.4, "Hunter", -27904, 72.53)
upgrade(-8.2, 22.4, 1, -28629, 83.66)
place(-4.8, 1.5, 22.5, "Hunter", -28629, 95.52)
upgrade(-4.8, 22.5, 1, -29354, 100.27)
place(-4.1, 1.5, 19.6, "Hunter", -29354, 129.92)
upgrade(-4.1, 19.6, 1, -30079, 132.29)
place(-1.8, 1.4, 22.5, "Hunter", -30079, 155.76)
upgrade(-1.8, 22.5, 1, -30804, 157.72)
place(6.5, 1.4, 27.7, "Crook Boss", -30804, 188.12)
place(1.4, 1.4, 22.4, "Hunter", -30804, 202.12)
upgrade(1.4, 22.4, 1, -31529, 204.42)
place(-0.2, 1.4, 19.8, "Hunter", -31529, 216.99)
upgrade(-0.2, 19.8, 1, -32254, 222.29)