-- ZEPHYR_META: {"authorId":"816049257441525811","authorTag":"juanllmz","category":"community","official":false,"createdAt":"2026-07-28T06:36:08.129Z","updatedAt":"2026-07-28T06:36:08.129Z"}
upgrade(13.5, -15.5, 1, -200, 38.22)
place(8.0, 1.0, -12.7, "Cowboy", -200, 74.93)
upgrade(8.0, -12.7, 1, -400, 76.27)
place(16.7, 0.9, -9.9, "Cowboy", -400, 117.74)
upgrade(16.7, -9.9, 1, -600, 118.87)
upgrade(8.0, -12.7, 1, -1200, 151.27)
upgrade(16.7, -9.9, 1, -1800, 166.44)
place(11.1, 0.9, -7.3, "Cowboy", -1800, 183.13)
upgrade(11.1, -7.3, 1, -2000, 202.17)
upgrade(11.1, -7.3, 1, -2600, 202.63)
upgrade(11.1, -7.3, 1, -4600, 248.38)
place(8.9, 0.9, -5.5, "Crook Boss", -4600, 289.91)
upgrade(8.9, -5.5, 1, -6100, 297.46)
upgrade(8.9, -5.5, 1, -8850, 350.29)
place(12.0, 0.9, -4.6, "Crook Boss", -8850, 384.98)
upgrade(12.0, -4.6, 1, -10350, 402.09)
upgrade(12.0, -4.6, 1, -13100, 428.35)
place(9.6, 0.9, -2.5, "Crook Boss", -13100, 445.20)
upgrade(9.6, -2.5, 1, -14600, 469.26)
upgrade(9.6, -2.5, 1, -17350, 488.99)
upgrade(13.5, -15.5, 1, -17950, 498.40)
upgrade(13.5, -15.5, 1, -19950, 514.93)
upgrade(8.0, -12.7, 1, -21950, 570.38)
upgrade(16.7, -9.9, 1, -23950, 571.49)
upgrade(13.5, -15.5, 1, -26950, 573.69)
upgrade(16.7, -9.9, 1, -29950, 603.47)
upgrade(8.0, -12.7, 1, -32950, 616.81)
upgrade(11.1, -7.3, 1, -35950, 627.80)
place(6.1, 0.9, -4.1, "Crook Boss", -35950, 637.65)
upgrade(6.1, -4.1, 1, -37450, 638.79)
upgrade(6.1, -4.1, 1, -40200, 672.74)
upgrade(13.5, -15.5, 1, -47977, 682.60)
upgrade(8.0, -12.7, 1, -55754, 717.82)
place(12.5, 0.9, -1.4, "Crook Boss", -55754, 725.46)
upgrade(12.5, -1.4, 1, -57254, 732.98)
upgrade(12.5, -1.4, 1, -60004, 738.95)
upgrade(16.7, -9.9, 1, -67781, 760.96)
upgrade(12.0, -4.6, 1, -81781, 834.02)
upgrade(8.9, -5.5, 1, -95781, 857.49)
upgrade(12.5, -1.4, 1, -109781, 870.88)
upgrade(9.6, -2.5, 1, -123781, 874.29)