-- ZEPHYR_META: {"authorId":"1292611495603208253","authorTag":"grnalien8p1","category":"community","official":false,"createdAt":"2026-06-25T11:36:18.119Z","updatedAt":"2026-06-25T11:36:18.119Z"}
place(-0.0, 1.0, -30.7, "Militant", 0, 0.59)
upgrade(-0.0, -30.7, 1, -300, 5.63)
upgrade(-0.0, -30.7, 1, -1150, 29.29)
place(3.0, 1.0, -31.0, "Militant", -1150, 44.89)
upgrade(3.0, -31.0, 1, -1450, 47.32)
upgrade(3.0, -31.0, 1, -2300, 59.83)
place(0.3, 1.0, -27.7, "Militant", -2300, 63.40)
upgrade(0.3, -27.7, 1, -2600, 66.28)
upgrade(0.3, -27.7, 1, -3450, 82.49)
place(3.4, 1.0, -28.0, "Militant", -3450, 84.85)
upgrade(3.4, -28.0, 1, -3750, 94.04)
upgrade(3.4, -28.0, 1, -4600, 99.30)
place(0.4, 1.0, -24.6, "Militant", -4600, 101.88)
upgrade(0.4, -24.6, 1, -4900, 105.71)
upgrade(0.4, -24.6, 1, -5750, 121.42)
place(3.4, 1.0, -24.9, "Militant", -5750, 123.67)
upgrade(3.4, -24.9, 1, -6050, 126.10)
upgrade(3.4, -24.9, 1, -6900, 138.52)
place(0.5, 1.0, -21.4, "Militant", -6900, 142.11)
upgrade(0.5, -21.4, 1, -7200, 143.44)
place(3.6, 1.0, -21.9, "Militant", -8050, 159.01)
upgrade(3.6, -21.9, 1, -8350, 161.42)
upgrade(-0.0, -30.7, 1, -11950, 179.42)
upgrade(-0.0, -30.7, 1, -19950, 222.98)
upgrade(3.0, -31.0, 1, -22700, 247.92)
upgrade(3.0, -31.0, 1, -30700, 294.20)
upgrade(0.3, -27.7, 1, -33450, 298.91)
upgrade(0.3, -27.7, 1, -41450, 323.97)
upgrade(3.4, -28.0, 1, -44200, 343.83)
upgrade(3.4, -28.0, 1, -52200, 369.60)
upgrade(0.4, -24.6, 1, -54950, 373.86)
upgrade(0.4, -24.6, 1, -62950, 400.23)
upgrade(3.4, -24.9, 1, -65700, 403.50)
upgrade(3.4, -24.9, 1, -73700, 411.51)
upgrade(0.5, -21.4, 1, -76450, 412.73)
upgrade(0.5, -21.4, 1, -84450, 417.21)
upgrade(3.6, -21.9, 1, -87200, 420.40)
upgrade(3.6, -21.9, 1, -95200, 423.71)