place(8.510, 1.000, 6.804, "Soldier", 726)
upgrade(8.510, 2.350, 6.804, 276)
place(8.378, 1.000, 3.286, "Soldier", 572)
place(11.623, 1.000, 6.463, "Soldier", 687)
upgrade(8.510, 2.350, 6.804, 932)
upgrade(11.623, 2.350, 6.463, 152)
upgrade(11.623, 2.350, 6.463, 801)
place(8.424, 1.000, 9.872, "Soldier", 7)
place(8.310, 1.000, 9.945, "Soldier", 781)
upgrade(8.310, 2.350, 9.945, 520)
upgrade(8.310, 2.350, 9.945, 1311)
upgrade(8.378, 2.350, 3.286, 724)
upgrade(8.378, 2.350, 3.286, 857)
place(11.321, 1.000, 9.684, "Soldier", 1285)
upgrade(11.321, 2.350, 9.684, 835)
upgrade(11.321, 2.350, 9.684, 685)
upgrade(11.321, 2.350, 9.684, 841)
upgrade(8.510, 2.350, 6.804, 3816)
upgrade(11.623, 2.350, 6.463, 3876)
upgrade(11.321, 2.350, 9.684, 3778)
place(8.029, 1.000, 13.055, "Soldier", 2838)
upgrade(8.029, 2.350, 13.055, 2388)
upgrade(8.029, 2.350, 13.055, 2238)
upgrade(8.029, 2.350, 13.055, 1441)
place(11.120, 1.000, 12.769, "Soldier", 1438)
upgrade(11.120, 2.350, 12.769, 988)
upgrade(11.120, 2.350, 12.769, 838)
upgrade(8.029, 2.350, 13.055, 3839)
sell(8.378, 2.350, 3.286)
sell(11.120, 2.350, 12.769)
sell(8.029, 2.350, 13.055)
sell(8.310, 2.350, 9.945)
sell(8.510, 2.350, 6.804)
