-- ZEPHYR_META: {"authorId":"953270431417262151","authorTag":"dark_xzz1","category":"community","official":false,"createdAt":"2026-09-06T05:18:55.635Z","updatedAt":"2026-09-06T05:18:55.635Z"}
place(12.4, 1.0, 28.4, "Militant", 0, 4.79)
upgrade(12.4, 28.4, 1, -300, 62.61)
upgrade(12.4, 28.4, 1, -1150, 63.52)
upgrade(12.4, 28.4, 1, -3900, 203.69)
skip(8, 217.16)
skip(10, 274.70)
upgrade(12.4, 28.4, 1, -11900, 278.61)
place(15.5, 1.0, 28.3, "Militant", -11900, 349.15)
upgrade(15.5, 28.3, 1, -12200, 351.62)
upgrade(15.5, 28.3, 1, -13050, 352.47)
upgrade(15.5, 28.3, 1, -15800, 353.26)
skip(13, 364.57)
skip(14, 390.75)
upgrade(15.5, 28.3, 1, -23800, 392.35)
place(18.6, 1.0, 28.4, "Militant", -23800, 404.73)
upgrade(18.6, 28.4, 1, -24100, 407.62)
upgrade(18.6, 28.4, 1, -24950, 418.70)
skip(15, 422.25)
upgrade(18.6, 28.4, 1, -27700, 433.36)
skip(16, 459.82)
skip(17, 485.41)
upgrade(18.6, 28.4, 1, -35700, 486.93)
skip(18, 534.61)