-- ZEPHYR_META: {"authorId":"1096013871778648086","authorTag":"_poshel_nahui","createdAt":"2026-06-10T11:25:52.528Z","updatedAt":"2026-06-10T11:25:52.528Z"}
-- NOTE: -
place(-3.0, 0.7, -22.6, "Soldier", -6650, 2.57)
place(-6.0, 0.7, -22.0, "Soldier", -6650, 16.64)
place(-9.2, 0.6, -22.1, "Soldier", -6650, 24.98)
place(-12.2, 0.7, -22.3, "Soldier", -6650, 31.23)
place(-0.2, 0.6, -21.4, "Soldier", -6650, 38.27)
upgrade(-0.2, -21.4, 1, -6800, 39.43)
upgrade(-0.6, -24.4, 1, -6950, 46.86)
upgrade(-3.0, -22.6, 1, -7100, 47.54)
upgrade(-6.0, -22.0, 1, -7250, 49.16)
upgrade(-9.2, -22.1, 1, -7400, 49.90)
upgrade(-12.2, -22.3, 1, -7550, 51.06)
upgrade(-0.2, -21.4, 1, -8350, 64.58)
upgrade(-0.6, -24.4, 1, -9150, 73.93)
upgrade(-3.0, -22.6, 1, -9950, 88.61)
upgrade(-6.0, -22.0, 1, -10750, 100.01)
upgrade(-9.2, -22.1, 1, -11550, 104.31)
upgrade(-12.2, -22.3, 1, -12350, 117.19)
place(-6.3, 0.1, -17.8, "EvolvedJuggernaut", -12350, 211.38)
skip(18, 219.27)
skip(18, 219.69)
skip(18, 220.13)
skip(18, 220.54)
skip(18, 220.99)
skip(18, 221.41)
skip(0, 221.89)
skip(0, 222.31)
skip(0, 222.73)
skip(0, 223.14)
skip(0, 223.54)
skip(0, 223.99)
skip(0, 224.39)
skip(0, 224.82)
skip(0, 225.24)
skip(0, 225.99)
skip(0, 226.41)
skip(0, 226.82)
skip(0, 227.24)
skip(0, 227.66)