-- ZEPHYR_META: {"authorId":"810079748013293578","authorTag":"tnshr","category":"community","official":false,"createdAt":"2026-07-22T11:33:54.486Z","updatedAt":"2026-07-22T11:49:39.266Z"}
place(-3.3, 1.0, 21.4, "EvolvedOperator", 0, 2.09)
place(-2.0, 1.0, 23.9, "EvolvedOperator", 0, 10.02)
place(-5.2, 1.0, 23.1, "EvolvedOperator", 0, 20.50)
place(25.3, 0.9, 39.8, "Farm", 0, 22.19)
upgrade(25.3, 39.8, 1, -200, 33.60)
upgrade(-0.0, 21.3, 1, -525, 36.14)
upgrade(-2.0, 23.9, 1, -850, 39.31)
upgrade(-3.3, 21.4, 1, -1175, 50.06)
upgrade(-5.2, 23.1, 1, -1500, 52.10)
upgrade(-2.0, 23.9, 1, -2200, 56.20)
upgrade(-5.2, 23.1, 1, -2900, 67.88)
upgrade(-3.3, 21.4, 1, -3600, 74.76)
upgrade(-0.0, 21.3, 1, -4300, 92.73)
upgrade(25.3, 39.8, 1, -4900, 96.02)
place(25.2, 1.0, 44.0, "Farm", -4900, 98.73)
place(29.0, 1.2, 44.1, "Farm", -4900, 99.67)
place(13.8, 1.0, 27.3, "Shotgunner", -4900, 118.30)
place(-18.0, 1.2, 27.8, "Shotgunner", -4900, 126.41)
upgrade(-18.0, 27.8, 1, -5540, 140.41)
upgrade(13.8, 27.3, 1, -6180, 144.15)
upgrade(25.2, 44.0, 1, -6380, 146.36)
upgrade(29.0, 44.1, 1, -6580, 147.35)
upgrade(25.2, 44.0, 1, -7180, 148.37)
upgrade(29.0, 44.1, 1, -7780, 151.63)
place(13.1, 1.0, 31.2, "Shotgunner", -7780, 162.60)
place(-17.4, 1.3, 30.0, "Shotgunner", -7780, 165.34)
upgrade(13.1, 31.2, 1, -8420, 185.89)
upgrade(13.1, 31.2, 1, -9970, 186.59)
upgrade(13.8, 27.3, 1, -11520, 187.48)
upgrade(-17.4, 30.0, 1, -12160, 195.07)
upgrade(25.3, 39.8, 1, -13410, 204.23)
upgrade(-17.4, 30.0, 1, -14960, 206.35)
upgrade(-18.0, 27.8, 1, -16510, 209.81)
place(-1.2, 1.0, 17.3, "EvolvedJuggernaut", -16510, 249.05)
place(1.0, 1.0, 24.5, "Crook Boss", -16510, 257.28)
upgrade(-1.2, 17.3, 1, -19510, 271.68)
upgrade(-1.2, 17.3, 1, -26510, 296.61)
upgrade(-1.2, 17.3, 1, -43710, 340.90)
upgrade(-18.0, 27.8, 1, -49710, 369.25)
upgrade(13.1, 31.2, 1, -55710, 373.56)
upgrade(-17.4, 30.0, 1, -61710, 377.48)
upgrade(13.8, 27.3, 1, -67710, 393.83)
upgrade(-2.0, 23.9, 1, -68960, 404.68)
upgrade(-2.0, 23.9, 1, -71535, 406.59)
upgrade(-0.0, 21.3, 1, -72785, 410.45)
upgrade(-0.0, 21.3, 1, -75360, 411.03)
upgrade(-3.3, 21.4, 1, -76610, 413.23)
upgrade(-3.3, 21.4, 1, -79185, 419.07)
upgrade(-5.2, 23.1, 1, -80435, 422.29)
upgrade(-5.2, 23.1, 1, -83010, 423.38)
upgrade(-1.2, 17.3, 1, -118010, 455.12)