-- ZEPHYR_META: {"authorId":"420958989145210881","authorTag":"uma_army","category":"community","official":false,"createdAt":"2026-07-04T17:35:59.971Z","updatedAt":"2026-07-04T17:35:59.971Z"}
upgrade(-1.1, 16.0, 1, -23020, 2.33)
place(-1.6, 1.0, 19.1, "Soldier", -23020, 11.58)
upgrade(-1.6, 19.1, 1, -23120, 17.53)
place(-2.0, 1.0, 22.1, "Soldier", -23120, 29.01)
upgrade(-2.0, 22.1, 1, -23220, 30.43)
upgrade(-1.1, 16.0, 1, -23920, 39.40)
upgrade(-1.6, 19.1, 1, -24620, 55.48)
place(-12.8, 1.0, 25.8, "Shotgunner", -24620, 73.89)
upgrade(-12.8, 25.8, 1, -25260, 84.88)
place(7.4, 1.0, 28.1, "Shotgunner", -25260, 98.44)
upgrade(7.4, 28.1, 1, -25900, 111.39)
place(-10.8, 1.0, 26.2, "Shotgunner", -25900, 123.48)
upgrade(-10.8, 26.2, 1, -26540, 124.86)
place(7.0, 1.0, 26.0, "Shotgunner", -26540, 143.49)
upgrade(7.0, 26.0, 1, -27180, 144.44)
place(-11.3, 1.0, 24.2, "Shotgunner", -27180, 158.71)
upgrade(-11.3, 24.2, 1, -27820, 159.71)
place(6.5, 1.0, 24.0, "Shotgunner", -27820, 167.23)
upgrade(6.5, 24.0, 1, -28460, 178.51)
place(12.6, 1.0, 26.9, "Shotgunner", -28460, 183.04)
place(11.9, 1.0, 24.9, "Shotgunner", -28460, 187.61)
upgrade(12.6, 26.9, 1, -29100, 194.32)
upgrade(11.9, 24.9, 1, -29740, 198.39)
upgrade(-11.3, 24.2, 1, -31290, 203.16)
upgrade(-12.8, 25.8, 1, -32840, 217.94)
upgrade(-10.8, 26.2, 1, -34390, 222.87)
upgrade(11.9, 24.9, 1, -35940, 226.70)
upgrade(6.5, 24.0, 1, -37490, 234.61)
upgrade(7.0, 26.0, 1, -39040, 239.45)
upgrade(12.6, 26.9, 1, -40590, 241.44)
upgrade(7.4, 28.1, 1, -42140, 259.22)
upgrade(-11.3, 24.2, 1, -48140, 284.24)
upgrade(-12.8, 25.8, 1, -54140, 298.55)
upgrade(6.5, 24.0, 1, -60140, 313.70)
upgrade(11.9, 24.9, 1, -66140, 334.34)
place(2.4, 1.0, 18.2, "EvolvedJuggernaut", -66140, 356.06)
upgrade(2.4, 18.2, 1, -69140, 361.99)
upgrade(2.4, 18.2, 1, -76140, 373.78)
upgrade(2.4, 18.2, 1, -93340, 412.77)