-- ZEPHYR_META: {"authorId":"1168981620448055397","authorTag":"koronethol","createdAt":"2026-06-08T08:50:38.121Z","updatedAt":"2026-06-08T08:50:38.121Z"}
place(-2.6, 1.0, 16.5, "Militant", 0, 4.10)
upgrade(-2.6, 16.5, 1, -300, 24.12)
place(-1.4, 1.0, 19.8, "Militant", -300, 58.52)
upgrade(-1.4, 19.8, 1, -600, 75.44)
place(-2.4, 1.0, 7.2, "Militant", -600, 87.77)
upgrade(-2.4, 7.2, 1, -900, 93.53)
upgrade(-1.4, 19.8, 1, -1750, 137.57)
upgrade(-2.6, 16.5, 1, -2600, 138.84)
upgrade(-2.4, 7.2, 1, -3450, 139.75)
place(0.9, 0.9, 12.2, "Militant", -3450, 155.17)
upgrade(0.9, 12.2, 1, -3750, 156.08)
upgrade(0.9, 12.2, 1, -4600, 172.88)
place(3.8, 1.0, 15.5, "Militant", -4600, 202.73)
upgrade(3.8, 15.5, 1, -5750, 203.80)
place(2.6, 1.0, 18.6, "Militant", -5750, 205.58)
upgrade(2.6, 18.6, 1, -6900, 206.53)
place(1.8, 1.0, 8.2, "Militant", -6900, 228.19)
upgrade(1.8, 8.2, 1, -7200, 229.24)
place(-5.6, 1.0, 11.5, "Militant", -8050, 231.62)
upgrade(-5.6, 11.5, 1, -8350, 232.66)
upgrade(-5.6, 11.5, 1, -9200, 232.98)
sell(1.8, 8.2, 263.97)
sell(-2.4, 7.2, 264.79)
sell(3.8, 15.5, 265.81)
sell(0.9, 12.2, 266.71)
sell(-5.6, 11.5, 268.08)
sell(-2.6, 16.5, 268.94)
place(-3.4, 1.0, 4.3, "EvolvedJuggernaut", -9200, 270.54)
skip(13, 271.68)
skip(13, 272.20)
skip(13, 272.57)
skip(13, 272.93)
skip(13, 273.28)
skip(13, 273.65)
skip(13, 274.03)
skip(0, 274.40)
skip(0, 274.79)
skip(0, 275.17)
skip(0, 275.56)
skip(0, 275.95)
skip(0, 276.35)
skip(0, 276.74)
skip(0, 277.12)