-- ZEPHYR_META: {"authorId":"1194275120039071818","authorTag":"darkpro_26851","category":"community","official":false,"createdAt":"2026-07-18T23:04:23.788Z","updatedAt":"2026-07-18T23:04:23.788Z"}
place(-6.2, 1.0, -32.7, "Shotgunner", 0, 6.20)
upgrade(-6.2, -32.7, 1, -640, 15.61)
upgrade(-6.2, -32.7, 1, -2190, 43.80)
place(-3.6, 1.0, -34.0, "Shotgunner", -2190, 61.98)
upgrade(-3.6, -34.0, 1, -2830, 74.01)
upgrade(-3.6, -34.0, 1, -4380, 89.58)
place(-0.9, 1.0, -34.3, "Shotgunner", -4380, 103.86)
upgrade(-0.9, -34.3, 1, -5020, 115.55)
upgrade(-0.9, -34.3, 1, -6570, 127.78)
place(-6.0, 0.9, -28.4, "Electroshocker", -6570, 141.08)
upgrade(-6.0, -28.4, 1, -6845, 142.55)
upgrade(-6.0, -28.4, 1, -7795, 151.53)
upgrade(-6.0, -28.4, 1, -10195, 173.25)
place(-9.6, 1.0, -28.1, "Electroshocker", -10195, 184.77)
upgrade(-9.6, -28.1, 1, -10470, 185.82)
upgrade(-9.6, -28.1, 1, -11420, 192.21)
place(-0.9, 0.8, -24.7, "Crook Boss", -11420, 223.06)
upgrade(-0.9, -24.7, 1, -12920, 239.29)
upgrade(-0.9, -24.7, 1, -15670, 273.52)
upgrade(-9.6, -28.1, 1, -18070, 305.06)