-- ZEPHYR_META: {"authorId":"1067123834152554536","authorTag":"dracometeor._","category":"community","official":false,"createdAt":"2026-09-28T21:07:36.247Z","updatedAt":"2026-09-28T21:07:36.247Z"}
place(-17.5, 1.5, 32.6, "Farm", 0, 1.69)
place(-14.9, 1.4, 35.6, "Farm", 0, 3.04)
place(-13.4, 1.5, 32.2, "Farm", 0, 4.55)
upgrade(-13.4, 32.2, 1, -200, 6.52)
upgrade(-17.5, 32.6, 1, -400, 7.03)
upgrade(-14.9, 35.6, 1, -600, 9.42)
upgrade(-14.9, 35.6, 1, -1200, 19.38)
upgrade(-13.4, 32.2, 1, -1800, 24.98)
place(11.6, 1.2, 22.2, "Electroshocker", -1800, 30.98)
upgrade(11.6, 22.2, 1, -2075, 35.95)
upgrade(-17.5, 32.6, 1, -2675, 42.38)
upgrade(-17.5, 32.6, 1, -3925, 55.25)
upgrade(11.6, 22.2, 1, -4875, 62.93)
upgrade(-14.9, 35.6, 1, -6125, 71.67)
upgrade(-13.4, 32.2, 1, -7375, 75.98)
place(-17.2, 1.5, 29.0, "Farm", -7375, 78.63)
upgrade(-17.2, 29.0, 1, -7575, 79.88)
upgrade(-17.2, 29.0, 1, -8175, 84.36)
upgrade(-17.2, 29.0, 1, -9425, 88.58)
place(8.5, 1.3, 22.2, "Electroshocker", -9425, 93.65)
upgrade(8.5, 22.2, 1, -9700, 97.13)
upgrade(8.5, 22.2, 1, -10650, 100.88)
place(-13.6, 1.6, 27.2, "Farm", -10650, 108.00)
upgrade(-13.6, 27.2, 1, -10850, 109.51)
upgrade(-13.6, 27.2, 1, -12700, 110.14)
place(-21.3, 1.4, 31.6, "Farm", -12700, 115.73)
upgrade(-21.3, 31.6, 1, -12900, 117.30)
upgrade(-21.3, 31.6, 1, -13500, 117.77)
place(-18.6, 1.6, 25.7, "Farm", -13500, 119.21)
upgrade(-18.6, 25.7, 1, -13700, 120.90)
upgrade(11.6, 22.2, 1, -16100, 123.07)
place(6.4, 1.0, 19.2, "Crook Boss", -16100, 136.13)
upgrade(6.4, 19.2, 1, -17600, 137.85)
upgrade(6.4, 19.2, 1, -20350, 138.38)
place(-23.9, 1.6, 27.9, "Farm", -20350, 140.51)
upgrade(-23.9, 27.9, 1, -20550, 141.50)
upgrade(-23.9, 27.9, 1, -21150, 141.85)
upgrade(-23.9, 27.9, 1, -22400, 145.80)
upgrade(-18.6, 25.7, 1, -23000, 148.80)
upgrade(-18.6, 25.7, 1, -24250, 149.18)
place(-25.0, 1.2, 33.2, "Farm", -24250, 150.26)
upgrade(-25.0, 33.2, 1, -24450, 151.58)
upgrade(-25.0, 33.2, 1, -25050, 154.61)
upgrade(-25.0, 33.2, 1, -26300, 158.66)
place(-21.7, 1.4, 36.3, "Farm", -26300, 159.93)
upgrade(-21.7, 36.3, 1, -26500, 161.98)
upgrade(-21.7, 36.3, 1, -27700, 162.38)
upgrade(11.6, 22.2, 1, -31700, 172.63)
upgrade(8.5, 22.2, 1, -34100, 180.71)
upgrade(8.5, 22.2, 1, -38100, 191.95)
upgrade(8.5, 22.2, 1, -48100, 212.73)
upgrade(11.6, 22.2, 1, -58100, 264.22)
place(9.6, 0.9, 19.4, "Crook Boss", -58100, 268.53)
upgrade(9.6, 19.4, 1, -59600, 271.11)
upgrade(9.6, 19.4, 1, -62350, 280.17)
place(12.8, 1.0, 19.4, "Crook Boss", -62350, 283.22)
upgrade(12.8, 19.4, 1, -63850, 284.73)
upgrade(12.8, 19.4, 1, -66600, 295.92)
place(5.0, 1.4, 29.7, "Shotgunner", -66600, 300.11)
upgrade(5.0, 29.7, 1, -67350, 301.31)
place(12.5, 1.2, 25.4, "Electroshocker", -68850, 312.65)
upgrade(12.5, 25.4, 1, -69125, 313.64)
upgrade(12.5, 25.4, 1, -72475, 314.14)
upgrade(12.5, 25.4, 1, -76475, 315.87)
upgrade(12.5, 25.4, 1, -86475, 335.89)
place(10.8, 0.3, 10.2, "EvolvedKingpin", -86475, 353.52)
upgrade(10.8, 10.2, 1, -87875, 356.44)
place(15.8, 0.4, 14.9, "Shotgunner", -87875, 361.21)
upgrade(15.8, 14.9, 1, -88625, 363.24)
upgrade(15.8, 14.9, 1, -90125, 366.36)
place(-4.5, 1.5, 28.2, "Shotgunner", -90125, 374.07)
upgrade(-4.5, 28.2, 1, -90875, 375.94)
upgrade(-4.5, 28.2, 1, -92375, 376.57)
place(17.0, 0.6, 17.0, "Shotgunner", -92375, 380.75)
upgrade(17.0, 17.0, 1, -93125, 382.37)
upgrade(17.0, 17.0, 1, -94625, 382.84)
place(13.9, 0.4, 9.7, "EvolvedKingpin", -94625, 388.94)
upgrade(13.9, 9.7, 1, -96025, 390.15)
upgrade(13.9, 9.7, 1, -100025, 390.87)
place(8.2, 0.5, 16.3, "EvolvedKingpin", -100025, 399.54)
upgrade(8.2, 16.3, 1, -101425, 402.30)
upgrade(8.2, 16.3, 1, -105425, 402.80)
place(5.7, 0.4, 14.4, "EvolvedKingpin", -105425, 410.62)
upgrade(5.7, 14.4, 1, -106825, 412.39)
skip(29, 416.97)