-- ZEPHYR_META: {"authorId":"1282041564759195730","authorTag":"kittykat2345","category":"community","official":false,"createdAt":"2026-07-18T16:11:52.915Z","updatedAt":"2026-07-18T16:11:52.915Z"}
place(-11.8, 1.5, 29.2, "Farm", 0, 2.94)
place(-12.0, 1.4, 32.9, "Farm", 0, 8.18)
upgrade(-12.0, 32.9, 1, -200, 8.91)
upgrade(-11.8, 29.2, 1, -400, 10.50)
upgrade(-11.7, 25.5, 1, -600, 13.63)
place(-12.0, 1.3, 36.5, "Farm", -600, 16.41)
upgrade(-12.0, 36.5, 1, -800, 17.23)
place(9.0, 1.3, 22.5, "Electroshocker", -800, 25.44)
place(9.0, 1.3, 22.5, "Electroshocker", -800, 25.44)
upgrade(9.0, 22.5, 1, -1075, 27.31)
upgrade(-11.7, 25.5, 1, -1675, 36.71)
upgrade(-11.8, 29.2, 1, -2275, 40.88)
upgrade(-12.0, 32.9, 1, -2875, 48.15)
upgrade(-12.0, 32.9, 1, -4125, 54.14)
upgrade(-12.0, 36.5, 1, -4725, 60.15)
upgrade(-12.0, 36.5, 1, -5975, 67.91)
upgrade(-11.8, 29.2, 1, -7225, 75.95)
upgrade(9.0, 22.5, 1, -8175, 78.64)
upgrade(-11.7, 25.5, 1, -9425, 89.19)
place(6.4, 1.4, 27.8, "Crook Boss", -9425, 101.84)
upgrade(6.4, 27.8, 1, -10925, 102.81)
upgrade(6.4, 27.8, 1, -13675, 126.31)
upgrade(9.0, 22.5, 1, -16075, 128.97)
place(-15.9, 1.5, 34.8, "Farm", -16075, 134.12)
upgrade(-15.9, 34.8, 1, -16275, 134.70)
upgrade(-15.9, 34.8, 1, -18125, 135.37)
place(-15.7, 1.5, 30.7, "Farm", -18125, 136.11)
upgrade(-15.7, 30.7, 1, -18325, 136.65)
upgrade(-15.7, 30.7, 1, -20175, 137.76)
place(-15.3, 1.6, 26.5, "Farm", -20175, 142.18)
upgrade(-15.3, 26.5, 1, -20375, 142.81)
upgrade(-15.3, 26.5, 1, -22225, 145.80)
place(-19.5, 1.4, 34.2, "Farm", -22225, 147.08)
upgrade(-19.5, 34.2, 1, -22425, 147.61)
upgrade(-19.5, 34.2, 1, -24275, 150.84)
place(-19.4, 1.4, 30.4, "Farm", -24275, 156.59)
upgrade(-19.4, 30.4, 1, -24475, 157.34)
upgrade(-19.4, 30.4, 1, -26325, 158.67)
place(-19.0, 1.6, 26.1, "Farm", -26325, 159.32)
upgrade(-19.0, 26.1, 1, -26525, 159.97)
upgrade(-19.0, 26.1, 1, -27125, 160.42)
place(6.0, 1.3, 22.3, "Electroshocker", -28375, 166.79)
upgrade(6.0, 22.3, 1, -28650, 167.82)
upgrade(6.0, 22.3, 1, -29600, 168.22)
upgrade(9.0, 22.5, 1, -33600, 172.10)
upgrade(6.0, 22.3, 1, -36000, 189.03)
upgrade(6.0, 22.3, 1, -40000, 193.02)
upgrade(9.0, 22.5, 1, -50000, 229.66)
upgrade(6.0, 22.3, 1, -60000, 264.82)
place(3.3, 1.4, 28.0, "Crook Boss", -60000, 271.43)
upgrade(3.3, 28.0, 1, -61500, 277.04)
upgrade(3.3, 28.0, 1, -64250, 280.90)
place(0.2, 1.4, 28.2, "Crook Boss", -64250, 282.92)
upgrade(0.2, 28.2, 1, -65750, 293.04)
upgrade(0.2, 28.2, 1, -68500, 296.63)
place(6.2, 1.4, 30.9, "EvolvedKingpin", -68500, 300.25)
upgrade(6.2, 30.9, 1, -69900, 313.86)
upgrade(6.2, 30.9, 1, -73900, 317.19)
upgrade(6.2, 30.9, 1, -79900, 331.29)
upgrade(6.2, 30.9, 2, -93900, 358.34)
place(3.1, 1.4, 31.0, "Crook Boss", -93900, 372.82)
upgrade(3.1, 31.0, 1, -95400, 373.57)
upgrade(3.1, 31.0, 1, -98150, 376.27)
place(-0.4, 1.5, 31.5, "Crook Boss", -98150, 379.33)
upgrade(-0.4, 31.5, 1, -99650, 380.00)
upgrade(-0.4, 31.5, 1, -102400, 383.64)
place(2.8, 1.4, 22.1, "Electroshocker", -102400, 387.91)
upgrade(2.8, 22.1, 1, -102675, 388.72)
upgrade(2.8, 22.1, 1, -110025, 397.03)
upgrade(2.8, 22.1, 1, -120025, 411.68)
place(5.7, 1.4, 34.0, "EvolvedKingpin", -120025, 423.92)
upgrade(5.7, 34.0, 1, -121425, 424.70)
upgrade(5.7, 34.0, 1, -125425, 425.18)
upgrade(5.7, 34.0, 1, -131425, 433.32)
upgrade(5.7, 34.0, 2, -145425, 455.70)