-- ZEPHYR_META: {"authorId":"735590504053473421","authorTag":"4k4aka","category":"community","official":false,"createdAt":"2026-07-23T03:45:53.609Z","updatedAt":"2026-07-23T03:45:53.609Z"}
place(-0.7, 1.0, 18.4, "Soldier", 0, 0.74)
upgrade(-0.7, 18.4, 1, -150, 3.60)
place(2.2, 1.0, 19.6, "Soldier", -150, 10.19)
upgrade(2.2, 19.6, 1, -300, 21.77)
place(-3.7, 1.0, 19.4, "Soldier", -300, 26.32)
upgrade(-3.7, 19.4, 1, -450, 35.28)
upgrade(-0.7, 18.4, 1, -1250, 50.00)
upgrade(2.2, 19.6, 1, -2050, 53.17)
upgrade(-3.7, 19.4, 1, -2850, 67.45)
place(-12.5, 1.0, 25.7, "Shotgunner", -2850, 94.06)
upgrade(-12.5, 25.7, 1, -3490, 94.79)
place(7.4, 1.0, 28.1, "Shotgunner", -3490, 114.63)
upgrade(7.4, 28.1, 1, -4130, 115.29)
place(-10.5, 1.0, 26.1, "Shotgunner", -4130, 137.88)
upgrade(-10.5, 26.1, 1, -4770, 138.46)
place(-12.9, 1.0, 23.5, "Shotgunner", -4770, 149.09)
upgrade(-12.9, 23.5, 1, -5410, 149.87)
upgrade(-10.5, 26.1, 1, -6960, 157.59)
place(6.8, 1.0, 25.9, "Shotgunner", -6960, 175.78)
upgrade(6.8, 25.9, 1, -7600, 177.03)
upgrade(6.8, 25.9, 1, -9150, 178.19)
upgrade(-12.5, 25.7, 1, -10700, 197.11)
upgrade(7.4, 28.1, 1, -12250, 209.15)
upgrade(-0.7, 18.4, 1, -16000, 219.47)
place(6.0, 0.9, 29.8, "Shotgunner", -16000, 225.78)
upgrade(6.0, 29.8, 1, -16640, 226.57)
upgrade(-12.9, 23.5, 1, -18190, 245.48)
upgrade(-12.5, 25.7, 1, -24190, 260.57)
place(12.4, 1.0, 26.5, "Shotgunner", -24190, 271.27)
upgrade(12.4, 26.5, 1, -24830, 271.92)
place(13.1, 1.0, 28.4, "Shotgunner", -24830, 275.16)
upgrade(13.1, 28.4, 1, -25470, 279.94)
place(12.8, 1.0, 30.6, "Shotgunner", -25470, 285.72)
upgrade(12.8, 30.6, 1, -26110, 286.91)
place(-0.8, 1.0, 21.6, "EvolvedKingpin", -26110, 298.48)
upgrade(-10.5, 26.1, 1, -32110, 307.95)
upgrade(-0.8, 21.6, 1, -33510, 317.00)
upgrade(6.8, 25.9, 1, -39510, 329.27)
upgrade(-0.8, 21.6, 1, -43510, 337.24)
upgrade(12.4, 26.5, 1, -45060, 356.62)
upgrade(13.1, 28.4, 1, -46610, 357.10)
upgrade(12.8, 30.6, 1, -48160, 358.43)
upgrade(6.0, 29.8, 1, -49710, 359.04)
upgrade(2.2, 19.6, 1, -53460, 366.24)
upgrade(-3.7, 19.4, 1, -57210, 366.85)
upgrade(7.4, 28.1, 1, -63210, 389.56)
upgrade(12.4, 26.5, 1, -69210, 389.98)
upgrade(13.1, 28.4, 1, -75210, 406.58)
upgrade(6.8, 25.9, 1, -93710, 415.01)