-- ZEPHYR_META: {"authorId":"1282041564759195730","authorTag":"kittykat2345","category":"community","official":false,"createdAt":"2026-07-18T16:43:41.303Z","updatedAt":"2026-07-18T16:43:41.303Z"}
place(-11.1, 1.5, 28.6, "Farm", -145425, 4.21)
place(-11.2, 1.5, 32.2, "Farm", -145425, 5.70)
place(-14.6, 1.6, 26.4, "Farm", -145425, 8.21)
upgrade(-14.6, 26.4, 1, -145625, 10.87)
upgrade(-11.1, 25.0, 1, -145825, 11.94)
upgrade(-11.1, 28.6, 1, -146025, 16.66)
upgrade(-11.2, 32.2, 1, -146225, 17.95)
place(9.5, 1.2, 21.9, "Electroshocker", -146225, 26.67)
upgrade(9.5, 21.9, 1, -146500, 28.60)
upgrade(-11.1, 25.0, 1, -147100, 37.72)
upgrade(-11.1, 28.6, 1, -147700, 41.33)
upgrade(-11.2, 32.2, 1, -148300, 48.35)
upgrade(-14.6, 26.4, 1, -148900, 52.01)
upgrade(9.5, 21.9, 1, -149850, 62.67)
upgrade(-11.1, 25.0, 1, -151100, 72.27)
upgrade(-11.1, 28.6, 1, -152350, 77.47)
upgrade(-11.2, 32.2, 1, -153600, 85.38)
upgrade(-14.6, 26.4, 1, -154850, 89.82)
upgrade(9.5, 21.9, 1, -157250, 102.49)
place(6.2, 1.4, 28.0, "Crook Boss", -157250, 114.60)
upgrade(6.2, 28.0, 1, -158750, 116.32)
upgrade(6.2, 28.0, 1, -161500, 124.50)
place(-14.6, 1.6, 30.4, "Farm", -161500, 128.35)
upgrade(-14.6, 30.4, 1, -161700, 129.34)
upgrade(-14.6, 30.4, 1, -162300, 131.38)
upgrade(-14.6, 30.4, 1, -163550, 135.33)
place(-17.3, 1.7, 23.6, "Farm", -163550, 137.85)
upgrade(-17.3, 23.6, 1, -163750, 138.98)
upgrade(-17.3, 23.6, 1, -164350, 140.60)
upgrade(-17.3, 23.6, 1, -165600, 142.28)
place(-18.2, 1.5, 27.8, "Farm", -165600, 144.27)
upgrade(-18.2, 27.8, 1, -165800, 145.43)
upgrade(-18.2, 27.8, 1, -166400, 146.46)
upgrade(-18.2, 27.8, 1, -167650, 147.75)
place(-17.7, 1.5, 32.7, "Farm", -167650, 149.96)
upgrade(-17.7, 32.7, 1, -167850, 151.38)
upgrade(-17.7, 32.7, 1, -168450, 152.79)
upgrade(-17.7, 32.7, 1, -169700, 155.38)
place(-14.4, 1.4, 35.8, "Farm", -169700, 157.00)
upgrade(-14.4, 35.8, 1, -169900, 158.22)
upgrade(-14.4, 35.8, 1, -170500, 159.36)
upgrade(-14.4, 35.8, 1, -171750, 160.36)
place(-10.9, 1.3, 37.0, "Farm", -171750, 162.87)
upgrade(-10.9, 37.0, 1, -171950, 164.11)
upgrade(-10.9, 37.0, 1, -172550, 165.04)
upgrade(-10.9, 37.0, 1, -173800, 166.01)
place(6.4, 1.3, 21.6, "Electroshocker", -173800, 173.02)
upgrade(6.4, 21.6, 1, -174075, 174.38)
upgrade(6.4, 21.6, 1, -175025, 175.06)
upgrade(6.4, 21.6, 1, -177425, 176.37)
upgrade(9.5, 21.9, 1, -181425, 191.00)
upgrade(9.5, 21.9, 1, -191425, 216.07)
upgrade(6.4, 21.6, 1, -195425, 233.78)
upgrade(6.4, 21.6, 1, -205425, 265.68)
place(3.2, 1.4, 28.0, "Crook Boss", -205425, 272.96)
upgrade(3.2, 28.0, 1, -206925, 277.57)
upgrade(3.2, 28.0, 1, -209675, 281.39)
place(4.6, 1.4, 30.6, "EvolvedKingpin", -209675, 294.41)
upgrade(4.6, 30.6, 1, -211075, 297.40)
upgrade(4.6, 30.6, 1, -215075, 299.42)
upgrade(4.6, 30.6, 1, -221075, 317.66)
upgrade(4.6, 30.6, 2, -235075, 347.96)
option(4.6, 30.6, "Unit 2", "Bouncer", 349.62)
option(4.6, 30.6, "Unit 1", "Bouncer", 350.58)
option(4.6, 30.6, "Unit 3", "Bouncer", 351.58)
place(-0.1, 1.5, 27.8, "Crook Boss", -235075, 359.81)
upgrade(-0.1, 27.8, 1, -236575, 360.96)
upgrade(-0.1, 27.8, 1, -239325, 361.53)
option(4.6, 30.6, "Unit 3", "Lackey", 369.47)
option(4.6, 30.6, "Unit 2", "Lackey", 370.14)
option(4.6, 30.6, "Unit 2", "Money Runner", 371.07)
option(4.6, 30.6, "Unit 3", "Money Runner", 371.86)
option(4.6, 30.6, "Unit 1", "Money Runner", 372.87)
place(-3.4, 1.5, 27.9, "Crook Boss", -239325, 375.88)
upgrade(-3.4, 27.9, 1, -240825, 376.91)
upgrade(-3.4, 27.9, 1, -243575, 377.92)
place(1.3, 1.4, 30.4, "Crook Boss", -243575, 381.41)
upgrade(1.3, 30.4, 1, -245075, 382.53)
upgrade(1.3, 30.4, 1, -247825, 384.54)