-- ZEPHYR_META: {"authorId":"1237634747178549322","authorTag":"radzi_0","category":"community","official":false,"createdAt":"2026-07-18T02:44:47.957Z","updatedAt":"2026-07-18T02:44:47.957Z"}
place(-3.7, 1.0, -35.5, "Pyromancer", -11902, 2.54)
target(-3.7, -35.5, "Random", 5.12)
target(-3.7, -35.5, "Farthest", 5.65)
upgrade(-3.7, -35.5, 1, -12227, 6.57)
upgrade(-3.7, -35.5, 1, -13227, 28.19)
upgrade(-3.7, -35.5, 1, -15227, 61.13)
upgrade(-3.7, -35.5, 1, -19004, 110.16)
place(0.3, 0.9, 16.7, "Hunter", -19004, 122.88)
place(3.2, 0.9, 18.1, "Soldier", -19004, 142.74)
upgrade(3.2, 18.1, 1, -19154, 149.75)
upgrade(3.2, 18.1, 1, -19954, 150.71)
place(6.0, 1.0, 19.1, "Hunter", -19954, 160.65)
place(4.3, 1.3, 21.6, "Hunter", -19954, 170.14)
place(0.8, 1.4, 20.1, "Hunter", -19954, 189.12)
place(-2.2, 1.4, 18.8, "Hunter", -19954, 210.34)
place(-2.0, 0.1, -10.1, "Crook Boss", -19954, 226.56)
upgrade(-2.0, -10.1, 1, -21554, 261.77)
upgrade(-2.0, -10.1, 1, -24754, 290.75)
upgrade(3.2, 18.1, 1, -28504, 315.34)