-- ZEPHYR_META: {"authorId":"1194275120039071818","authorTag":"darkpro_26851","category":"community","official":false,"createdAt":"2026-07-18T22:32:32.861Z","updatedAt":"2026-07-18T22:32:32.861Z"}
-- NOTE: h
upgrade(-6.4, -32.3, 1, -12385, 16.27)
upgrade(-6.4, -32.3, 1, -13935, 48.27)
place(-4.6, 1.0, -34.2, "Shotgunner", -13935, 63.23)
upgrade(-4.6, -34.2, 1, -14575, 74.86)
upgrade(-4.6, -34.2, 1, -16125, 90.28)
place(-2.3, 1.0, -35.0, "Shotgunner", -16125, 106.56)
upgrade(-2.3, -35.0, 1, -16765, 116.34)
upgrade(-2.3, -35.0, 1, -18315, 128.23)
place(-6.7, 0.9, -27.8, "Electroshocker", -18315, 141.39)
upgrade(-6.7, -27.8, 1, -18590, 142.32)
upgrade(-6.7, -27.8, 1, -19540, 152.54)
upgrade(-6.7, -27.8, 1, -21940, 173.85)
place(-4.0, 1.0, -29.3, "Electroshocker", -21940, 181.81)
upgrade(-4.0, -29.3, 1, -22215, 182.75)
upgrade(-4.0, -29.3, 1, -23165, 192.27)
place(-1.4, 0.9, -24.9, "Crook Boss", -23165, 225.19)
upgrade(-1.4, -24.9, 1, -24665, 239.95)
upgrade(-1.4, -24.9, 1, -27415, 276.22)
upgrade(-4.0, -29.3, 1, -29815, 302.72)