-- ZEPHYR_META: {"authorId":"1432377420551421953","authorTag":"garama0169","category":"community","official":false,"createdAt":"2026-08-11T02:05:34.425Z","updatedAt":"2026-08-11T02:05:34.425Z"}
timescaleunlock(2.23)
timescale(1.50, 3.49)
timescale(2.00, 3.84)
place(-18.2, 1.0, -2.3, "Brawler", 0, 6.45)
place(12.1, 1.0, -11.8, "Brawler", 0, 13.45)
place(-7.5, 1.0, -2.9, "Engineer", 0, 27.75)
upgrade(-7.5, -2.9, 1, -325, 56.43)
upgrade(-7.5, -2.9, 1, -1225, 66.81)
place(-4.4, 1.0, -3.0, "Engineer", -1225, 84.44)
upgrade(-4.4, -3.0, 1, -1550, 87.95)
upgrade(-4.4, -3.0, 1, -2450, 104.78)
place(-1.3, 1.0, -3.0, "Engineer", -2450, 116.14)
upgrade(-1.3, -3.0, 1, -2775, 125.86)
upgrade(-1.3, -3.0, 1, -3675, 128.86)
upgrade(-18.2, -2.3, 1, -3875, 137.03)
upgrade(-18.2, -2.3, 1, -5075, 158.11)
sell(12.1, -11.8, 164.75)
upgrade(-18.2, -2.3, 1, -7575, 175.60)
place(-18.2, 1.0, -4.3, "Brawler", -7575, 186.41)
upgrade(-18.2, -4.3, 1, -7775, 189.08)
upgrade(-18.2, -4.3, 1, -8975, 195.62)
upgrade(-18.2, -4.3, 1, -11475, 215.69)
place(-18.3, 1.0, -6.4, "Brawler", -11475, 224.89)
upgrade(-18.3, -6.4, 1, -11675, 227.97)
upgrade(-18.3, -6.4, 1, -15375, 243.37)
place(-7.9, 1.0, -8.9, "DJ Booth", -15375, 251.74)
upgrade(-7.9, -8.9, 1, -15675, 254.80)
upgrade(-7.9, -8.9, 1, -16925, 257.98)
upgrade(-7.9, -8.9, 1, -19925, 266.75)
option(-7.9, -8.9, "Track", "Green", 269.99)
place(-12.0, 1.0, -8.9, "Hacker", -19925, 293.61)
upgrade(-12.0, -8.9, 1, -20037, 297.20)
upgrade(-12.0, -8.9, 1, -21240, 301.31)
place(1.7, 1.0, -2.8, "Engineer", -21240, 323.84)
upgrade(1.7, -2.8, 1, -21532, 326.82)
upgrade(1.7, -2.8, 1, -22342, 327.69)
place(0.1, 1.0, -9.0, "Engineer", -22342, 331.18)
upgrade(0.1, -9.0, 1, -22634, 334.09)
upgrade(0.1, -9.0, 1, -23444, 335.37)
place(-3.1, 1.0, -8.9, "Engineer", -23444, 339.98)
upgrade(-3.1, -8.9, 1, -23736, 343.27)
upgrade(-3.1, -8.9, 1, -24546, 344.56)
upgrade(-7.5, -2.9, 1, -26415, 353.26)
upgrade(-7.5, -2.9, 1, -32040, 355.43)
upgrade(-4.4, -3.0, 1, -33909, 367.14)
upgrade(-4.4, -3.0, 1, -39534, 375.45)
upgrade(-1.3, -3.0, 1, -41403, 391.08)
upgrade(-1.3, -3.0, 1, -47028, 409.55)
upgrade(1.7, -2.8, 1, -48897, 418.82)
upgrade(1.7, -2.8, 1, -54522, 429.67)
upgrade(-3.1, -8.9, 1, -56391, 438.78)
upgrade(-3.1, -8.9, 1, -62016, 445.85)
upgrade(0.1, -9.0, 1, -63885, 452.74)
upgrade(0.1, -9.0, 1, -69510, 470.30)
place(-18.2, 1.0, -8.4, "Brawler", -69510, 488.50)
upgrade(-18.2, -8.4, 1, -69690, 492.25)
upgrade(-18.2, -8.4, 1, -70770, 494.53)
upgrade(-18.2, -8.4, 1, -73020, 496.69)
place(-18.4, 1.0, -10.5, "Brawler", -73020, 505.15)
upgrade(-18.4, -10.5, 1, -73200, 508.01)
upgrade(-18.4, -10.5, 1, -74280, 509.77)
upgrade(-18.4, -10.5, 1, -76530, 511.62)
place(-16.5, 1.0, -9.6, "Brawler", -76530, 521.67)
upgrade(-16.5, -9.6, 1, -76710, 525.43)
upgrade(-16.5, -9.6, 1, -77790, 527.06)
upgrade(-16.5, -9.6, 1, -80040, 528.43)
place(-14.6, 1.0, -8.9, "Brawler", -80040, 533.80)
upgrade(-14.6, -8.9, 1, -80220, 536.28)
upgrade(-14.6, -8.9, 1, -81300, 537.81)
upgrade(-14.6, -8.9, 1, -83550, 539.04)
place(-20.5, 1.0, -12.2, "Brawler", -83550, 543.59)
upgrade(-20.5, -12.2, 1, -83730, 547.03)
upgrade(-20.5, -12.2, 1, -84810, 548.27)
upgrade(-20.5, -12.2, 1, -87060, 549.47)
place(-18.3, 1.0, -12.5, "Brawler", -87060, 558.88)
upgrade(-18.3, -12.5, 1, -87240, 571.59)
upgrade(-18.3, -12.5, 1, -88320, 572.76)
upgrade(-18.3, -12.5, 1, -90570, 573.90)
place(-16.4, 1.0, -11.6, "Brawler", -90570, 581.63)
upgrade(-16.4, -11.6, 1, -90750, 584.76)
upgrade(-16.4, -11.6, 1, -91830, 585.92)
upgrade(-16.4, -11.6, 1, -94080, 587.23)
upgrade(-7.9, -8.9, 1, -102080, 604.07)
upgrade(-7.9, -8.9, 1, -122080, 606.97)
upgrade(-12.0, -8.9, 1, -127605, 618.83)
upgrade(-12.0, -8.9, 1, -148005, 621.62)
upgrade(-7.5, -2.9, 1, -158630, 652.89)
upgrade(-4.4, -3.0, 1, -169255, 665.42)
upgrade(-1.3, -3.0, 1, -179880, 674.67)
upgrade(1.7, -2.8, 1, -190505, 690.05)
upgrade(-3.1, -8.9, 1, -201130, 697.80)
upgrade(0.1, -9.0, 1, -211755, 706.28)
upgrade(-18.2, -2.3, 1, -214730, 726.84)
upgrade(-18.2, -4.3, 1, -217705, 731.47)
upgrade(-18.3, -6.4, 1, -220680, 736.52)
upgrade(-18.2, -8.4, 1, -223655, 741.84)
upgrade(-16.5, -9.6, 1, -226630, 747.92)
upgrade(-14.6, -8.9, 1, -229605, 752.32)
upgrade(-16.4, -11.6, 1, -232580, 756.37)
upgrade(-18.4, -10.5, 1, -235555, 759.60)
upgrade(-18.3, -12.5, 1, -238530, 762.51)
upgrade(-20.5, -12.2, 1, -241505, 765.90)
place(-2.6, 1.0, 2.3, "EvolvedJuggernaut", -241505, 785.00)
upgrade(-2.6, 2.3, 1, -244055, 789.84)
upgrade(-2.6, 2.3, 1, -250005, 793.24)
upgrade(-2.6, 2.3, 1, -264625, 795.46)
upgrade(-2.6, 2.3, 1, -294375, 810.86)
upgrade(-2.6, 2.3, 1, -341125, 849.19)
upgrade(-7.5, -2.9, 1, -368750, 865.92)
upgrade(-4.4, -3.0, 1, -396375, 875.18)
upgrade(-1.3, -3.0, 1, -424000, 892.74)
upgrade(1.7, -2.8, 1, -451625, 914.89)
upgrade(-3.1, -8.9, 1, -479250, 930.60)
upgrade(0.1, -9.0, 1, -506875, 941.48)
upgrade(-12.0, -8.9, 1, -557875, 967.57)
place(-7.8, 1.0, 0.1, "Hacker", -557875, 985.00)
upgrade(-7.8, 0.1, 1, -557981, 992.23)
upgrade(-7.8, 0.1, 1, -559117, 995.09)
upgrade(-7.8, 0.1, 1, -564642, 998.38)
upgrade(-7.8, 0.1, 1, -585042, 1001.40)
upgrade(-7.8, 0.1, 1, -636042, 1012.28)
upgrade(-2.6, 2.3, 1, -721042, 1062.78)
upgrade(-18.2, -2.3, 1, -727652, 1077.04)
upgrade(-18.2, -4.3, 1, -734262, 1083.52)
upgrade(-18.3, -6.4, 1, -740872, 1090.49)
upgrade(-18.2, -8.4, 1, -747482, 1095.13)
upgrade(-16.5, -9.6, 1, -754092, 1099.05)
upgrade(-14.6, -8.9, 1, -760702, 1101.32)
upgrade(-16.4, -11.6, 1, -767312, 1103.99)
upgrade(-18.4, -10.5, 1, -773922, 1106.55)
upgrade(-18.3, -12.5, 1, -780532, 1110.28)
upgrade(-20.5, -12.2, 1, -787142, 1116.01)
upgrade(-2.6, 2.3, 1, -935892, 1133.83)
option(-7.9, -8.9, "Track", "Red", 1145.67)
ability(-12.0, -8.9, "Hologram Tower", 1254.03)
ability(-7.8, 0.1, "Hologram Tower", 1301.83)
ability(-12.0, -8.9, "Hologram Tower", 1345.58)
ability(-7.8, 0.1, "Hologram Tower", 1385.27)
ability(-12.0, -8.9, "Hologram Tower", 1409.75)
ability(-12.0, -8.9, "Hologram Tower", 1425.56)