-- NOTE: no
place(11.2, 1.0, 24.0, "Cowboy", 0, 3.59)
skip(0, 7.15)
upgrade(11.2, 24.0, 1, -225, 17.18)
place(13.8, 1.0, 24.0, "Cowboy", -225, 26.38)
upgrade(13.8, 24.0, 1, -450, 32.80)
place(16.3, 1.0, 24.1, "Cowboy", -450, 37.55)
upgrade(16.3, 24.1, 1, -675, 38.87)
upgrade(16.3, 24.1, 1, -1575, 48.63)
place(11.0, 1.0, 26.6, "Cowboy", -1575, 52.37)
upgrade(11.0, 26.6, 1, -1800, 53.15)
place(13.6, 1.0, 26.5, "Cowboy", -1800, 57.12)
place(16.1, 1.0, 26.6, "Cowboy", -1800, 61.77)
upgrade(16.1, 26.6, 1, -2025, 62.50)
upgrade(16.1, 26.6, 1, -2925, 67.61)
upgrade(11.2, 24.0, 1, -3825, 71.68)
upgrade(13.8, 24.0, 1, -4725, 72.73)
upgrade(13.6, 26.5, 1, -4950, 75.18)
upgrade(11.0, 26.6, 1, -5850, 80.97)
upgrade(13.6, 26.5, 1, -6750, 85.13)
upgrade(16.3, 24.1, 1, -10250, 96.58)
upgrade(16.1, 26.6, 1, -13750, 108.15)
upgrade(13.8, 24.0, 1, -17250, 119.11)
upgrade(13.6, 26.5, 1, -20750, 126.80)
upgrade(11.2, 24.0, 1, -24250, 138.06)
upgrade(11.0, 26.6, 1, -27750, 145.23)
upgrade(16.3, 24.1, 1, -33250, 154.19)
upgrade(16.1, 26.6, 1, -38750, 171.06)
upgrade(13.8, 24.0, 1, -44250, 179.01)
upgrade(13.6, 26.5, 1, -49750, 184.53)
upgrade(11.2, 24.0, 1, -55250, 193.68)
upgrade(11.0, 26.6, 1, -60750, 199.59)
place(15.2, 0.9, 13.9, "DJ Booth", -60750, 206.98)
upgrade(0.0, 0.0, 1, -61050, 207.98)
upgrade(0.0, 0.0, 1, -62300, 208.15)
upgrade(0.0, 0.0, 1, -65300, 208.48)
ability(0.0, 0.0, "Drop The Beat", 224.46)
upgrade(16.3, 24.1, 1, -80600, 232.19)
ability(0.0, 0.0, "Drop The Beat", 240.43)
ability(0.0, 0.0, "Drop The Beat", 241.20)
ability(0.0, 0.0, "Drop The Beat", 241.92)
upgrade(16.1, 26.6, 1, -95900, 250.14)
upgrade(13.8, 24.0, 1, -111200, 263.01)
upgrade(13.6, 26.5, 1, -126500, 277.79)
ability(0.0, 0.0, "Drop The Beat", 278.76)
place(15.0, 4.5, 6.2, "Ranger", -126500, 282.53)
upgrade(15.0, 6.2, 1, -127850, 283.26)
upgrade(15.0, 6.2, 1, -132800, 286.46)
place(13.3, 4.3, 3.7, "Ranger", -132800, 289.68)
place(13.2, 4.3, 3.7, "Ranger", -132800, 293.98)
upgrade(13.2, 3.7, 1, -134150, 294.91)
upgrade(13.2, 3.7, 1, -139100, 296.32)
ability(0.0, 0.0, "Drop The Beat", 298.81)
place(12.8, 4.0, 8.5, "Ranger", -139100, 302.32)
upgrade(12.8, 8.5, 1, -140450, 304.81)
ability(0.0, 0.0, "Drop The Beat", 305.39)
ability(0.0, 0.0, "Drop The Beat", 305.56)
ability(0.0, 0.0, "Drop The Beat", 306.14)
ability(0.0, 0.0, "Drop The Beat", 306.29)
upgrade(12.8, 8.5, 1, -145400, 307.46)
place(11.1, 4.5, 6.0, "Ranger", -145400, 310.59)
place(11.1, 4.5, 6.0, "Ranger", -145400, 313.17)
upgrade(11.1, 6.0, 1, -146750, 314.01)
upgrade(11.1, 6.0, 1, -151700, 318.92)
place(8.8, 4.2, 7.9, "Ranger", -151700, 324.34)
upgrade(8.8, 7.9, 1, -153050, 325.12)
upgrade(8.8, 7.9, 1, -158000, 328.30)
ability(0.0, 0.0, "Drop The Beat", 329.14)
ability(0.0, 0.0, "Drop The Beat", 329.27)
ability(0.0, 0.0, "Drop The Beat", 329.41)
place(10.2, 4.3, 3.1, "Ranger", -158000, 332.36)
upgrade(10.2, 3.1, 1, -159350, 333.13)
upgrade(10.2, 3.1, 1, -164300, 337.16)
place(7.5, 4.6, 5.2, "Ranger", -164300, 341.47)
upgrade(7.5, 5.2, 1, -165650, 342.17)
upgrade(7.5, 5.2, 1, -170600, 347.37)
place(7.3, 4.1, 2.2, "Ranger", -170600, 350.52)
upgrade(7.3, 2.2, 1, -171950, 351.36)
upgrade(7.3, 2.2, 1, -176900, 351.57)
place(4.8, 4.6, 6.7, "Ranger", -176900, 354.37)
ability(0.0, 0.0, "Drop The Beat", 357.58)
upgrade(11.2, 24.0, 1, -192200, 364.15)
ability(0.0, 0.0, "Drop The Beat", 372.57)
upgrade(11.0, 26.6, 1, -207500, 374.59)
upgrade(0.0, 0.0, 1, -215500, 381.30)
ability(0.0, 0.0, "Drop The Beat", 387.49)
upgrade(0.0, 0.0, 1, -235500, 399.99)
place(11.6, 0.9, 11.2, "Turret", -235500, 410.15)
upgrade(0.0, 0.0, 1, -237837, 411.52)
upgrade(0.0, 0.0, 1, -244212, 411.79)
ability(0.0, 0.0, "Drop The Beat", 418.44)
upgrade(0.0, 0.0, 1, -261212, 420.12)
place(8.7, 0.9, 13.9, "Turret", -261212, 425.57)
upgrade(0.0, 0.0, 1, -263549, 426.29)
upgrade(0.0, 0.0, 1, -269924, 428.08)
upgrade(0.0, 0.0, 1, -286924, 435.23)
ability(0.0, 0.0, "Drop The Beat", 436.70)
place(7.8, 0.9, 9.9, "Turret", -286924, 441.69)
upgrade(0.0, 0.0, 1, -289261, 442.93)
upgrade(0.0, 0.0, 1, -295636, 443.63)
ability(0.0, 0.0, "Drop The Beat", 451.88)
upgrade(0.0, 0.0, 1, -312636, 453.25)
upgrade(15.0, 6.2, 1, -326023, 459.25)
upgrade(13.2, 3.7, 1, -339410, 468.14)
upgrade(12.8, 8.5, 1, -352797, 472.74)
ability(0.0, 0.0, "Drop The Beat", 473.97)
upgrade(11.1, 6.0, 1, -366184, 480.55)
upgrade(10.2, 3.1, 1, -379571, 486.42)
ability(0.0, 0.0, "Drop The Beat", 487.40)
ability(0.0, 0.0, "Drop The Beat", 488.32)
upgrade(8.8, 7.9, 1, -392958, 492.50)
upgrade(7.5, 5.2, 1, -406345, 497.20)
upgrade(7.3, 2.2, 1, -419732, 501.58)
upgrade(0.0, 0.0, 1, -449482, 511.83)
ability(0.0, 0.0, "Drop The Beat", 512.58)
ability(0.0, 0.0, "Drop The Beat", 512.73)
ability(0.0, 0.0, "Drop The Beat", 512.87)
upgrade(0.0, 0.0, 1, -479232, 521.33)
ability(0.0, 0.0, "Drop The Beat", 528.32)
upgrade(0.0, 0.0, 1, -508982, 529.44)
ability(0.0, 0.0, "Drop The Beat", 543.58)
upgrade(0.0, 0.0, 1, -564232, 555.85)
ability(0.0, 0.0, "Drop The Beat", 559.71)
upgrade(0.0, 0.0, 1, -619482, 570.10)
ability(0.0, 0.0, "Drop The Beat", 574.82)
ability(0.0, 0.0, "Drop The Beat", 575.20)
ability(0.0, 0.0, "Drop The Beat", 575.53)
ability(0.0, 0.0, "Drop The Beat", 575.80)
ability(0.0, 0.0, "Drop The Beat", 576.05)
ability(0.0, 0.0, "Drop The Beat", 576.32)
upgrade(0.0, 0.0, 1, -674732, 588.57)
ability(0.0, 0.0, "Drop The Beat", 591.29)
ability(0.0, 0.0, "Drop The Beat", 591.41)
ability(0.0, 0.0, "Drop The Beat", 591.55)
ability(0.0, 0.0, "Drop The Beat", 591.70)
ability(0.0, 0.0, "Drop The Beat", 591.82)
upgrade(12.8, 8.5, 1, -695982, 596.80)
upgrade(15.0, 6.2, 1, -717232, 607.30)
ability(0.0, 0.0, "Drop The Beat", 607.96)
ability(0.0, 0.0, "Drop The Beat", 608.18)
ability(0.0, 0.0, "Drop The Beat", 612.31)
upgrade(8.8, 7.9, 1, -740982, 620.78)
upgrade(11.1, 6.0, 1, -764732, 623.58)
upgrade(13.2, 3.7, 1, -788482, 633.16)
ability(0.0, 0.0, "Drop The Beat", 644.98)
ability(0.0, 0.0, "Drop The Beat", 645.19)
upgrade(7.5, 5.2, 1, -812232, 646.90)
upgrade(10.2, 3.1, 1, -835982, 654.36)
upgrade(7.3, 2.2, 1, -859732, 657.94)
place(5.1, 0.9, 12.7, "Accelerator", -859732, 671.57)
upgrade(5.1, 12.7, 1, -861432, 672.17)
upgrade(5.1, 12.7, 1, -866532, 672.30)
upgrade(5.1, 12.7, 1, -875031, 672.41)
upgrade(5.1, 12.7, 1, -898406, 672.65)
ability(0.0, 0.0, "Drop The Beat", 675.23)
ability(0.0, 0.0, "Drop The Beat", 675.38)
upgrade(5.1, 12.7, 1, -945156, 676.33)
place(1.7, 0.9, 13.4, "Accelerator", -945156, 679.04)
upgrade(1.7, 13.4, 1, -946856, 679.88)
upgrade(1.7, 13.4, 1, -951956, 680.07)
upgrade(1.7, 13.4, 1, -960455, 686.71)
upgrade(1.7, 13.4, 1, -983830, 691.56)
ability(0.0, 0.0, "Drop The Beat", 696.97)
ability(0.0, 0.0, "Drop The Beat", 697.13)
ability(0.0, 0.0, "Drop The Beat", 697.29)
upgrade(1.7, 13.4, 1, -1030580, 698.44)
place(4.0, 0.9, 9.3, "Accelerator", -1030580, 706.05)
upgrade(4.0, 9.3, 1, -1032280, 706.64)
upgrade(4.0, 9.3, 1, -1037380, 706.79)
upgrade(4.0, 9.3, 1, -1045879, 706.91)
upgrade(4.0, 9.3, 1, -1069254, 707.04)
upgrade(4.0, 9.3, 1, -1069254, 708.56)
ability(0.0, 0.0, "Drop The Beat", 714.71)
ability(0.0, 0.0, "Drop The Beat", 714.86)
upgrade(4.0, 9.3, 1, -1116004, 716.28)
place(15.1, 1.0, 9.6, "Accelerator", -1116004, 722.46)
upgrade(15.1, 9.6, 1, -1117704, 723.70)
upgrade(15.1, 9.6, 1, -1122804, 723.91)
upgrade(15.1, 9.6, 1, -1131303, 724.16)
upgrade(15.1, 9.6, 1, -1154678, 728.09)
ability(0.0, 0.0, "Drop The Beat", 729.71)
ability(0.0, 0.0, "Drop The Beat", 729.87)
upgrade(15.1, 9.6, 1, -1201428, 734.66)
place(0.5, 0.9, 10.1, "Accelerator", -1201428, 743.09)
upgrade(0.5, 10.1, 1, -1203128, 744.09)
upgrade(0.5, 10.1, 1, -1208228, 744.26)
upgrade(0.5, 10.1, 1, -1216727, 744.43)
ability(0.0, 0.0, "Drop The Beat", 746.59)
ability(0.0, 0.0, "Drop The Beat", 747.49)
upgrade(0.5, 10.1, 1, -1240102, 754.32)
upgrade(0.5, 10.1, 1, -1292352, 761.88)
ability(0.0, 0.0, "Drop The Beat", 764.34)
place(-3.1, 0.9, 6.9, "Turret", -1292352, 792.66)
place(-3.1, 0.9, 6.3, "Accelerator", -1292352, 794.04)
place(2.0, 4.9, 2.8, "Ranger", -1292352, 795.62)
place(-3.9, 0.9, 11.9, "DJ Booth", -1292352, 797.83)
place(-2.4, 0.9, 7.3, "Cowboy", -1292352, 799.66)
ability(0.0, 0.0, "Drop The Beat", 800.91)
ability(0.0, 0.0, "Drop The Beat", 803.37)
ability(0.0, 0.0, "Drop The Beat", 803.51)
ability(0.0, 0.0, "Drop The Beat", 823.39)
ability(0.0, 0.0, "Drop The Beat", 823.54)
ability(0.0, 0.0, "Drop The Beat", 823.68)
ability(0.0, 0.0, "Drop The Beat", 823.79)
ability(0.0, 0.0, "Drop The Beat", 823.94)
ability(0.0, 0.0, "Drop The Beat", 824.07)
ability(0.0, 0.0, "Drop The Beat", 824.19)
ability(0.0, 0.0, "Drop The Beat", 841.02)
ability(0.0, 0.0, "Drop The Beat", 841.17)
ability(0.0, 0.0, "Drop The Beat", 857.37)
ability(0.0, 0.0, "Drop The Beat", 857.97)
ability(0.0, 0.0, "Drop The Beat", 858.47)
ability(0.0, 0.0, "Drop The Beat", 876.04)
ability(0.0, 0.0, "Drop The Beat", 892.12)
ability(0.0, 0.0, "Drop The Beat", 892.37)
ability(0.0, 0.0, "Drop The Beat", 892.85)
ability(0.0, 0.0, "Drop The Beat", 908.00)
ability(0.0, 0.0, "Drop The Beat", 908.22)
sell(11.2, 24.0, 910.32)
sell(13.6, 26.5, 910.81)
sell(16.3, 24.1, 911.64)
sell(16.1, 26.6, 912.04)
sell(13.8, 24.0, 912.69)
sell(0.0, 0.0, 912.84)
sell(11.0, 26.6, 913.22)
sell(0.0, 0.0, 913.34)
place(-17.6, 1.0, 1.0, "Cowboy", -1292352, 914.62)
upgrade(-17.6, 1.0, 1, -1292577, 915.25)
upgrade(-17.6, 1.0, 1, -1293477, 915.36)
upgrade(-17.6, 1.0, 1, -1294377, 915.49)
upgrade(-17.6, 1.0, 1, -1299877, 915.60)
upgrade(-17.6, 1.0, 1, -1316877, 915.76)
place(-19.7, 1.0, 2.9, "Cowboy", -1316877, 916.45)
upgrade(-19.7, 2.9, 1, -1317102, 917.03)
upgrade(-19.7, 2.9, 1, -1318002, 917.15)
upgrade(-19.7, 2.9, 1, -1321502, 917.29)
upgrade(-19.7, 2.9, 1, -1327002, 917.42)
upgrade(-19.7, 2.9, 1, -1344002, 917.56)
place(-17.1, 1.0, 3.7, "Cowboy", -1344002, 918.43)
upgrade(-17.1, 3.7, 1, -1344227, 918.90)
upgrade(-17.1, 3.7, 1, -1345127, 919.03)
upgrade(-17.1, 3.7, 1, -1348627, 919.16)
upgrade(-17.1, 3.7, 1, -1354127, 919.30)
upgrade(-17.1, 3.7, 1, -1371127, 919.45)
place(-20.6, 1.0, 6.0, "Cowboy", -1371127, 920.92)
upgrade(-20.6, 6.0, 1, -1371352, 921.62)
upgrade(-20.6, 6.0, 1, -1372252, 921.76)
upgrade(-20.6, 6.0, 1, -1375752, 921.89)
upgrade(-20.6, 6.0, 1, -1381252, 922.04)
upgrade(-20.6, 6.0, 1, -1398252, 922.15)
upgrade(-20.6, 6.0, 1, -1415252, 922.29)
place(-21.9, 1.0, 0.5, "Cowboy", -1398252, 922.81)
upgrade(-21.9, 0.5, 1, -1398477, 923.28)
upgrade(-21.9, 0.5, 1, -1399377, 923.43)
upgrade(-21.9, 0.5, 1, -1402877, 923.56)
upgrade(-21.9, 0.5, 1, -1408377, 923.69)
upgrade(-21.9, 0.5, 1, -1425377, 923.82)
upgrade(-21.9, 0.5, 1, -1442377, 923.95)
place(-22.7, 1.0, 3.8, "Cowboy", -1425377, 924.79)
upgrade(-22.7, 3.8, 1, -1425602, 925.30)
upgrade(-22.7, 3.8, 1, -1426502, 925.44)
upgrade(-22.7, 3.8, 1, -1430002, 925.60)
upgrade(-22.7, 3.8, 1, -1435502, 925.70)
upgrade(-22.7, 3.8, 1, -1441002, 925.87)
ability(0.0, 0.0, "Drop The Beat", 926.33)
sell(15.1, 9.6, 929.00)
place(-18.9, 1.0, -6.8, "Accelerator", -1441002, 930.57)
upgrade(-18.9, -6.8, 1, -1443002, 931.07)
upgrade(-18.9, -6.8, 1, -1449002, 931.19)
upgrade(-18.9, -6.8, 1, -1459001, 931.33)
upgrade(-18.9, -6.8, 1, -1486501, 931.47)
upgrade(-18.9, -6.8, 1, -1541501, 931.61)
sell(4.0, 9.3, 933.48)
place(-20.8, 1.0, -10.8, "Accelerator", -1541501, 934.48)
upgrade(-20.8, -10.8, 1, -1543501, 934.89)
upgrade(-20.8, -10.8, 1, -1549501, 935.00)
upgrade(-20.8, -10.8, 1, -1555501, 935.14)
upgrade(-20.8, -10.8, 1, -1583001, 935.27)
upgrade(-20.8, -10.8, 1, -1610501, 935.40)
sell(5.1, 12.7, 936.32)
place(-18.9, 1.0, -14.6, "Accelerator", -1610501, 937.65)
upgrade(-18.9, -14.6, 1, -1612501, 938.12)
upgrade(-18.9, -14.6, 1, -1618501, 938.26)
upgrade(-18.9, -14.6, 1, -1628500, 938.40)
upgrade(-18.9, -14.6, 1, -1656000, 938.54)
upgrade(-18.9, -14.6, 1, -1711000, 938.65)
sell(1.7, 13.4, 939.70)
place(-27.4, 1.0, -6.4, "Accelerator", -1711000, 943.20)
upgrade(-27.4, -6.4, 1, -1713000, 944.06)
upgrade(-27.4, -6.4, 1, -1719000, 944.18)
upgrade(-27.4, -6.4, 1, -1725000, 944.33)
upgrade(-27.4, -6.4, 1, -1752500, 944.45)
upgrade(-27.4, -6.4, 1, -1780000, 944.61)
sell(0.5, 10.1, 945.21)
place(-29.0, 1.0, -2.0, "Accelerator", -1780000, 947.92)
upgrade(-29.0, -2.0, 1, -1782000, 948.48)
upgrade(-29.0, -2.0, 1, -1788000, 948.59)
upgrade(-29.0, -2.0, 1, -1797999, 948.73)
upgrade(-29.0, -2.0, 1, -1825499, 948.85)
upgrade(-29.0, -2.0, 1, -1852999, 948.97)
sell(0.0, 0.0, 949.60)
sell(0.0, 0.0, 950.06)
sell(0.0, 0.0, 950.57)
place(-34.2, 1.0, -14.7, "Turret", -1852999, 951.92)
upgrade(0.0, 0.0, 1, -1855749, 952.67)
upgrade(0.0, 0.0, 1, -1863249, 952.77)
upgrade(0.0, 0.0, 1, -1883249, 952.93)
upgrade(0.0, 0.0, 1, -1918249, 953.02)
upgrade(0.0, 0.0, 1, -1953249, 953.13)
upgrade(0.0, 0.0, 1, -2018249, 953.27)
place(-28.9, 1.0, -19.1, "Turret", -1953249, 955.59)
upgrade(0.0, 0.0, 1, -1955999, 956.11)
upgrade(0.0, 0.0, 1, -1963499, 956.22)
upgrade(0.0, 0.0, 1, -1970999, 956.35)
upgrade(0.0, 0.0, 1, -2005999, 956.49)
upgrade(0.0, 0.0, 1, -2070999, 956.58)
upgrade(0.0, 0.0, 1, -2135999, 956.73)
place(-32.6, 1.0, -5.6, "Turret", -2070999, 957.74)
upgrade(0.0, 0.0, 1, -2073749, 958.20)
upgrade(0.0, 0.0, 1, -2081249, 958.31)
upgrade(0.0, 0.0, 1, -2101249, 958.46)
upgrade(0.0, 0.0, 1, -2136249, 958.57)
upgrade(0.0, 0.0, 1, -2201249, 958.67)
upgrade(0.0, 0.0, 1, -2266249, 958.77)