-- ZEPHYR_META: {"authorId":"974437462938124319","authorTag":"gongas1141","createdAt":"2026-06-17T22:05:28.566Z","updatedAt":"2026-06-17T22:05:28.566Z"}
-- NOTE: Militant on Dead Ahead easy
upgrade(0.5, -26.3, 1, -300, 14.55)
place(0.6, 1.0, -29.5, "Militant", -300, 37.27)
upgrade(0.6, -29.5, 1, -600, 39.39)
place(0.3, 1.0, -23.2, "Militant", -600, 51.52)
upgrade(0.3, -23.2, 1, -900, 54.27)
place(-5.0, 1.0, -25.1, "Militant", -900, 70.50)
upgrade(-5.0, -25.1, 1, -1200, 72.59)
upgrade(-5.0, -25.1, 1, -2050, 93.28)
place(-5.1, 1.0, -21.9, "Militant", -2050, 97.15)
upgrade(-5.1, -21.9, 1, -2350, 98.95)
upgrade(0.5, -26.3, 1, -3200, 113.31)
upgrade(0.3, -23.2, 1, -4050, 115.56)
place(3.2, 1.0, -24.5, "Militant", -4050, 138.40)
upgrade(3.2, -24.5, 1, -4350, 140.28)
upgrade(3.2, -24.5, 1, -5200, 141.01)
place(0.4, 1.0, -20.1, "Militant", -5200, 155.72)
upgrade(0.4, -20.1, 1, -5500, 157.54)
upgrade(0.4, -20.1, 1, -6350, 158.24)
upgrade(-5.1, -21.9, 1, -7200, 172.29)
place(3.2, 1.0, -21.4, "Militant", -7200, 184.75)
upgrade(3.2, -21.4, 1, -7500, 186.40)
upgrade(3.2, -21.4, 1, -8350, 187.01)
place(-5.1, 1.0, -18.7, "Militant", -8350, 193.62)
upgrade(-5.1, -18.7, 1, -8650, 195.45)
upgrade(-5.1, -18.7, 1, -9500, 197.70)
place(0.9, 1.0, -17.0, "Militant", -9500, 210.84)
upgrade(0.9, -17.0, 1, -9800, 212.52)
upgrade(0.9, -17.0, 1, -10650, 214.64)
place(-7.8, 1.0, -23.5, "Militant", -10650, 222.42)
upgrade(-7.8, -23.5, 1, -10950, 224.02)
upgrade(-7.8, -23.5, 1, -11800, 224.90)
place(-7.8, 1.0, -20.1, "Militant", -11800, 229.59)
upgrade(-7.8, -20.1, 1, -12100, 231.70)
upgrade(-7.8, -20.1, 1, -12950, 235.93)
place(-5.2, 1.0, -15.7, "Militant", -12950, 242.37)
upgrade(-5.2, -15.7, 1, -13250, 244.53)
upgrade(-5.2, -15.7, 1, -14100, 245.06)
upgrade(-5.1, -21.9, 1, -16850, 265.28)
upgrade(-7.8, -20.1, 1, -19600, 289.03)
upgrade(-5.1, -18.7, 1, -22350, 296.78)
upgrade(0.9, -17.0, 1, -25100, 318.03)
place(3.6, 1.0, -18.4, "Militant", -25100, 326.98)
upgrade(3.6, -18.4, 1, -25400, 328.59)
upgrade(3.6, -18.4, 1, -26250, 329.04)
upgrade(3.6, -18.4, 1, -29000, 331.64)
upgrade(3.2, -21.4, 1, -31750, 347.54)
upgrade(0.3, -23.2, 1, -34500, 366.85)
upgrade(-7.8, -23.5, 1, -37250, 372.43)
upgrade(-5.2, -15.7, 1, -40000, 375.05)
upgrade(0.6, -29.5, 1, -40850, 386.22)
upgrade(-7.8, -20.1, 1, -48850, 407.55)
upgrade(3.2, -24.5, 1, -51600, 432.62)
upgrade(-5.2, -15.7, 1, -59600, 439.51)
upgrade(0.6, -29.5, 1, -62350, 444.82)
upgrade(3.2, -24.5, 1, -70350, 448.53)
upgrade(3.2, -21.4, 1, -78350, 452.19)
upgrade(3.6, -18.4, 1, -86350, 457.39)