-- ZEPHYR_META: {"authorId":"1168981620448055397","authorTag":"koronethol","createdAt":"2026-06-06T09:39:32.358Z","updatedAt":"2026-06-06T09:39:32.358Z"}
place(-2.4, 1.0, 16.2, "Soldier", 0, 13.85)
upgrade(-2.4, 16.2, 1, -100, 14.96)
place(-1.3, 1.0, 19.1, "Soldier", -100, 28.11)
upgrade(-1.3, 19.1, 1, -200, 29.00)
upgrade(-2.4, 16.2, 1, -900, 59.48)
upgrade(-1.3, 19.1, 1, -1600, 76.87)
place(-4.9, 1.0, 18.5, "Minigunner", -1600, 123.04)
upgrade(-4.9, 18.5, 1, -1950, 124.60)
upgrade(-4.9, 18.5, 1, -3450, 142.70)
place(-5.2, 0.9, 13.5, "Minigunner", -3450, 161.30)
upgrade(-5.2, 13.5, 1, -3800, 165.31)
upgrade(-5.2, 13.5, 1, -5300, 178.63)
place(-4.1, 0.9, 10.3, "Minigunner", -5300, 202.20)
upgrade(-4.1, 10.3, 1, -5650, 203.49)
upgrade(-4.1, 10.3, 1, -7150, 216.48)
place(4.4, 1.0, 15.3, "Minigunner", -7150, 229.93)
upgrade(4.4, 15.3, 1, -7500, 234.58)
upgrade(4.4, 15.3, 1, -9000, 239.11)
skip(13, 255.32)
skip(13, 255.73)
skip(13, 256.11)
skip(13, 256.50)
skip(13, 256.86)
skip(13, 257.25)
skip(13, 257.63)
skip(13, 258.00)