-- ZEPHYR_META: {"authorId":"1451027096079175802","authorTag":"rlyass","createdAt":"2026-06-10T02:55:07.733Z","updatedAt":"2026-06-10T02:55:07.733Z"}
-- NOTE: e
place(-18.2, 1.0, -8.5, "Assassin", 0, 0.28)
place(-18.2, 1.0, -6.5, "Assassin", 0, 2.19)
place(-23.9, 1.0, -6.7, "Shotgunner", 0, 38.30)
target(-23.9, -6.7, "Last", 40.69)
target(-23.9, -6.7, "Strongest", 41.93)
target(-23.9, -6.7, "Last", 42.83)
target(-23.9, -6.7, "First", 45.81)
place(-18.0, 1.0, -10.6, "Shotgunner", 0, 69.28)
upgrade(-18.0, -10.6, 1, -640, 70.48)
sell(-18.2, -8.5, 82.53)
sell(-18.2, -6.5, 83.73)
place(-18.1, 1.0, -1.9, "Shotgunner", -640, 86.67)
upgrade(-18.1, -1.9, 1, -1280, 98.12)
upgrade(-23.9, -6.7, 1, -1920, 101.55)
place(-18.5, 1.0, -7.8, "Shotgunner", -1920, 114.31)
upgrade(-18.5, -7.8, 1, -2560, 117.99)
place(-18.3, 1.0, -5.8, "Shotgunner", -2560, 129.98)
upgrade(-18.3, -5.8, 1, -3200, 144.55)
sell(-18.1, -1.9, 147.13)
place(-18.2, 1.0, -3.8, "Shotgunner", -3200, 150.34)
place(-16.5, 1.0, -9.2, "Shotgunner", -3200, 157.12)
upgrade(-16.5, -9.2, 1, -3840, 159.60)
upgrade(-18.2, -3.8, 1, -4480, 161.21)
place(-24.0, 1.0, -4.6, "Shotgunner", -4480, 172.56)
upgrade(-24.0, -4.6, 1, -5120, 173.34)
place(-23.8, 1.0, -2.4, "Shotgunner", -5120, 178.09)
upgrade(-23.8, -2.4, 1, -5760, 184.40)
place(-16.0, 1.0, -11.2, "Shotgunner", -5760, 194.59)
upgrade(-16.0, -11.2, 1, -6400, 195.83)
upgrade(-23.8, -2.4, 1, -7950, 205.04)
upgrade(-16.0, -11.2, 1, -9500, 207.23)
upgrade(-16.5, -9.2, 1, -11050, 214.62)
upgrade(-18.0, -10.6, 1, -12600, 219.14)
upgrade(-18.5, -7.8, 1, -14150, 234.20)
upgrade(-18.3, -5.8, 1, -15700, 236.29)
upgrade(-18.2, -3.8, 1, -17250, 242.54)
upgrade(-23.9, -6.7, 1, -18800, 246.90)
upgrade(-24.0, -4.6, 1, -20350, 248.80)
upgrade(-16.0, -11.2, 1, -26350, 262.26)
upgrade(-18.0, -10.6, 1, -32350, 280.26)
upgrade(-16.5, -9.2, 1, -38350, 291.98)
upgrade(-18.5, -7.8, 1, -44350, 300.37)
upgrade(-18.3, -5.8, 1, -50350, 317.16)
upgrade(-18.2, -3.8, 1, -56350, 327.16)
upgrade(-24.0, -4.6, 1, -62350, 338.72)
upgrade(-23.9, -6.7, 1, -68350, 346.58)
upgrade(-16.0, -11.2, 1, -86850, 371.41)
upgrade(-18.0, -10.6, 1, -105350, 397.32)
upgrade(-16.5, -9.2, 1, -123850, 426.39)
upgrade(-18.5, -7.8, 1, -142350, 442.08)
upgrade(-18.3, -5.8, 1, -160850, 463.92)
upgrade(-18.2, -3.8, 1, -179350, 472.59)
upgrade(-23.9, -6.7, 1, -197850, 490.29)
upgrade(-24.0, -4.6, 1, -216350, 498.96)
upgrade(-23.8, -2.4, 1, -222350, 508.06)
upgrade(-23.8, -2.4, 1, -240850, 514.58)
place(-12.2, 1.0, -3.2, "Commander", -240850, 518.01)
upgrade(-12.2, -3.2, 1, -241250, 519.00)
upgrade(-12.2, -3.2, 1, -248200, 519.37)
upgrade(-12.2, -3.2, 1, -262200, 528.99)
ability(-12.2, -3.2, "Call Of Arms", 538.00)
place(-12.2, 1.0, -0.1, "Commander", -262200, 543.27)
upgrade(-12.2, -0.1, 1, -262600, 544.36)
upgrade(-12.2, -0.1, 1, -265050, 544.56)
upgrade(-12.2, -0.1, 1, -283550, 544.76)
upgrade(-12.2, -0.1, 1, -283550, 545.02)
place(-11.6, 1.0, 3.0, "Commander", -283550, 549.28)
upgrade(-11.6, 3.0, 1, -283950, 550.24)
upgrade(-11.6, 3.0, 1, -290900, 550.52)
upgrade(-11.6, 3.0, 1, -309400, 550.73)
place(-9.0, 1.0, -3.5, "Commander", -295400, 565.12)
upgrade(-9.0, -3.5, 1, -295800, 566.03)
upgrade(-9.0, -3.5, 1, -300700, 566.30)
upgrade(-9.0, -3.5, 1, -319200, 566.61)
place(-5.8, 1.0, -3.4, "Crook Boss", -305200, 570.93)
ability(-12.2, -3.2, "Call Of Arms", 572.46)
upgrade(-5.8, -3.4, 1, -306350, 573.54)
upgrade(-5.8, -3.4, 1, -323250, 573.75)
ability(-12.2, -3.2, "Support Caravan", 577.41)
ability(-12.2, -0.1, "Support Caravan", 577.91)
upgrade(-5.8, -3.4, 1, -323250, 586.34)
ability(-12.2, -0.1, "Call Of Arms", 592.42)
upgrade(-5.8, -3.4, 1, -370750, 603.46)
place(-2.8, 1.0, -3.4, "Crook Boss", -370750, 605.93)
upgrade(-2.8, -3.4, 1, -371900, 606.85)
upgrade(-2.8, -3.4, 1, -375300, 607.07)
ability(-12.2, -3.2, "Call Of Arms", 613.04)
upgrade(-2.8, -3.4, 1, -388800, 615.31)
ability(-12.2, -0.1, "Call Of Arms", 624.11)
ability(-9.0, -3.5, "Call Of Arms", 634.15)
upgrade(-2.8, -3.4, 1, -436300, 639.23)
place(0.5, 1.0, -3.2, "Crook Boss", -436300, 645.73)
upgrade(0.5, -3.2, 1, -440850, 646.74)
upgrade(0.5, -3.2, 1, -454350, 646.94)
ability(-12.2, -3.2, "Call Of Arms", 651.25)
place(3.6, 1.0, -3.0, "Crook Boss", -454350, 659.32)
upgrade(3.6, -3.0, 1, -458900, 660.20)
upgrade(3.6, -3.0, 1, -475800, 660.54)
ability(-9.0, -3.5, "Call Of Arms", 664.67)
upgrade(3.6, -3.0, 1, -509800, 671.29)
place(6.8, 1.0, -3.4, "Crook Boss", -509800, 678.86)
upgrade(6.8, -3.4, 1, -510950, 679.83)
upgrade(6.8, -3.4, 1, -527850, 680.10)