-- ZEPHYR_META: {"authorId":"769554957141278750","authorTag":"gelo.mindgoinbrrr","category":"community","official":false,"createdAt":"2026-09-03T12:48:22.214Z","updatedAt":"2026-09-03T12:48:22.214Z"}
-- NOTE: Uses Special Towers and Modifiers "Glass, Limitation, ExplodingEnemies, HiddenEnemies and Commited"
place(-17.4, 2.0, -4.4, "EvolvedOperator", 0, 1.27)
place(17.3, 2.0, -2.7, "EvolvedOperator", 0, 8.12)
place(17.1, 2.1, -0.2, "EvolvedOperator", 0, 17.82)
place(-17.2, 2.0, -1.9, "EvolvedOperator", 0, 29.63)
place(17.2, 2.0, 2.4, "EvolvedOperator", 0, 37.38)
place(-17.3, 2.0, 0.6, "EvolvedOperator", 0, 46.90)
upgrade(-17.4, -4.4, 1, -325, 55.36)
upgrade(17.3, -2.7, 1, -650, 57.00)
upgrade(-17.2, -1.9, 1, -975, 65.67)
upgrade(17.1, -0.2, 1, -1300, 67.84)
upgrade(17.2, 2.4, 1, -1625, 68.91)
upgrade(-17.3, 0.6, 1, -1950, 79.55)
upgrade(-17.4, -4.4, 1, -2650, 84.18)
upgrade(17.3, -2.7, 1, -3350, 98.43)
upgrade(-17.2, -1.9, 1, -4050, 108.03)
upgrade(17.1, -0.2, 1, -4750, 123.93)
upgrade(-17.3, 0.6, 1, -5450, 128.95)
upgrade(17.2, 2.4, 1, -6150, 130.49)
place(-13.0, 2.0, -1.7, "Hacker", -6150, 146.79)
upgrade(-13.0, -1.7, 1, -6275, 149.00)
upgrade(-13.0, -1.7, 1, -7612, 152.74)
place(12.5, 2.0, -1.6, "Hacker", -7612, 166.56)
upgrade(12.5, -1.6, 1, -7737, 168.59)
upgrade(12.5, -1.6, 1, -9074, 172.74)
upgrade(17.3, -2.7, 1, -10324, 194.51)
upgrade(-17.4, -4.4, 1, -11574, 198.78)
upgrade(17.1, -0.2, 1, -12824, 211.25)
upgrade(-17.2, -1.9, 1, -14074, 219.07)
upgrade(-17.3, 0.6, 1, -15324, 225.68)
upgrade(17.2, 2.4, 1, -16574, 238.49)
upgrade(17.3, -2.7, 1, -18524, 245.52)
upgrade(-17.4, -4.4, 1, -20474, 259.50)
upgrade(17.2, 2.4, 1, -22424, 269.98)
upgrade(-17.2, -1.9, 1, -24374, 279.71)
upgrade(-17.3, 0.6, 1, -26324, 289.28)
upgrade(17.1, -0.2, 1, -28274, 295.51)
place(-0.2, 2.0, -2.9, "DJ Booth", -28274, 307.90)
option(-0.2, -2.9, "Track", "Green", 310.93)
upgrade(-0.2, -2.9, 1, -28574, 311.88)
upgrade(-0.2, -2.9, 1, -29824, 312.59)
upgrade(-0.2, -2.9, 1, -32824, 319.33)
upgrade(-13.0, -1.7, 1, -38674, 350.40)
upgrade(12.5, -1.6, 1, -44524, 362.54)
upgrade(-13.0, -1.7, 1, -66124, 409.92)
upgrade(12.5, -1.6, 1, -87724, 437.88)
option(-0.2, -2.9, "Track", "Red", 449.13)
place(-12.9, 2.0, -4.8, "Engineer", -87724, 454.15)
upgrade(-12.9, -4.8, 1, -88049, 456.24)
upgrade(-12.9, -4.8, 1, -88949, 456.96)
place(12.5, 2.0, -4.7, "Engineer", -88949, 462.94)
upgrade(12.5, -4.7, 1, -89274, 464.78)
upgrade(12.5, -4.7, 1, -90174, 465.20)
place(5.7, 2.0, -2.0, "Engineer", -90174, 470.83)
upgrade(5.7, -2.0, 1, -90499, 472.72)
upgrade(5.7, -2.0, 1, -91399, 473.45)
place(-5.4, 2.0, -1.8, "Engineer", -91399, 475.24)
upgrade(-5.4, -1.8, 1, -91724, 477.11)
upgrade(-5.4, -1.8, 1, -92624, 477.60)
place(5.8, 2.0, 1.3, "Engineer", -92624, 480.44)
upgrade(5.8, 1.3, 1, -92949, 482.77)
upgrade(5.8, 1.3, 1, -93849, 483.35)
place(-5.4, 2.0, 1.7, "Engineer", -93849, 485.91)
upgrade(-5.4, 1.7, 1, -94174, 487.68)
upgrade(-5.4, 1.7, 1, -95074, 488.27)
upgrade(-0.2, -2.9, 1, -103074, 496.84)
upgrade(-0.2, -2.9, 1, -123074, 497.93)
upgrade(5.7, -2.0, 1, -125047, 511.22)
upgrade(5.7, -2.0, 1, -130984, 513.04)
upgrade(5.7, -2.0, 1, -142859, 523.74)
upgrade(5.8, 1.3, 1, -144832, 528.90)
upgrade(-5.4, -1.8, 1, -146805, 531.88)
upgrade(-5.4, 1.7, 1, -148778, 533.88)
upgrade(-12.9, -4.8, 1, -150751, 536.28)
upgrade(12.5, -4.7, 1, -152724, 537.93)
upgrade(-5.4, -1.8, 1, -158661, 541.92)
upgrade(-5.4, -1.8, 1, -170536, 551.97)
upgrade(-12.9, -4.8, 1, -176473, 556.39)
upgrade(-12.9, -4.8, 1, -188348, 563.31)
upgrade(12.5, -4.7, 1, -194285, 567.53)
upgrade(12.5, -4.7, 1, -206160, 589.18)
upgrade(5.8, 1.3, 1, -212097, 593.42)
upgrade(5.8, 1.3, 1, -223972, 601.94)
upgrade(-5.4, 1.7, 1, -229909, 604.33)
upgrade(-5.4, 1.7, 1, -241784, 613.26)
upgrade(12.5, -4.7, 1, -272659, 633.49)
upgrade(-12.9, -4.8, 1, -303534, 645.27)
upgrade(5.7, -2.0, 1, -334409, 655.04)
upgrade(-5.4, -1.8, 1, -365284, 662.21)
upgrade(-5.4, 1.7, 1, -396159, 676.74)
upgrade(5.8, 1.3, 1, -427034, 686.36)
upgrade(-13.0, -1.7, 1, -484034, 699.61)
upgrade(12.5, -1.6, 1, -541034, 715.65)
place(0.3, 2.0, 5.8, "EvolvedJuggernaut", -541034, 721.00)
upgrade(0.3, 5.8, 1, -543694, 725.43)
upgrade(0.3, 5.8, 1, -550344, 729.28)
upgrade(0.3, 5.8, 1, -566684, 732.90)
upgrade(0.3, 5.8, 2, -604684, 735.30)
upgrade(0.3, 5.8, 2, -694934, 760.22)
upgrade(0.3, 5.8, 2, -818434, 786.05)
upgrade(0.3, 5.8, 2, -1036934, 834.63)
ability(-13.0, -1.7, "Hologram Tower", 862.17)
ability(12.5, -1.6, "Hologram Tower", 922.70)
ability(-13.0, -1.7, "Hologram Tower", 962.02)