-- ZEPHYR_META: {"authorId":"1313867364680470549","authorTag":"exl1e","category":"community","official":false,"createdAt":"2026-08-23T08:45:55.445Z","updatedAt":"2026-08-23T08:45:55.445Z"}
place(0.2, 1.0, -22.8, "Militant", 0, 0.68)
upgrade(0.2, -22.8, 1, -300, 9.98)
place(-0.1, 1.0, -19.7, "Militant", -300, 35.45)
upgrade(-0.1, -19.7, 1, -600, 38.28)
place(2.7, 1.0, -21.0, "Militant", -600, 57.38)
upgrade(2.7, -21.0, 1, -900, 58.66)
place(3.0, 1.0, -24.1, "Militant", -900, 75.83)
upgrade(3.0, -24.1, 1, -1200, 77.10)
place(-5.0, 1.0, -19.6, "Militant", -1200, 82.55)
upgrade(-5.0, -19.6, 1, -1500, 101.26)
place(-5.0, 1.0, -22.8, "Militant", -1500, 104.45)
upgrade(-5.0, -22.8, 1, -1800, 106.55)
place(-7.6, 1.0, -21.1, "Militant", -1800, 131.68)
upgrade(-7.6, -21.1, 1, -2100, 133.34)
place(-7.7, 1.0, -24.2, "Militant", -2100, 137.23)
upgrade(-7.7, -24.2, 1, -2400, 138.39)
place(-5.1, 1.0, -16.6, "Firework Technician", -2400, 144.65)
upgrade(-5.1, -16.6, 1, -4400, 173.08)
upgrade(-0.1, -19.7, 1, -5250, 229.26)
upgrade(0.2, -22.8, 1, -6100, 230.42)
upgrade(2.7, -21.0, 1, -6950, 230.81)
upgrade(3.0, -24.1, 1, -7800, 231.21)
upgrade(-5.0, -19.6, 1, -8650, 232.59)
upgrade(-5.0, -22.8, 1, -9500, 233.04)
upgrade(-7.6, -21.1, 1, -10350, 233.57)
upgrade(-7.7, -24.2, 1, -11200, 235.44)
place(0.2, 1.0, -17.1, "EvolvedEnforcer", -11200, 261.44)
upgrade(0.2, -17.1, 1, -11950, 262.77)
upgrade(0.2, -17.1, 1, -14600, 276.77)
place(-5.1, 1.0, -25.8, "Saboteur", -14600, 298.83)
upgrade(-5.1, -25.8, 1, -14975, 301.26)
upgrade(-5.0, -19.6, 1, -19575, 316.23)
upgrade(-0.1, -19.7, 1, -22325, 325.92)
upgrade(0.2, -22.8, 1, -25075, 344.22)
upgrade(-5.0, -22.8, 1, -27825, 346.52)
upgrade(-5.1, -25.8, 1, -33775, 366.30)
upgrade(-7.7, -24.2, 1, -36525, 385.69)
upgrade(-7.6, -21.1, 1, -39275, 387.93)
upgrade(0.2, -17.1, 1, -43875, 416.37)
upgrade(2.7, -21.0, 1, -46625, 418.27)
place(-5.2, 1.0, -13.5, "Saboteur", -46625, 423.05)
place(0.8, 1.0, -14.3, "Saboteur", -46625, 427.75)
place(-7.8, 1.0, -15.2, "Saboteur", -46625, 429.98)
place(-8.0, 1.0, -12.2, "Saboteur", -46625, 437.40)
upgrade(0.8, -14.3, 1, -47000, 441.15)
ability(-5.1, -25.8, "Aggressive Toxins", 448.88)
upgrade(-7.8, -15.2, 1, -47375, 453.53)
upgrade(-7.8, -15.2, 1, -49225, 454.42)
upgrade(-5.2, -13.5, 1, -49600, 455.46)
upgrade(-5.2, -13.5, 1, -51450, 456.08)
upgrade(-8.0, -12.2, 1, -51825, 456.86)
upgrade(0.8, -14.3, 1, -55525, 457.68)
upgrade(-5.1, -25.8, 1, -76590, 462.77)