-- ZEPHYR_META: {"authorId":"1313867364680470549","authorTag":"exl1e","category":"community","official":false,"createdAt":"2026-08-17T10:42:32.025Z","updatedAt":"2026-08-17T10:42:32.025Z"}
-- NOTE: use hidden,glass,exploading and commited
place(-0.1, 1.0, -8.9, "Soldier", 0, 6.74)
upgrade(-0.1, -8.9, 1, -150, 7.93)
upgrade(-0.1, -8.9, 1, -950, 44.63)
place(-3.1, 1.0, -8.8, "Soldier", -950, 58.40)
upgrade(-3.1, -8.8, 1, -1100, 59.86)
upgrade(-3.1, -8.8, 1, -1900, 81.80)
place(-17.8, 1.0, -1.8, "Shotgunner", -1900, 102.88)
upgrade(-17.8, -1.8, 1, -2650, 112.06)
upgrade(-17.8, -1.8, 1, -4150, 131.03)
place(-17.7, 1.0, -3.9, "Shotgunner", -4150, 152.99)
upgrade(-17.7, -3.9, 1, -4900, 154.29)
upgrade(-17.7, -3.9, 1, -6400, 165.78)
place(-17.8, 1.0, -6.0, "Shotgunner", -6400, 179.19)
upgrade(-17.8, -6.0, 1, -7150, 185.09)
upgrade(-17.8, -6.0, 1, -8650, 187.96)
place(-17.8, 1.0, -8.1, "Shotgunner", -8650, 207.68)
upgrade(-17.8, -8.1, 1, -9400, 208.67)
upgrade(-17.8, -8.1, 1, -10900, 213.74)
place(-16.0, 1.0, -9.1, "Shotgunner", -10900, 228.89)
upgrade(-16.0, -9.1, 1, -11650, 230.42)
upgrade(-16.0, -9.1, 1, -13150, 231.14)
place(-12.1, 1.0, -3.4, "Shotgunner", -13150, 239.68)
upgrade(-12.1, -3.4, 1, -13900, 241.02)
upgrade(-12.1, -3.4, 1, -15400, 243.66)
place(-12.1, 1.0, -1.4, "Shotgunner", -15400, 253.59)
upgrade(-12.1, -1.4, 1, -16150, 259.33)
upgrade(-12.1, -1.4, 1, -17650, 261.96)
place(-12.2, 1.0, 0.7, "Shotgunner", -17650, 267.50)
upgrade(-12.2, 0.7, 1, -18400, 269.99)
upgrade(-12.2, 0.7, 1, -19900, 275.10)
place(-12.5, 1.0, 2.8, "Shotgunner", -19900, 286.02)
upgrade(-12.5, 2.8, 1, -20650, 287.07)
upgrade(-12.5, 2.8, 1, -22150, 289.60)
upgrade(-3.1, -8.8, 1, -25550, 297.69)
upgrade(-0.1, -8.9, 1, -28950, 309.59)
place(-6.2, 1.0, -8.8, "Commander", -28950, 314.40)
upgrade(-6.2, -8.8, 1, -29350, 315.60)
upgrade(-6.2, -8.8, 1, -31800, 322.84)
place(-9.3, 1.0, -8.8, "Commander", -31800, 328.07)
place(-12.4, 1.0, -8.8, "Commander", -31800, 331.10)
upgrade(-12.4, -8.8, 1, -32200, 336.87)
upgrade(-12.4, -8.8, 1, -34650, 337.61)
upgrade(-9.3, -8.8, 1, -35050, 338.29)
upgrade(-9.3, -8.8, 1, -37500, 342.09)
place(-7.7, 1.0, 3.4, "Turret", -37500, 359.97)
upgrade(-7.7, 3.4, 1, -41250, 368.86)
upgrade(-7.7, 3.4, 1, -48750, 384.17)
place(-7.9, 1.0, -0.1, "Engineer", -48750, 391.19)
place(-7.7, 1.0, -3.2, "Engineer", -48750, 393.68)
place(-4.7, 1.0, -3.2, "Engineer", -48750, 396.77)
place(-1.7, 1.0, -3.3, "Engineer", -48750, 402.27)
place(-4.6, 1.0, -11.6, "Engineer", -48750, 406.37)
place(-1.6, 1.0, -11.8, "Engineer", -48750, 408.95)
upgrade(-1.6, -11.8, 1, -49075, 410.83)
upgrade(-1.6, -11.8, 1, -49975, 411.25)
upgrade(-1.6, -11.8, 1, -52052, 411.68)
upgrade(-4.6, -11.6, 1, -52377, 413.13)
upgrade(-4.6, -11.6, 1, -53277, 413.50)
upgrade(-4.6, -11.6, 1, -55354, 413.88)
upgrade(-1.7, -3.3, 1, -55679, 415.72)
upgrade(-1.7, -3.3, 1, -56579, 416.16)
upgrade(-1.7, -3.3, 1, -58656, 416.61)
upgrade(-4.7, -3.2, 1, -58981, 417.84)
upgrade(-4.7, -3.2, 1, -61958, 418.54)
upgrade(-7.7, -3.2, 1, -62283, 421.49)
upgrade(-7.7, -3.2, 1, -63183, 423.74)
upgrade(-7.7, -3.2, 1, -65260, 427.45)
upgrade(-7.9, -0.1, 1, -65585, 431.77)
upgrade(-7.9, -0.1, 1, -66485, 432.43)
upgrade(-7.9, -0.1, 1, -68562, 435.17)
upgrade(-7.7, -3.2, 1, -74812, 448.86)
upgrade(-4.7, -3.2, 1, -81062, 453.87)
upgrade(-7.9, -0.1, 1, -87312, 464.03)
upgrade(-17.8, -1.8, 1, -93812, 469.67)
upgrade(-17.7, -3.9, 1, -100312, 477.60)
upgrade(-17.8, -6.0, 1, -106812, 485.07)
upgrade(-17.8, -8.1, 1, -113312, 494.66)
upgrade(-16.0, -9.1, 1, -119812, 511.76)