-- ZEPHYR_META: {"authorId":"1189919788709969965","authorTag":"asep0456_89096","createdAt":"2026-06-12T01:55:28.556Z","updatedAt":"2026-06-12T01:55:28.556Z"}
place(-5.1, 1.0, -35.8, "Assassin", -12600, 1.68)
upgrade(-0.0, -36.8, 1, -13050, 9.96)
upgrade(-5.1, -35.8, 1, -13500, 20.83)
place(-5.2, 1.0, -33.5, "Assassin", -13500, 28.96)
upgrade(-5.2, -33.5, 1, -13950, 35.18)
place(0.0, 1.0, -33.6, "Assassin", -13950, 38.39)
upgrade(0.0, -33.6, 1, -14400, 47.97)
place(-5.2, 1.0, -22.4, "Trapper", -14400, 50.76)
upgrade(-5.1, -35.8, 1, -15150, 60.32)
upgrade(-0.0, -36.8, 1, -15900, 71.64)
upgrade(-5.2, -33.5, 1, -16650, 76.61)
skip(7, 91.20)
skip(7, 93.40)
skip(7, 95.59)
upgrade(0.0, -33.6, 1, -17400, 96.19)
skip(8, 97.80)
skip(8, 99.93)
skip(8, 102.09)
skip(8, 104.32)
skip(8, 106.45)
skip(8, 108.66)
skip(8, 110.85)
skip(8, 113.02)
skip(8, 115.26)
skip(9, 117.52)