-- ZEPHYR_META: {"authorId":"1475410997018890371","authorTag":"jiareih","category":"community","official":false,"createdAt":"2026-08-17T04:23:45.242Z","updatedAt":"2026-08-17T04:23:45.242Z"}
skip(1, 5.04)
place(3.3, 1.0, 3.1, "Soldier", -100, 7.23)
upgrade(3.3, 3.1, 1, -200, 12.23)
place(3.5, 1.0, 6.2, "Soldier", -200, 53.39)
upgrade(3.5, 6.2, 1, -300, 57.58)
place(6.5, 1.0, 2.9, "Soldier", -300, 84.62)
place(6.6, 1.0, 6.0, "Soldier", -300, 87.51)
upgrade(6.6, 6.0, 1, -400, 89.28)
upgrade(6.5, 2.9, 1, -500, 91.36)
place(9.7, 1.0, 3.1, "Soldier", -500, 102.10)
place(9.9, 1.0, 6.3, "Soldier", -500, 106.99)
upgrade(9.9, 6.3, 1, -600, 108.49)
upgrade(9.7, 3.1, 1, -700, 116.90)
place(5.0, 1.0, 8.9, "Engineer", -700, 127.09)
upgrade(5.0, 8.9, 1, -1025, 129.46)
place(8.1, 1.0, 9.2, "Engineer", -1025, 153.58)
place(11.4, 1.0, 9.0, "Engineer", -1025, 157.30)
place(5.2, 1.0, 12.5, "Engineer", -1025, 179.60)
place(8.4, 1.0, 12.4, "Engineer", -1025, 195.66)
place(11.4, 1.0, 12.3, "Engineer", -1025, 198.46)
upgrade(11.4, 12.3, 1, -1350, 200.23)
upgrade(8.4, 12.4, 1, -1675, 207.00)
skip(8, 211.30)
upgrade(5.2, 12.5, 1, -2000, 212.15)
upgrade(5.0, 8.9, 1, -2900, 214.83)
upgrade(8.1, 9.2, 1, -3225, 224.20)
upgrade(11.4, 9.0, 1, -3550, 229.36)
upgrade(3.5, 6.2, 1, -4250, 238.74)
upgrade(6.6, 6.0, 1, -4950, 241.04)
upgrade(9.9, 6.3, 1, -5650, 254.53)
upgrade(9.7, 3.1, 1, -6350, 261.94)
skip(10, 270.14)
upgrade(6.5, 2.9, 1, -7050, 271.97)
upgrade(3.3, 3.1, 1, -7750, 273.26)
upgrade(8.1, 9.2, 1, -8650, 276.86)
upgrade(8.4, 12.4, 1, -9550, 292.49)
skip(11, 300.29)
upgrade(5.2, 12.5, 1, -10450, 305.06)
upgrade(11.4, 12.3, 1, -11350, 307.86)
upgrade(11.4, 9.0, 1, -12250, 322.65)
place(13.8, 1.0, 3.2, "DJ Booth", -12250, 336.74)
upgrade(13.8, 3.2, 1, -12550, 339.45)
upgrade(13.8, 3.2, 1, -13800, 339.96)
place(14.3, 1.0, 7.6, "Hacker", -13800, 355.77)
place(14.2, 1.0, 11.0, "Hacker", -13800, 357.99)
upgrade(14.2, 11.0, 1, -13925, 359.25)
upgrade(14.3, 7.6, 1, -14050, 360.87)
upgrade(14.3, 7.6, 1, -15387, 361.30)
upgrade(14.2, 11.0, 1, -16724, 363.72)
upgrade(13.8, 3.2, 1, -19724, 398.67)
upgrade(3.3, 3.1, 1, -21574, 409.36)
upgrade(6.5, 2.9, 1, -23424, 422.67)
upgrade(9.7, 3.1, 1, -25274, 430.63)
skip(15, 436.39)
upgrade(9.9, 6.3, 1, -27124, 437.66)
upgrade(6.6, 6.0, 1, -28974, 444.70)
upgrade(3.5, 6.2, 1, -30824, 453.84)
ability(13.8, 3.2, "Drop The Beat", 463.53)
upgrade(5.0, 8.9, 1, -32901, 472.76)
upgrade(8.1, 9.2, 1, -34978, 475.41)
upgrade(11.4, 9.0, 1, -37055, 476.79)
skip(16, 479.04)
upgrade(11.4, 12.3, 1, -39132, 481.94)
upgrade(8.4, 12.4, 1, -41209, 507.36)
upgrade(5.2, 12.5, 1, -43286, 509.30)
upgrade(13.8, 3.2, 1, -51286, 531.67)
place(17.9, 1.0, 3.7, "Minigunner", -51286, 547.88)
place(17.7, 1.0, 7.6, "Minigunner", -51286, 552.45)
place(17.3, 1.0, 10.9, "Minigunner", -51286, 557.55)
place(5.8, 1.0, 15.6, "Minigunner", -51286, 568.97)
place(9.0, 1.0, 16.4, "Minigunner", -51286, 571.23)
place(11.4, 1.0, 18.9, "Minigunner", -51286, 576.15)
place(7.7, 1.0, 19.1, "Minigunner", -51286, 582.23)
place(3.7, 1.0, 17.8, "Minigunner", -51286, 594.65)
place(3.6, 1.0, -2.7, "Minigunner", -51286, 602.40)
place(6.8, 1.0, -2.7, "Minigunner", -51286, 607.45)
place(10.0, 1.0, -2.6, "Minigunner", -51286, 613.15)
place(13.3, 1.0, -2.6, "Minigunner", -51286, 618.31)
place(11.8, 1.0, -5.4, "Minigunner", -51286, 624.92)
place(15.5, 1.0, -5.6, "Minigunner", -51286, 628.92)
place(16.7, 1.0, -2.7, "Minigunner", -51286, 635.36)
place(20.1, 1.0, -2.7, "Minigunner", -51286, 656.13)
place(19.2, 1.0, -6.3, "Minigunner", -51286, 657.49)
upgrade(3.6, -2.7, 1, -51636, 662.39)
upgrade(6.8, -2.7, 1, -51986, 663.35)
upgrade(10.0, -2.6, 1, -52336, 665.09)
upgrade(11.8, -5.4, 1, -52686, 665.97)
upgrade(13.3, -2.6, 1, -53036, 666.73)
upgrade(16.7, -2.7, 1, -53386, 667.46)
upgrade(15.5, -5.6, 1, -53736, 672.72)
upgrade(19.2, -6.3, 1, -54086, 674.00)
upgrade(20.1, -2.7, 1, -54436, 674.78)
upgrade(5.8, 15.6, 1, -54786, 678.61)
upgrade(3.7, 17.8, 1, -55136, 679.54)
upgrade(7.7, 19.1, 1, -55486, 680.24)
upgrade(9.0, 16.4, 1, -55836, 680.91)
upgrade(9.0, 16.4, 1, -57336, 683.04)
upgrade(11.4, 18.9, 1, -57686, 683.88)
upgrade(11.4, 18.9, 1, -59186, 684.65)
upgrade(17.7, 7.6, 1, -59536, 685.83)
upgrade(17.7, 7.6, 1, -61036, 686.48)
upgrade(17.3, 10.9, 1, -61386, 688.54)
upgrade(17.9, 3.7, 1, -63236, 690.97)
upgrade(20.1, -2.7, 1, -66236, 693.51)
upgrade(19.2, -6.3, 1, -67736, 694.63)
upgrade(16.7, -2.7, 1, -69236, 701.18)
upgrade(15.5, -5.6, 1, -70736, 704.43)
upgrade(13.3, -2.6, 1, -72236, 706.29)
upgrade(11.8, -5.4, 1, -73736, 710.31)
upgrade(10.0, -2.6, 1, -75236, 712.83)
upgrade(6.8, -2.7, 1, -76736, 716.83)
upgrade(3.6, -2.7, 1, -78236, 718.81)
upgrade(3.7, 17.8, 1, -79736, 726.79)