place(12.092, 0.973, 24.074, "Ace Pilot", 600)
upgrade(12.092, 0.973, 24.074, 492)
upgrade(12.092, 0.973, 24.074, 770)
place(15.081, 0.977, 24.565, "Minigunner", 2148)
upgrade(15.081, 2.327, 24.565, 418)
upgrade(15.081, 2.327, 24.565, 2172)
place(3.679, 0.993, 45.085, "Farm", 943)
upgrade(3.679, 2.118, 45.085, 643)
upgrade(3.679, 2.118, 45.085, 743)
place(-0.005, 0.975, 44.980, "Farm", 393)
upgrade(-0.005, 2.100, 44.980, 1147)
upgrade(-0.005, 2.100, 44.980, 947)
place(-4.280, 0.961, 45.451, "Farm", 347)
upgrade(-4.280, 2.086, 45.451, 557)
upgrade(-4.280, 2.086, 45.451, 627)
place(7.989, 1.009, 45.196, "Farm", 401)
upgrade(7.989, 2.134, 45.196, 928)
upgrade(7.989, 2.134, 45.196, 1058)
upgrade(12.092, 0.973, 24.074, 1508)
place(13.884, 0.978, 27.437, "Minigunner", 2692)
upgrade(13.884, 2.328, 27.437, 892)
upgrade(13.884, 2.328, 27.437, 3494)
upgrade(12.092, 0.973, 24.074, 2524)
place(10.830, 0.974, 27.250, "Minigunner", 2845)
upgrade(10.830, 2.324, 27.250, 995)
upgrade(10.830, 2.324, 27.250, 1545)
place(8.008, 1.001, 41.493, "Farm", 295)
upgrade(8.008, 2.126, 41.493, 1568)
upgrade(8.008, 2.126, 41.493, 1372)
place(4.157, 0.986, 41.286, "Farm", 1897)
upgrade(4.157, 2.111, 41.286, 1597)
upgrade(4.157, 2.111, 41.286, 1397)
place(0.148, 0.970, 41.162, "Farm", 797)
upgrade(0.148, 2.095, 41.162, 822)
upgrade(0.148, 2.095, 41.162, 622)
place(-4.136, 0.964, 41.534, "Farm", 347)
upgrade(-4.136, 2.089, 41.534, 372)
upgrade(-4.136, 2.089, 41.534, 774)
upgrade(12.092, 0.973, 24.074, 9744)
upgrade(8.008, 2.126, 41.493, 4244)
upgrade(7.989, 2.134, 45.196, 2994)
upgrade(3.679, 2.118, 45.085, 1744)
upgrade(4.157, 2.111, 41.286, 2633)
place(12.305, 0.978, 29.990, "Minigunner", 5138)
upgrade(12.305, 2.328, 29.990, 3288)
upgrade(12.305, 2.328, 29.990, 2888)
place(7.717, 0.969, 27.025, "Commander", 2013)
upgrade(7.717, 2.669, 27.025, 1538)
place(8.912, 0.968, 23.285, "Ace Pilot", 3288)
upgrade(8.912, 0.968, 23.285, 2788)
upgrade(8.912, 0.968, 23.285, 3161)
upgrade(8.912, 0.968, 23.285, 5715)
upgrade(8.912, 0.968, 23.285, 4215)
upgrade(0.148, 2.095, 41.162, 4615)
upgrade(-0.005, 2.100, 44.980, 3365)
upgrade(-4.280, 2.086, 45.451, 2205)
upgrade(-4.136, 2.089, 41.534, 1315)
upgrade(12.305, 2.328, 29.990, 7749)
upgrade(10.830, 2.324, 27.250, 7299)
upgrade(13.884, 2.328, 27.437, 10423)
upgrade(15.081, 2.327, 24.565, 11408)
upgrade(8.912, 0.968, 23.285, 11308)
upgrade(7.717, 2.669, 27.025, 3483)
CommanderAbility(7.717, 2.669, 27.025, 1683)
place(9.102, 0.973, 29.849, "Minigunner", 6993)
upgrade(9.102, 2.323, 29.849, 5143)
upgrade(9.102, 2.323, 29.849, 7545)
upgrade(9.102, 2.323, 29.849, 7165)
place(6.016, 0.969, 29.672, "Commander", 4515)
upgrade(6.016, 2.669, 29.672, 4040)
upgrade(6.016, 2.669, 29.672, 4540)
place(10.619, 0.978, 32.559, "Commander", 2990)
upgrade(10.619, 2.678, 32.559, 3240)
upgrade(10.619, 2.678, 32.559, 4640)
CommanderAbility(10.619, 2.678, 32.559, 2640)
place(15.359, 0.982, 30.149, "Minigunner", 12990)
upgrade(15.359, 2.332, 30.149, 11230)
upgrade(15.359, 2.332, 30.149, 10920)
upgrade(15.359, 2.332, 30.149, 9510)
CommanderAbility(7.717, 2.669, 27.025, 2690)
CommanderAbility(10.619, 2.678, 32.559, 11379)
place(16.866, 0.982, 27.026, "Minigunner", 14461)
upgrade(16.866, 2.332, 27.026, 13839)
upgrade(16.866, 2.332, 27.026, 13439)
upgrade(16.866, 2.332, 27.026, 15939)
CommanderAbility(6.016, 2.669, 29.672, 8939)
place(12.494, 4.075, 8.461, "Ranger", 14071)
upgrade(12.494, 5.425, 8.461, 11571)
upgrade(12.494, 5.425, 8.461, 10071)
place(9.073, 4.228, 7.929, "Ranger", 12309)
upgrade(9.073, 5.578, 7.929, 7809)
upgrade(9.073, 5.578, 7.929, 10388)
place(11.009, 4.451, 5.426, "Ranger", 4899)
CommanderAbility(7.717, 2.669, 27.025, 1548)
CommanderAbility(6.016, 2.669, 29.672, 7729)
upgrade(11.009, 5.801, 5.426, 9185)
upgrade(11.009, 5.801, 5.426, 7685)
place(14.167, 4.441, 5.959, "Ranger", 5185)
CommanderAbility(10.619, 2.678, 32.559, 685)
upgrade(14.167, 5.791, 5.959, 3685)
upgrade(14.167, 5.791, 5.959, 5526)
place(6.089, 4.473, 6.907, "Ranger", 5362)
CommanderAbility(7.717, 2.669, 27.025, 3512)
upgrade(6.089, 5.823, 6.907, 12212)
upgrade(6.089, 5.823, 6.907, 12674)
place(7.985, 4.519, 4.195, "Ranger", 7212)
upgrade(7.985, 5.869, 4.195, 4178)
CommanderAbility(6.016, 2.669, 29.672, 2712)
upgrade(7.985, 5.869, 4.195, 6587)
place(3.242, 4.882, 5.612, "Ranger", 8220)
upgrade(3.242, 6.232, 5.612, 4462)
upgrade(3.242, 6.232, 5.612, 8439)
place(4.876, 4.587, 2.725, "Ranger", 8329)
upgrade(4.876, 5.937, 2.725, 3829)
CommanderAbility(7.717, 2.669, 27.025, 4329)
upgrade(4.876, 5.937, 2.725, 8939)
CommanderAbility(6.016, 2.669, 29.672, 8777)
upgrade(12.494, 5.425, 8.461, 31335)
CommanderAbility(7.717, 2.669, 27.025, 15585)
upgrade(14.167, 5.791, 5.959, 17085)
place(9.550, 0.967, -0.619, "Minigunner", 13135)
upgrade(9.550, 2.317, -0.619, 11285)
upgrade(9.550, 2.317, -0.619, 10885)
upgrade(9.550, 2.317, -0.619, 10885)
place(-15.417, 0.953, 5.277, "Minigunner", 8185)
upgrade(-15.417, 2.303, 5.277, 6335)
upgrade(-15.417, 2.303, 5.277, 5935)
CommanderAbility(7.717, 2.669, 27.025, 17077)
upgrade(15.081, 2.327, 24.565, 17085)
CommanderAbility(10.619, 2.678, 32.559, 10745)
upgrade(16.866, 2.332, 27.026, 15645)
CommanderAbility(6.016, 2.669, 29.672, 9116)
upgrade(13.884, 2.328, 27.437, 16320)
CommanderAbility(7.717, 2.669, 27.025, 1570)
upgrade(15.359, 2.332, 30.149, 16136)
CommanderAbility(10.619, 2.678, 32.559, 6136)
upgrade(12.305, 2.328, 29.990, 18136)
CommanderAbility(7.717, 2.669, 27.025, 2636)
CommanderAbility(6.016, 2.669, 29.672, 15836)
upgrade(10.830, 2.324, 27.250, 17836)
CommanderAbility(10.619, 2.678, 32.559, 13586)
upgrade(9.102, 2.323, 29.849, 17086)
place(10.423, 0.968, 20.125, "Ace Pilot", 16336)
upgrade(10.422, 0.967, 20.125, 15836)
upgrade(10.422, 0.967, 20.125, 15611)
upgrade(10.422, 0.967, 20.125, 14986)
upgrade(10.422, 0.967, 20.125, 17510)
upgrade(10.422, 0.967, 20.125, 16619)
CommanderAbility(7.717, 2.669, 27.025, 11119)
place(6.017, 0.965, 24.451, "Minigunner", 20281)
upgrade(6.017, 2.315, 24.451, 20728)
upgrade(6.017, 2.315, 24.451, 22131)
upgrade(6.017, 2.315, 24.451, 21860)
CommanderAbility(6.016, 2.669, 29.672, 15481)
upgrade(6.017, 2.315, 24.451, 24231)
place(7.299, 0.973, 32.617, "Minigunner", 18657)
upgrade(7.299, 2.323, 32.617, 18781)
upgrade(7.299, 2.323, 32.617, 18381)
upgrade(7.299, 2.323, 32.617, 16881)
CommanderAbility(10.619, 2.678, 32.559, 9881)
upgrade(7.299, 2.323, 32.617, 18631)
place(6.452, 0.963, 21.004, "Minigunner", 12631)
upgrade(6.452, 2.313, 21.004, 11906)
upgrade(6.452, 2.313, 21.004, 11506)
upgrade(6.452, 2.313, 21.004, 10006)
CommanderAbility(7.717, 2.669, 27.025, 3006)
upgrade(6.452, 2.313, 21.004, 18256)
place(13.728, 0.982, 32.840, "Minigunner", 22572)
upgrade(13.728, 2.332, 32.840, 20722)
upgrade(13.728, 2.332, 32.840, 20322)
CommanderAbility(10.619, 2.678, 32.559, 18822)
upgrade(13.728, 2.332, 32.840, 27572)
upgrade(13.728, 2.332, 32.840, 20572)
place(18.316, 0.982, 24.287, "Minigunner", 16522)
upgrade(18.316, 2.332, 24.287, 16472)
upgrade(18.316, 2.332, 24.287, 16972)
upgrade(18.316, 2.332, 24.287, 16997)
CommanderAbility(7.717, 2.669, 27.025, 13322)
upgrade(18.316, 2.332, 24.287, 16964)
place(3.867, 0.964, 26.800, "Minigunner", 9049)
upgrade(3.867, 2.314, 26.800, 7222)
upgrade(3.867, 2.314, 26.800, 9822)
upgrade(3.867, 2.314, 26.800, 8322)
CommanderAbility(6.016, 2.669, 29.672, 1322)
CommanderAbility(10.619, 2.678, 32.559, 17322)
upgrade(3.867, 2.314, 26.800, 20309)
place(8.435, 0.925, 10.107, "Ace Pilot", 17822)
upgrade(8.435, 0.925, 10.108, 17322)
upgrade(8.435, 0.925, 10.108, 17099)
upgrade(8.435, 0.925, 10.108, 16478)
upgrade(8.435, 0.925, 10.108, 15002)
upgrade(8.435, 0.925, 10.108, 12472)
place(16.864, 0.986, 32.876, "Minigunner", 16167)
upgrade(16.864, 2.336, 32.876, 15717)
upgrade(16.864, 2.336, 32.876, 16717)
upgrade(16.864, 2.336, 32.876, 17078)
CommanderAbility(7.717, 2.669, 27.025, 11479)
upgrade(16.864, 2.336, 32.876, 15979)
CommanderAbility(10.619, 2.678, 32.559, 7954)
upgrade(7.717, 2.669, 27.025, 15754)
upgrade(7.717, 2.669, 27.025, 21304)
CommanderAbility(6.016, 2.669, 29.672, 11552)
upgrade(10.619, 2.678, 32.559, 15177)
upgrade(10.619, 2.678, 32.559, 21304)
upgrade(6.016, 2.669, 29.672, 14772)
CommanderAbility(7.717, 2.669, 27.025, 19804)
upgrade(6.016, 2.669, 29.672, 19804)
SupportCaravanAbility(7.717, 2.669, 27.025, 11804)
SupportCaravanAbility(6.016, 2.669, 29.672, 9837)
SupportCaravanAbility(10.619, 2.678, 32.559, 7812)
SupportCaravanAbility(7.717, 2.669, 27.025, 5847)
CommanderAbility(10.619, 2.678, 32.559, 32804)
place(3.641, 0.960, 22.546, "Minigunner", 45454)
upgrade(3.641, 2.310, 22.546, 43604)
upgrade(3.641, 2.310, 22.546, 43208)
upgrade(3.641, 2.310, 22.546, 41905)
upgrade(3.641, 2.310, 22.546, 34777)
upgrade(3.641, 2.310, 22.546, 20137)
upgrade(11.009, 5.801, 5.426, 25417)
CommanderAbility(6.016, 2.669, 29.672, 13667)
upgrade(9.073, 5.578, 7.929, 22417)
CommanderAbility(7.717, 2.669, 27.025, 18117)
upgrade(6.089, 5.823, 6.907, 26867)
upgrade(7.985, 5.869, 4.195, 21267)
SetTarget(7.985, 5.869, 4.195, "Last")
SetTarget(7.985, 5.869, 4.195, "Strongest")
CommanderAbility(10.619, 2.678, 32.559, 26017)
upgrade(4.876, 5.937, 2.725, 36317)
upgrade(4.876, 5.937, 2.725, 35567)
upgrade(3.242, 6.232, 5.612, 25454)
CommanderAbility(6.016, 2.669, 29.672, 17317)
upgrade(3.242, 6.232, 5.612, 30739)
CommanderAbility(7.717, 2.669, 27.025, 11057)
upgrade(6.089, 5.823, 6.907, 32817)
CommanderAbility(10.619, 2.678, 32.559, 15817)
upgrade(7.985, 5.869, 4.195, 31817)
upgrade(9.073, 5.578, 7.929, 28393)
sell(-4.136, 2.089, 41.534)
sell(-4.280, 2.086, 45.451)
sell(-0.005, 2.100, 44.980)
sell(0.148, 2.095, 41.162)
sell(4.157, 2.111, 41.286)
sell(3.679, 2.118, 45.085)
sell(7.989, 2.134, 45.196)
sell(8.008, 2.126, 41.493)
CommanderAbility(7.717, 2.669, 27.025, 30487)
SupportCaravanAbility(7.717, 2.669, 27.025, 30487)
SupportCaravanAbility(6.016, 2.669, 29.672, 35239)
SupportCaravanAbility(10.619, 2.678, 32.559, 34041)
upgrade(11.009, 5.801, 5.426, 36888)
upgrade(12.494, 5.425, 8.461, 32712)
CommanderAbility(6.016, 2.669, 29.672, 10504)
CommanderAbility(10.619, 2.678, 32.559, 38362)
upgrade(14.167, 5.791, 5.959, 41353)
place(3.840, 0.958, 19.382, "Minigunner", 42077)
upgrade(3.840, 2.308, 19.382, 41012)
upgrade(3.840, 2.308, 19.382, 40626)
upgrade(3.840, 2.308, 19.382, 39132)
upgrade(3.840, 2.308, 19.382, 32520)
upgrade(3.840, 2.308, 19.382, 19689)
CommanderAbility(7.717, 2.669, 27.025, 22611)
place(3.936, 0.968, 31.973, "Minigunner", 22901)
upgrade(3.936, 2.318, 31.973, 32254)
upgrade(3.936, 2.318, 31.973, 31878)
upgrade(3.936, 2.318, 31.973, 30434)
upgrade(3.936, 2.318, 31.973, 23483)
CommanderAbility(6.016, 2.669, 29.672, 45641)
place(6.537, 0.905, 13.530, "Minigunner", 88362)
upgrade(6.537, 2.255, 13.530, 91512)
upgrade(6.537, 2.255, 13.530, 91940)
upgrade(6.537, 2.255, 13.530, 92115)
upgrade(6.537, 2.255, 13.530, 86143)
upgrade(6.537, 2.255, 13.530, 70735)
CommanderAbility(6.016, 2.669, 29.672, 72110)
place(9.773, 0.920, 13.514, "Minigunner", 74611)
upgrade(9.773, 2.270, 13.514, 75262)
upgrade(9.773, 2.270, 13.514, 74874)
upgrade(9.773, 2.270, 13.514, 75850)
upgrade(9.773, 2.270, 13.514, 69523)
upgrade(9.773, 2.270, 13.514, 53664)
place(13.155, 0.935, 13.790, "Minigunner", 58305)
upgrade(13.155, 2.285, 13.790, 59011)
upgrade(13.155, 2.285, 13.790, 59395)
upgrade(13.155, 2.285, 13.790, 59633)
upgrade(13.155, 2.285, 13.790, 55242)
place(3.345, 0.922, 13.036, "Minigunner", 46643)
upgrade(3.345, 2.272, 13.036, 50243)
upgrade(3.345, 2.272, 13.036, 49869)
upgrade(3.345, 2.272, 13.036, 58889)
upgrade(3.345, 2.272, 13.036, 53996)
upgrade(3.345, 2.272, 13.036, 40256)
SupportCaravanAbility(7.717, 2.669, 27.025, 60862)
SupportCaravanAbility(6.016, 2.669, 29.672, 58889)
SupportCaravanAbility(10.619, 2.678, 32.559, 56913)
SupportCaravanAbility(7.717, 2.669, 27.025, 54931)
CommanderAbility(10.619, 2.678, 32.559, 54862)
place(14.463, 0.951, 10.990, "Minigunner", 54862)
upgrade(14.463, 2.301, 10.990, 53012)
upgrade(14.463, 2.301, 10.990, 52624)
upgrade(14.463, 2.301, 10.990, 51127)
upgrade(14.463, 2.301, 10.990, 44446)
upgrade(14.463, 2.301, 10.990, 28911)
place(16.283, 0.951, 13.563, "Minigunner", 31037)
upgrade(16.283, 2.301, 13.563, 36756)
upgrade(16.283, 2.301, 13.563, 36375)
upgrade(16.283, 2.301, 13.563, 34870)
upgrade(16.283, 2.301, 13.563, 29433)
upgrade(16.283, 2.301, 13.563, 12783)
CommanderAbility(7.717, 2.669, 27.025, 12362)
CommanderAbility(6.016, 2.669, 29.672, 12362)
CommanderAbility(10.619, 2.678, 32.559, 17362)