-- ZEPHYR_META: {"authorId":"1525067561270513724","authorTag":"gigua1234","category":"community","official":false,"createdAt":"2026-08-31T18:22:20.616Z","updatedAt":"2026-08-31T18:22:20.616Z"}
place(-12.6, 1.0, -1.5, "Pyromancer", -2925, 20.87)
upgrade(-12.6, -1.5, 1, -3250, 37.12)
upgrade(-12.6, -1.5, 1, -4250, 56.30)
place(-2.3, 1.0, -3.3, "Crook Boss", -4250, 108.27)
upgrade(-2.3, -3.3, 1, -5850, 128.07)
place(-18.3, 1.0, -2.2, "Shotgunner", -5850, 152.57)
place(-18.3, 1.0, -4.3, "Shotgunner", -5850, 173.84)
upgrade(-18.3, -4.3, 1, -6600, 178.53)
sell(-18.3, -4.3, 193.55)
sell(-18.3, -2.2, 195.48)
upgrade(-2.3, -3.3, 1, -9800, 196.77)
place(-18.2, 1.0, -2.3, "Shotgunner", -9800, 230.05)
place(-18.2, 1.0, -4.6, "Shotgunner", -9800, 232.31)
upgrade(-18.2, -4.6, 1, -10550, 235.30)
place(-8.3, 1.0, -2.7, "Minigunner", -10550, 266.84)
upgrade(-8.3, -2.7, 1, -10900, 268.60)
place(-8.4, 1.0, 0.4, "Minigunner", -10900, 272.58)
upgrade(-8.4, 0.4, 1, -11250, 274.52)
place(0.8, 1.0, -3.3, "Crook Boss", -11250, 294.29)
upgrade(0.8, -3.3, 1, -12850, 295.94)
upgrade(0.8, -3.3, 1, -16050, 315.30)
upgrade(-18.2, -4.6, 1, -17550, 326.87)
upgrade(-18.2, -2.3, 1, -18300, 343.35)
place(-18.2, 1.0, -6.8, "Shotgunner", -19800, 349.99)
upgrade(-18.2, -6.8, 1, -20550, 351.73)
upgrade(-18.2, -6.8, 1, -22050, 360.96)
place(-24.0, 1.0, -6.4, "Shotgunner", -22050, 363.86)
upgrade(-24.0, -6.4, 1, -22800, 365.88)
upgrade(-24.0, -6.4, 1, -24300, 369.52)
place(-24.1, 1.0, -4.3, "Shotgunner", -24300, 380.31)
upgrade(-24.1, -4.3, 1, -25050, 381.95)
place(-24.1, 1.0, -1.8, "Shotgunner", -26550, 394.17)
upgrade(-24.1, -1.8, 1, -27300, 395.77)
place(-11.5, 1.0, 1.3, "Minigunner", -28800, 407.67)
upgrade(-11.5, 1.3, 1, -29150, 409.35)
upgrade(-8.4, 0.4, 1, -32150, 413.68)
upgrade(-8.3, -2.7, 1, -33650, 426.04)
upgrade(-12.6, -1.5, 1, -35650, 440.84)