place(7.703, 1.037, -31.489, "Scout", 678)
place(6.918, 1.037, -34.466, "Scout", 436)
place(10.578, 1.037, -30.315, "Scout", 659)
place(7.640, 1.037, -24.610, "Scout", 979)
place(4.484, 1.037, -24.676, "Scout", 759)
place(1.294, 1.037, -24.905, "Scout", 1200)
place(-0.569, 1.037, -27.572, "Scout", 1747)
place(13.183, 1.037, -28.772, "Commander", 1567)
upgrade(13.183, 2.393, -28.772, 1019)
place(-1.236, 1.037, -30.804, "Scout", 1538)
place(-1.490, 1.037, -33.796, "Scout", 1428)
upgrade(-1.490, 2.387, -33.796, 2169)
upgrade(-1.490, 2.387, -33.796, 2019)
upgrade(1.294, 2.387, -24.905, 1439)
upgrade(1.294, 2.387, -24.905, 1299)
upgrade(-0.569, 2.387, -27.572, 809)
upgrade(-0.569, 2.387, -27.572, 694)
upgrade(-1.236, 2.387, -30.804, 1008)
upgrade(-1.236, 2.387, -30.804, 1134)
upgrade(4.484, 2.387, -24.676, 604)
upgrade(4.484, 2.387, -24.676, 624)
upgrade(7.640, 2.387, -24.610, 1233)
upgrade(7.640, 2.387, -24.610, 519)
upgrade(10.578, 2.387, -30.315, 776)
upgrade(10.578, 2.387, -30.315, 1565)
upgrade(7.703, 2.387, -31.489, 1328)
upgrade(7.703, 2.387, -31.489, 1178)
upgrade(6.918, 2.387, -34.466, 648)
upgrade(6.918, 2.387, -34.466, 998)
upgrade(13.183, 2.393, -28.772, 2682)
CommanderAbility(13.183, 2.393, -28.772, 372)
place(5.416, 1.000, -37.209, "Scout", 2224)
upgrade(5.416, 2.350, -37.209, 2274)
upgrade(5.416, 2.350, -37.209, 2125)
place(4.620, 1.037, -31.828, "Scout", 3416)
upgrade(4.620, 2.387, -31.828, 3366)
upgrade(4.620, 2.387, -31.828, 2709)
upgrade(4.620, 2.387, -31.828, 2616)
place(6.925, 1.037, -21.599, "Scout", 1825)
upgrade(6.925, 2.387, -21.599, 1875)
upgrade(6.925, 2.387, -21.599, 1243)
place(13.471, 1.037, -25.664, "Scout", 1425)
upgrade(13.471, 2.387, -25.664, 1625)
upgrade(13.471, 2.387, -25.664, 1803)
place(16.459, 1.037, -24.514, "Scout", 3015)
upgrade(16.459, 2.387, -24.514, 3565)
upgrade(16.459, 2.387, -24.514, 3465)
CommanderAbility(13.183, 2.393, -28.772, 3915)
CommanderAbility(13.183, 2.393, -28.772, 3915)
CommanderAbility(13.183, 2.393, -28.772, 3915)
CommanderAbility(13.183, 2.393, -28.772, 3915)
place(12.767, 1.037, -19.206, "Scout", 5415)
upgrade(12.767, 2.387, -19.206, 6292)
upgrade(12.767, 2.387, -19.206, 6515)
upgrade(12.767, 2.387, -19.206, 5915)
upgrade(12.767, 2.387, -19.206, 5085)
place(9.320, 1.037, -19.020, "Scout", 3291)
upgrade(9.320, 2.387, -19.020, 3198)
upgrade(9.320, 2.387, -19.020, 3548)
upgrade(9.320, 2.387, -19.020, 3273)
CommanderAbility(13.183, 2.393, -28.772, 4025)
CommanderAbility(13.183, 2.393, -28.772, 4025)
upgrade(13.183, 2.393, -28.772, 4675)
upgrade(13.183, 2.393, -28.772, 498)
place(10.900, 1.037, -33.426, "Scout", 5862)
upgrade(10.900, 2.387, -33.426, 6368)
upgrade(10.900, 2.387, -33.426, 6219)
upgrade(10.900, 2.387, -33.426, 3808)
upgrade(10.900, 2.387, -33.426, 3837)
place(13.748, 1.037, -31.880, "Scout", 2444)
upgrade(13.748, 2.387, -31.880, 3694)
upgrade(13.748, 2.387, -31.880, 3544)
upgrade(13.748, 2.387, -31.880, 2944)
place(16.203, 1.037, -29.861, "Scout", 3431)
upgrade(16.203, 2.387, -29.861, 3690)
upgrade(16.203, 2.387, -29.861, 3540)
upgrade(16.203, 2.387, -29.861, 3265)
upgrade(16.203, 2.387, -29.861, 3547)
place(18.626, 1.037, -27.461, "Scout", 5502)
upgrade(18.626, 2.387, -27.461, 6652)
upgrade(18.626, 2.387, -27.461, 6901)
upgrade(18.626, 2.387, -27.461, 6303)
upgrade(18.626, 2.387, -27.461, 4054)
upgrade(18.626, 2.387, -27.461, 655)
upgrade(18.626, 2.387, -27.461, 1052)
upgrade(18.626, 2.387, -27.461, 1052)
upgrade(18.626, 2.387, -27.461, 1052)
upgrade(18.626, 2.387, -27.461, 1052)
upgrade(18.626, 2.387, -27.461, 1052)
upgrade(18.626, 2.387, -27.461, 1052)
place(12.569, 1.037, -16.082, "Scout", 6218)
upgrade(12.569, 2.387, -16.082, 5823)
upgrade(12.569, 2.387, -16.082, 5248)
upgrade(12.569, 2.387, -16.082, 5218)
upgrade(12.569, 2.387, -16.082, 3031)
upgrade(12.569, 2.387, -16.082, 2968)
upgrade(12.569, 2.387, -16.082, 2968)
place(9.414, 1.037, -15.704, "Scout", 5268)
upgrade(9.414, 2.387, -15.704, 5775)
upgrade(9.414, 2.387, -15.704, 5625)
upgrade(9.414, 2.387, -15.704, 4196)
upgrade(9.414, 2.387, -15.704, 4175)
upgrade(9.414, 2.387, -15.704, 790)
upgrade(9.414, 2.387, -15.704, 775)
upgrade(9.414, 2.387, -15.704, 1174)
upgrade(9.414, 2.387, -15.704, 1175)
upgrade(12.569, 2.387, -16.082, 4552)
place(6.194, 1.037, -15.505, "Scout", 2152)
upgrade(6.194, 2.387, -15.505, 4052)
upgrade(6.194, 2.387, -15.505, 3902)
upgrade(6.194, 2.387, -15.505, 3302)
upgrade(6.194, 2.387, -15.505, 3852)
place(12.124, 1.037, -12.847, "Scout", 5443)
upgrade(12.124, 2.387, -12.847, 5749)
upgrade(12.124, 2.387, -12.847, 5740)
upgrade(12.124, 2.387, -12.847, 3014)
upgrade(12.124, 2.387, -12.847, 2897)
upgrade(12.124, 2.387, -12.847, 2889)
upgrade(12.124, 2.387, -12.847, 3284)
upgrade(12.124, 2.387, -12.847, 3289)
upgrade(12.124, 2.387, -12.847, 3289)
upgrade(12.124, 2.387, -12.847, 3289)
upgrade(12.124, 2.387, -12.847, 3289)
upgrade(12.124, 2.387, -12.847, 3289)
upgrade(12.124, 2.387, -12.847, 3289)
place(18.853, 1.037, -22.490, "Scout", 7689)
upgrade(18.853, 2.387, -22.490, 8139)
upgrade(18.853, 2.387, -22.490, 7995)
upgrade(18.853, 2.387, -22.490, 7436)
upgrade(18.853, 2.387, -22.490, 5139)
upgrade(18.853, 2.387, -22.490, 1744)
upgrade(18.853, 2.387, -22.490, 3182)
upgrade(18.853, 2.387, -22.490, 3238)
upgrade(18.853, 2.387, -22.490, 3239)
upgrade(18.853, 2.387, -22.490, 3239)
upgrade(18.853, 2.387, -22.490, 3239)
upgrade(18.853, 2.387, -22.490, 3239)
CommanderAbility(13.183, 2.393, -28.772, 11512)
upgrade(13.183, 2.393, -28.772, 15171)
upgrade(-1.490, 2.387, -33.796, 6653)
upgrade(-1.490, 2.387, -33.796, 4403)
sell(-1.490, 2.387, -33.796)
sell(10.578, 2.387, -30.315)
sell(7.703, 2.387, -31.489)
sell(6.918, 2.387, -34.466)