-- ZEPHYR_META: {"authorId":"1144917343407964202","authorTag":"axentis06","category":"community","official":false,"createdAt":"2026-10-05T13:34:54.742Z","updatedAt":"2026-10-05T14:59:45.773Z"}
place(-12.4, 1.0, -13.0, "Freezer", 0, 1.47)
upgrade(-12.4, -13.0, 1, -300, 13.44)
upgrade(-12.4, -13.0, 1, -750, 28.17)
place(-24.6, 1.0, -5.9, "Shotgunner", -750, 61.39)
upgrade(-24.6, -5.9, 1, -1500, 75.74)
upgrade(-24.6, -5.9, 1, -3000, 89.00)
place(-24.6, 1.0, -3.6, "Shotgunner", -3000, 109.84)
upgrade(-24.6, -3.6, 1, -3750, 113.87)
upgrade(-24.6, -3.6, 1, -5250, 134.30)
place(-9.9, 1.0, -9.4, "DJ Booth", -5250, 149.79)
place(-12.0, 1.0, -3.2, "Shotgunner", -5250, 162.44)
upgrade(-12.0, -3.2, 1, -6000, 163.88)
upgrade(-12.0, -3.2, 1, -7500, 183.17)
place(-12.1, 1.0, -0.8, "Shotgunner", -7500, 196.18)
upgrade(-12.1, -0.8, 1, -8250, 197.85)
upgrade(-12.1, -0.8, 1, -9750, 198.40)
place(-9.6, 1.0, -3.2, "Shotgunner", -9750, 208.17)
upgrade(-9.6, -3.2, 1, -10500, 209.54)
upgrade(-9.6, -3.2, 1, -12000, 221.82)
place(-9.7, 1.0, -0.8, "Shotgunner", -12000, 227.72)
upgrade(-9.7, -0.8, 1, -12750, 228.95)
upgrade(-9.7, -0.8, 1, -14250, 239.52)
place(-7.2, 1.0, -3.2, "Shotgunner", -14250, 257.08)
upgrade(-7.2, -3.2, 1, -15000, 261.67)
upgrade(-7.2, -3.2, 1, -16500, 262.26)
place(-12.3, 1.0, 1.8, "Shotgunner", -16500, 274.90)
upgrade(-12.3, 1.8, 1, -17250, 276.90)
upgrade(-12.3, 1.8, 1, -18750, 277.30)
place(-14.4, 1.0, -10.0, "Shotgunner", -18750, 289.60)
upgrade(-14.4, -10.0, 1, -19500, 290.83)
option(-9.9, -9.4, "Track", "Green", 302.97)
upgrade(-9.9, -9.4, 1, -21300, 303.41)
upgrade(-9.9, -9.4, 1, -22550, 303.85)
upgrade(-9.9, -9.4, 1, -25550, 304.58)
upgrade(-24.6, -5.9, 1, -31400, 315.38)
target(-24.6, -5.9, "Last", 330.97)
target(-24.6, -5.9, "Strongest", 331.16)
target(-24.6, -3.6, "Last", 334.38)
target(-24.6, -3.6, "Strongest", 334.63)
upgrade(-24.6, -5.9, 1, -48299, 359.46)
upgrade(-24.6, -3.6, 1, -54799, 377.49)
upgrade(-24.6, -3.6, 1, -73576, 403.63)
upgrade(-14.4, -10.0, 1, -79426, 420.79)
upgrade(-14.4, -10.0, 1, -96325, 440.76)
upgrade(-12.0, -3.2, 1, -102175, 443.94)
upgrade(-12.0, -3.2, 1, -119074, 474.33)
skip(25, 477.90)
upgrade(-12.1, -0.8, 1, -124924, 488.82)
upgrade(-12.1, -0.8, 1, -141823, 501.59)
upgrade(-12.3, 1.8, 1, -147673, 515.56)
upgrade(-12.3, 1.8, 1, -164572, 521.29)
upgrade(-9.6, -3.2, 1, -170422, 525.17)
upgrade(-9.6, -3.2, 1, -187321, 536.11)
upgrade(-9.7, -0.8, 1, -193171, 546.26)
upgrade(-9.7, -0.8, 1, -210070, 549.28)
upgrade(-7.2, -3.2, 1, -215920, 564.94)
upgrade(-7.2, -3.2, 1, -232819, 568.18)
upgrade(-9.9, -9.4, 1, -240819, 574.02)
upgrade(-9.9, -9.4, 1, -260819, 580.44)
option(-9.9, -9.4, "Track", "Red", 582.97)
upgrade(-12.4, -13.0, 1, -262434, 587.48)
upgrade(-12.4, -13.0, 1, -266709, 588.61)
place(-5.5, 1.0, -9.9, "Crook Boss", -266709, 606.21)
upgrade(-5.5, -9.9, 1, -268134, 607.87)
upgrade(-5.5, -9.9, 1, -270746, 608.34)
upgrade(-5.5, -9.9, 1, -329171, 627.57)
place(-2.1, 1.0, -10.0, "Crook Boss", -329171, 636.68)
upgrade(-2.1, -10.0, 1, -330596, 638.40)
upgrade(-2.1, -10.0, 1, -333208, 638.91)
upgrade(-2.1, -10.0, 1, -346508, 644.04)
upgrade(-2.1, -10.0, 1, -391633, 665.32)
place(-3.4, 1.0, -13.4, "Crook Boss", -391633, 687.09)
upgrade(-3.4, -13.4, 1, -393058, 689.74)
upgrade(-3.4, -13.4, 1, -395670, 690.00)
upgrade(-3.4, -13.4, 1, -454095, 696.30)
place(-4.1, 1.0, -3.3, "Crook Boss", -454095, 709.56)
upgrade(-4.1, -3.3, 1, -455520, 711.25)
upgrade(-4.1, -3.3, 1, -471432, 712.01)
upgrade(-4.1, -3.3, 1, -516557, 730.61)
place(-0.2, 1.0, -3.4, "Crook Boss", -516557, 740.22)
upgrade(-0.2, -3.4, 1, -517982, 741.85)
upgrade(-0.2, -3.4, 1, -533894, 742.37)
upgrade(-0.2, -3.4, 1, -579019, 750.21)
place(3.9, 1.0, -3.5, "Turret", -579019, 775.58)
upgrade(3.9, -3.5, 1, -582581, 778.42)
upgrade(3.9, -3.5, 1, -608706, 778.81)
place(-1.6, 1.0, 3.2, "Turret", -608706, 783.43)
upgrade(-1.6, 3.2, 1, -612268, 785.05)
place(3.1, 1.0, 2.9, "Turret", -626518, 802.31)
upgrade(3.1, 2.9, 1, -630080, 804.80)
upgrade(3.1, 2.9, 1, -656205, 805.30)
upgrade(3.9, -3.5, 1, -689455, 807.58)
upgrade(3.9, -3.5, 1, -751205, 808.10)
upgrade(-1.6, 3.2, 1, -784455, 818.14)
upgrade(-1.6, 3.2, 1, -846205, 831.80)
upgrade(3.1, 2.9, 1, -879455, 835.53)
upgrade(3.1, 2.9, 1, -941205, 842.31)
place(-9.4, 1.0, 2.5, "Freezer", -941205, 850.10)
upgrade(-9.4, 2.5, 1, -941490, 853.05)
upgrade(-9.4, 2.5, 1, -943959, 853.58)
place(6.4, 1.0, -10.2, "Freezer", -943959, 858.52)
upgrade(6.4, -10.2, 1, -944244, 860.03)
upgrade(6.4, -10.2, 1, -946286, 860.43)
upgrade(6.4, -10.2, 1, -952176, 860.73)
place(10.0, 1.0, -10.2, "Freezer", -947901, 866.19)
upgrade(10.0, -10.2, 1, -948201, 869.00)
upgrade(10.0, -10.2, 1, -950801, 869.42)
upgrade(10.0, -10.2, 1, -959801, 869.77)