place(5.9, 1.0, -31.6, "Scout", 0, 0.65)
place(6.6, 1.0, -35.3, "Scout", 0, 1.61)
place(8.9, 1.0, -30.9, "Scout", 0, 9.90)
place(8.5, 1.0, -30.0, "Scout", 0, 12.32)
place(11.6, 1.0, -30.5, "Scout", 0, 21.27)
upgrade(6.6, -35.3, 1, -150, 24.83)
upgrade(8.5, -30.0, 1, -300, 26.53)
upgrade(5.9, -31.6, 1, -450, 27.56)
upgrade(11.6, -30.5, 1, -600, 35.05)
upgrade(6.6, -35.3, 1, -1200, 41.37)
upgrade(5.9, -31.6, 1, -1800, 46.03)
upgrade(8.5, -30.0, 1, -2400, 59.23)
upgrade(11.6, -30.5, 1, -3000, 71.69)
upgrade(5.9, -31.6, 1, -5250, 101.34)
upgrade(8.5, -30.0, 1, -7500, 127.80)
upgrade(6.6, -35.3, 1, -9750, 144.60)
upgrade(11.6, -30.5, 1, -12000, 162.72)
place(12.0, 1.0, -33.5, "Commander", -12000, 169.07)
upgrade(12.0, -33.5, 1, -12400, 176.34)
upgrade(12.0, -33.5, 1, -14850, 195.18)
ability(12.0, -33.5, "Call Of Arms", 204.55)
place(13.6, 1.0, -27.0, "Scout", -14850, 218.32)
upgrade(13.6, -27.0, 1, -15000, 219.08)
upgrade(13.6, -27.0, 1, -15600, 219.25)
upgrade(13.6, -27.0, 1, -17850, 219.43)
place(6.9, 1.0, -24.4, "Scout", -17850, 236.99)
upgrade(6.9, -24.4, 1, -18000, 237.63)
upgrade(6.9, -24.4, 1, -18600, 237.83)
upgrade(6.9, -24.4, 1, -20850, 237.97)
place(7.7, 1.0, -21.2, "Scout", -20850, 239.77)
upgrade(7.7, -21.2, 1, -21000, 240.27)
place(9.3, 1.0, -18.4, "Scout", -21000, 241.61)
ability(12.0, -33.5, "Call Of Arms", 242.45)
upgrade(7.7, -21.2, 1, -21600, 249.46)
upgrade(9.3, -18.4, 1, -21750, 249.79)
upgrade(9.3, -18.4, 1, -22350, 249.97)
upgrade(6.6, -35.3, 1, -25750, 255.98)
place(3.9, 1.0, -25.1, "Commander", -25750, 270.36)
upgrade(3.9, -25.1, 1, -26150, 270.94)
upgrade(3.9, -25.1, 1, -28600, 278.57)
upgrade(9.3, -18.4, 1, -30850, 287.94)
ability(3.9, -25.1, "Call Of Arms", 291.26)
ability(12.0, -33.5, "Call Of Arms", 297.07)
place(-2.8, 1.0, 8.4, "Scout", -30850, 300.79)
upgrade(-2.8, 8.4, 1, -31000, 301.39)
upgrade(-2.8, 8.4, 1, -31600, 301.55)
upgrade(-2.8, 8.4, 1, -33850, 301.70)
place(6.9, 1.0, 1.6, "Scout", -33850, 302.09)
skip(17, 302.89)
place(-5.7, 1.0, 6.7, "Scout", -33850, 305.48)
upgrade(-5.7, 6.7, 1, -34000, 306.23)
upgrade(-5.7, 6.7, 1, -34600, 306.40)
place(-8.5, 1.0, 8.9, "Scout", -34600, 307.02)
upgrade(-8.5, 8.9, 1, -34750, 307.53)
upgrade(-8.5, 8.9, 1, -35350, 310.25)
place(0.9, 1.0, -25.5, "Scout", -35350, 313.40)
upgrade(0.9, -25.5, 1, -35500, 314.02)
upgrade(0.9, -25.5, 1, -36100, 314.18)
place(11.5, 1.0, -16.3, "Scout", -36100, 317.97)
upgrade(11.5, -16.3, 1, -36250, 318.57)
upgrade(11.5, -16.3, 1, -36850, 318.72)
place(-1.0, 1.0, -27.8, "Scout", -36850, 325.47)
upgrade(-1.0, -27.8, 1, -37000, 326.01)
upgrade(-1.0, -27.8, 1, -37600, 326.18)
ability(3.9, -25.1, "Call Of Arms", 329.82)
place(2.8, 1.0, -22.2, "Scout", -37600, 332.24)
upgrade(2.8, -22.2, 1, -37750, 332.81)
upgrade(2.8, -22.2, 1, -38350, 332.97)
upgrade(-1.0, -27.8, 1, -40600, 334.98)
ability(12.0, -33.5, "Call Of Arms", 340.40)
place(15.7, 1.0, -24.6, "Scout", -40600, 354.38)
upgrade(15.7, -24.6, 1, -40750, 354.87)
upgrade(15.7, -24.6, 1, -41350, 355.01)
upgrade(15.7, -24.6, 1, -43600, 355.14)
place(7.5, 1.0, -15.2, "Scout", -43600, 356.66)
upgrade(7.5, -15.2, 1, -43750, 357.04)
upgrade(7.5, -15.2, 1, -44350, 357.18)
skip(19, 364.32)
upgrade(0.9, -25.5, 1, -46600, 374.22)
upgrade(2.8, -22.2, 1, -48850, 375.03)
upgrade(7.7, -21.2, 1, -51100, 376.23)
ability(3.9, -25.1, "Call Of Arms", 381.56)
upgrade(12.0, -33.5, 1, -55600, 387.43)
ability(12.0, -33.5, "Call Of Arms", 392.21)
upgrade(5.9, -31.6, 1, -59000, 398.67)
upgrade(11.5, -16.3, 1, -61250, 406.03)
upgrade(7.5, -15.2, 1, -63500, 406.76)
ability(3.9, -25.1, "Call Of Arms", 411.88)
upgrade(-2.8, 8.4, 1, -66900, 422.14)
upgrade(-5.7, 6.7, 1, -69150, 422.45)
ability(12.0, -33.5, "Call Of Arms", 424.90)
place(-0.5, 1.0, -22.5, "Scout", -69150, 437.40)
upgrade(-0.5, -22.5, 1, -69300, 438.01)
upgrade(-0.5, -22.5, 1, -69900, 438.20)
upgrade(-0.5, -22.5, 1, -72150, 438.36)
upgrade(-0.5, -22.5, 1, -75550, 438.52)
upgrade(6.9, -24.4, 1, -78950, 442.52)
ability(3.9, -25.1, "Call Of Arms", 444.64)
ability(3.9, -25.1, "Call Of Arms", 446.79)
upgrade(11.6, -30.5, 1, -82350, 451.72)
upgrade(8.5, -30.0, 1, -85750, 452.77)
upgrade(13.6, -27.0, 1, -89150, 455.72)
ability(12.0, -33.5, "Call Of Arms", 461.03)
upgrade(15.7, -24.6, 1, -92550, 475.65)
upgrade(9.3, -18.4, 1, -95950, 478.02)
upgrade(7.7, -21.2, 1, -99350, 478.85)
ability(3.9, -25.1, "Call Of Arms", 482.71)
place(10.5, 1.0, -13.0, "Scout", -99350, 489.89)
upgrade(10.5, -13.0, 1, -99500, 490.43)
upgrade(10.5, -13.0, 1, -100100, 490.60)
ability(12.0, -33.5, "Call Of Arms", 493.13)
place(-9.0, 1.0, 5.4, "Scout", -100100, 505.15)
upgrade(-9.0, 5.4, 1, -100250, 505.76)
upgrade(-9.0, 5.4, 1, -100850, 505.92)
upgrade(-9.0, 5.4, 1, -103100, 506.05)
upgrade(-9.0, 5.4, 1, -106500, 506.21)
upgrade(-5.7, 6.7, 1, -109900, 506.52)
upgrade(-8.5, 8.9, 1, -112150, 507.21)
upgrade(-8.5, 8.9, 1, -115550, 507.37)
place(-6.6, 1.0, 11.5, "Scout", -115550, 508.44)
upgrade(-6.6, 11.5, 1, -115700, 509.05)
upgrade(-6.6, 11.5, 1, -116300, 509.23)
place(-3.9, 1.0, 15.5, "Scout", -116300, 510.22)
upgrade(-3.9, 15.5, 1, -116450, 510.65)
upgrade(-3.9, 15.5, 1, -117050, 510.83)
ability(3.9, -25.1, "Call Of Arms", 514.77)
place(-7.2, 1.0, 14.6, "Scout", -117050, 517.33)
upgrade(-7.2, 14.6, 1, -117200, 517.97)
upgrade(-7.2, 14.6, 1, -117800, 518.11)
upgrade(-7.2, 14.6, 1, -120050, 518.26)
upgrade(-7.2, 14.6, 1, -123450, 518.42)
place(-10.5, 1.0, 15.9, "Scout", -123450, 519.75)
upgrade(-10.5, 15.9, 1, -123600, 520.29)
upgrade(-10.5, 15.9, 1, -124200, 520.45)
