-- ZEPHYR_META: {"authorId":"1498687407204339886","authorTag":"pubasdfrrr","category":"community","official":false,"createdAt":"2026-06-22T11:50:50.661Z","updatedAt":"2026-06-22T11:50:50.661Z"}
skip(1, 17.03)
skip(2, 39.63)
upgrade(2.9, 3.7, 1, -25700, 41.10)
skip(3, 64.30)
place(-2.6, 0.5, -3.1, "Trapper", -25700, 68.16)
upgrade(-2.6, -3.1, 1, -26200, 75.53)
skip(4, 86.63)
place(3.1, 0.5, -3.0, "Trapper", -26200, 89.78)
upgrade(3.1, -3.0, 1, -26700, 105.29)
skip(5, 107.39)
place(-2.7, 0.5, 2.8, "Trapper", -26700, 111.01)
upgrade(-2.7, 2.8, 1, -27200, 121.49)
skip(6, 130.53)
place(-3.2, 0.5, -6.1, "Trapper", -27200, 135.34)
upgrade(-3.2, -6.1, 1, -27700, 141.96)
skip(7, 154.23)
place(-3.1, 0.5, 5.8, "Trapper", -27700, 159.21)
upgrade(-3.1, 5.8, 1, -28200, 160.59)
skip(8, 176.63)
place(3.8, 0.5, -6.2, "Trapper", -28200, 179.84)
upgrade(3.8, -6.2, 1, -28700, 181.35)
upgrade(-2.6, -3.1, 1, -30200, 192.57)
skip(9, 200.76)
upgrade(-2.7, 2.8, 1, -31700, 202.29)
upgrade(-3.1, 5.8, 1, -33200, 222.34)
skip(10, 225.84)
upgrade(2.9, 3.7, 1, -34700, 233.66)
skip(11, 246.99)
upgrade(3.1, -3.0, 1, -36200, 248.71)
upgrade(3.8, -6.2, 1, -37700, 254.62)
upgrade(-3.2, -6.1, 1, -39200, 268.77)
skip(14, 338.77)
place(6.6, 0.5, 6.0, "EvolvedJuggernaut", -39200, 340.88)
upgrade(6.6, 6.0, 1, -42200, 354.83)
skip(15, 369.14)
upgrade(6.6, 6.0, 1, -49200, 382.07)
consumable(2.4, 3.4, 7.2, "Sugar Rush", "", 0.00, 0.644, -0.514, 0.566, 400.84)
place(-34.3, 0.5, -23.8, "Militant", -49200, 414.90)
place(-24.6, 0.5, -23.9, "Militant", -49200, 415.83)
upgrade(-24.6, -23.9, 1, -49500, 417.07)
upgrade(-34.3, -23.8, 1, -50650, 418.54)
skip(16, 420.35)