-- ZEPHYR_META: {"authorId":"810079748013293578","authorTag":"tnshr","category":"community","official":false,"createdAt":"2026-07-24T19:26:24.086Z","updatedAt":"2026-07-24T19:26:24.086Z"}
place(1.4, 1.0, 17.4, "Soldier", -26980, 13.89)
place(-0.4, 1.0, 20.0, "Soldier", -26980, 29.32)
upgrade(1.4, 17.4, 1, -27130, 33.21)
upgrade(-2.0, 17.3, 1, -27280, 33.92)
upgrade(-0.4, 20.0, 1, -27430, 36.53)
upgrade(-0.4, 20.0, 1, -28230, 63.21)
upgrade(1.4, 17.4, 1, -29030, 64.65)
upgrade(-2.0, 17.3, 1, -29830, 72.91)
place(14.2, 1.0, 28.6, "Shotgunner", -29830, 100.71)
place(-17.7, 1.2, 28.3, "Shotgunner", -29830, 104.99)
place(13.8, 1.0, 30.7, "Shotgunner", -29830, 118.71)
place(-18.3, 1.2, 26.4, "Shotgunner", -29830, 139.10)
place(13.6, 1.0, 26.6, "Shotgunner", -29830, 144.53)
place(-17.7, 1.3, 30.4, "Shotgunner", -29830, 152.25)
upgrade(13.8, 30.7, 1, -30470, 158.99)
upgrade(14.2, 28.6, 1, -31110, 159.67)
upgrade(13.6, 26.6, 1, -31750, 160.34)
upgrade(-17.7, 30.4, 1, -32390, 179.04)
upgrade(-17.7, 28.3, 1, -33030, 180.46)
upgrade(-18.3, 26.4, 1, -33670, 181.23)
upgrade(13.8, 30.7, 1, -35220, 191.85)
upgrade(-17.7, 28.3, 1, -36770, 202.04)
upgrade(-17.7, 30.4, 1, -38320, 213.76)
upgrade(-18.3, 26.4, 1, -39870, 222.44)
upgrade(14.2, 28.6, 1, -41420, 227.92)
upgrade(13.6, 26.6, 1, -42970, 229.65)
place(-0.8, 1.0, 14.2, "Minigunner", -42970, 262.00)
upgrade(-0.8, 14.2, 1, -43320, 265.70)
upgrade(-0.8, 14.2, 1, -44820, 267.24)
upgrade(-0.8, 14.2, 1, -51320, 279.00)
place(-3.8, 1.0, 20.1, "EvolvedOperator", -51320, 301.21)
upgrade(-0.8, 14.2, 1, -72820, 343.29)
place(-2.2, 1.0, 22.6, "EvolvedKingpin", -72820, 354.98)
upgrade(-2.2, 22.6, 1, -74220, 360.58)
upgrade(-2.2, 22.6, 1, -78220, 369.53)
upgrade(-2.2, 22.6, 1, -84220, 378.33)
upgrade(-2.2, 22.6, 2, -98220, 413.70)
upgrade(-3.8, 20.1, 1, -98545, 435.70)
upgrade(-3.8, 20.1, 1, -103070, 436.27)