-- ZEPHYR_META: {"authorId":"810079748013293578","authorTag":"tnshr","category":"community","official":false,"createdAt":"2026-07-25T03:08:24.091Z","updatedAt":"2026-07-25T03:08:24.091Z"}
place(-2.4, 1.0, 18.4, "Soldier", -26885, 12.23)
place(-2.6, 1.0, 21.5, "Soldier", -26885, 26.05)
upgrade(-2.6, 21.5, 1, -27035, 27.99)
upgrade(0.2, 20.0, 1, -27185, 29.36)
upgrade(-2.4, 18.4, 1, -27335, 36.44)
upgrade(0.2, 20.0, 1, -28135, 50.87)
upgrade(-2.6, 21.5, 1, -28935, 54.29)
upgrade(-2.4, 18.4, 1, -29735, 68.62)
place(-11.8, 1.0, 25.4, "Shotgunner", -29735, 98.25)
place(13.6, 1.0, 27.5, "Shotgunner", -29735, 102.20)
place(-9.7, 1.0, 25.6, "Shotgunner", -29735, 123.59)
place(14.1, 1.0, 29.5, "Shotgunner", -29735, 139.23)
place(-7.7, 1.0, 25.8, "Shotgunner", -29735, 142.65)
upgrade(-7.7, 25.8, 1, -30375, 146.12)
place(12.9, 1.0, 25.6, "Shotgunner", -30375, 157.72)
upgrade(12.9, 25.6, 1, -31015, 160.85)
upgrade(13.6, 27.5, 1, -31655, 161.86)
upgrade(14.1, 29.5, 1, -32295, 174.56)
upgrade(-11.8, 25.4, 1, -32935, 179.16)
upgrade(-9.7, 25.6, 1, -33575, 179.85)
place(0.2, 1.0, 17.2, "EvolvedOperator", -33575, 187.45)
upgrade(0.2, 17.2, 1, -33900, 189.01)
upgrade(0.2, 17.2, 1, -34600, 189.77)
upgrade(-7.7, 25.8, 1, -36150, 196.35)
upgrade(-9.7, 25.6, 1, -37700, 198.34)
upgrade(-11.8, 25.4, 1, -39250, 215.06)
upgrade(12.9, 25.6, 1, -40800, 218.92)
upgrade(13.6, 27.5, 1, -42350, 219.68)
upgrade(14.1, 29.5, 1, -43900, 229.32)
place(-2.2, 1.0, 15.4, "Minigunner", -43900, 248.64)
upgrade(-2.2, 15.4, 1, -44250, 250.29)
upgrade(-2.2, 15.4, 1, -45750, 251.27)
upgrade(-2.2, 15.4, 1, -52250, 275.90)
place(-5.1, 1.0, 19.8, "EvolvedKingpin", -52250, 292.77)
upgrade(-5.1, 19.8, 1, -53650, 295.11)
upgrade(-5.1, 19.8, 1, -57650, 308.89)
upgrade(-5.1, 19.8, 1, -63650, 309.50)
upgrade(0.2, 20.0, 1, -67400, 336.57)
upgrade(-2.6, 21.5, 1, -71150, 337.62)
upgrade(-2.4, 18.4, 1, -74900, 345.82)
upgrade(0.2, 17.2, 1, -76150, 349.82)
upgrade(0.2, 17.2, 1, -78725, 354.28)
upgrade(0.2, 17.2, 1, -81850, 356.75)
upgrade(-5.1, 19.8, 2, -95850, 383.97)
upgrade(-2.6, 21.5, 1, -107850, 419.11)
upgrade(0.2, 20.0, 1, -119850, 422.18)
upgrade(-2.4, 18.4, 1, -131850, 428.94)