-- ZEPHYR_META: {"authorId":"815246354418630706","authorTag":"hoangducdanh","category":"community","official":false,"createdAt":"2026-06-25T04:02:11.923Z","updatedAt":"2026-06-25T04:02:11.923Z"}
-- NOTE: By player
place(2.6, 1.0, 2.7, "EvolvedOperator", -10150, 1.99)
upgrade(2.6, 2.7, 1, -10475, 2.52)
place(5.7, 1.0, 2.8, "EvolvedOperator", -10475, 17.58)
timescaleunlock(20.78)
timescale(1.50, 21.71)
timescale(2.00, 23.12)
upgrade(5.7, 2.8, 1, -10800, 33.92)
place(2.8, 1.0, 5.9, "EvolvedOperator", -10800, 61.64)
upgrade(2.8, 5.9, 1, -11125, 63.65)
place(5.8, 1.0, 5.8, "EvolvedOperator", -11125, 85.53)
upgrade(5.8, 5.8, 1, -11450, 87.36)
place(-2.8, 1.0, 2.6, "EvolvedOperator", -11450, 93.28)
upgrade(-2.8, 2.6, 1, -11775, 108.42)
place(-3.0, 1.0, 5.6, "EvolvedOperator", -11775, 119.82)
upgrade(-3.0, 5.6, 1, -12100, 122.28)
place(-5.9, 1.0, 2.7, "EvolvedOperator", -12100, 147.40)
upgrade(-5.9, 2.7, 1, -12425, 149.45)
place(-6.0, 1.0, 5.9, "EvolvedOperator", -12425, 152.83)
upgrade(-6.0, 5.9, 1, -12750, 154.34)
place(4.7, 1.0, 8.7, "EvolvedOperator", -12750, 161.03)
upgrade(4.7, 8.7, 1, -13075, 163.38)
place(-5.5, 1.0, 9.1, "EvolvedOperator", -13075, 180.17)
upgrade(-5.5, 9.1, 1, -13400, 181.67)
upgrade(2.6, 2.7, 1, -13900, 185.59)
upgrade(5.7, 2.8, 1, -14400, 188.46)
upgrade(-2.8, 2.6, 1, -14900, 203.82)
upgrade(-5.9, 2.7, 1, -15400, 205.25)
upgrade(2.8, 5.9, 1, -15900, 215.59)
upgrade(5.8, 5.8, 1, -16400, 222.03)
upgrade(-6.0, 5.9, 1, -16900, 230.86)
upgrade(-5.5, 9.1, 1, -17400, 233.87)
upgrade(4.7, 8.7, 1, -17900, 236.24)
upgrade(2.6, 2.7, 1, -19150, 257.73)
upgrade(5.7, 2.8, 1, -20400, 260.57)
upgrade(2.8, 5.9, 1, -21650, 284.45)
upgrade(5.8, 5.8, 1, -22900, 286.44)
upgrade(4.7, 8.7, 1, -24150, 314.61)
upgrade(-2.8, 2.6, 1, -25400, 319.56)
upgrade(-5.9, 2.7, 1, -26650, 321.17)
upgrade(-3.0, 5.6, 1, -27150, 335.82)
upgrade(-6.0, 5.9, 1, -28400, 343.29)
upgrade(-3.0, 5.6, 1, -29650, 346.59)
upgrade(-5.5, 9.1, 1, -30900, 365.65)
upgrade(2.6, 2.7, 1, -33000, 387.71)
upgrade(5.7, 2.8, 1, -35100, 406.60)
upgrade(2.8, 5.9, 1, -37200, 420.78)
upgrade(5.8, 5.8, 1, -39300, 424.56)
upgrade(4.7, 8.7, 1, -41400, 452.57)
upgrade(-2.8, 2.6, 1, -43500, 457.41)
upgrade(-5.9, 2.7, 1, -45600, 459.79)
upgrade(-3.0, 5.6, 1, -47700, 479.73)
upgrade(-6.0, 5.9, 1, -49800, 483.34)
upgrade(-5.5, 9.1, 1, -51900, 501.36)
place(5.3, 1.0, 11.6, "EvolvedOperator", -51900, 513.64)
upgrade(5.3, 11.6, 1, -52225, 517.22)
upgrade(5.3, 11.6, 1, -52725, 518.47)
upgrade(5.3, 11.6, 1, -53975, 519.69)
upgrade(5.3, 11.6, 1, -56075, 521.22)
place(-6.4, 1.0, 12.0, "EvolvedOperator", -56075, 528.66)
upgrade(-6.4, 12.0, 1, -56400, 531.24)
upgrade(-6.4, 12.0, 1, -56900, 532.25)
upgrade(-6.4, 12.0, 1, -58150, 533.24)
skip(19, 543.60)
upgrade(-6.4, 12.0, 1, -60250, 545.39)
place(7.7, 1.0, 8.6, "EvolvedOperator", -60250, 550.38)
upgrade(7.7, 8.6, 1, -60575, 552.17)
upgrade(7.7, 8.6, 1, -61075, 553.47)
upgrade(7.7, 8.6, 1, -62325, 554.47)
upgrade(7.7, 8.6, 1, -64425, 555.66)
place(-8.6, 1.0, 8.9, "EvolvedOperator", -64425, 561.07)
upgrade(-8.6, 8.9, 1, -64750, 563.42)
upgrade(-8.6, 8.9, 1, -65250, 564.81)
upgrade(-8.6, 8.9, 1, -66500, 566.75)
upgrade(-8.6, 8.9, 1, -68600, 584.00)