-- ZEPHYR_META: {"authorId":"813398570148691978","authorTag":"fadhil4662","category":"community","official":false,"createdAt":"2026-06-20T08:38:39.171Z","updatedAt":"2026-06-20T08:38:39.171Z"}
-- NOTE: few tree max skill
place(-2.1, 1.0, 17.0, "EvolvedOperator", 0, 2.54)
upgrade(-2.1, 17.0, 1, -325, 8.02)
place(-2.7, 1.0, 20.4, "EvolvedOperator", -325, 19.23)
upgrade(-2.7, 20.4, 1, -650, 36.23)
place(-4.6, 1.0, 15.2, "EvolvedOperator", -650, 47.70)
upgrade(-4.6, 15.2, 1, -975, 56.22)
upgrade(-4.6, 15.2, 1, -1475, 73.16)
upgrade(-2.1, 17.0, 1, -1975, 79.97)
upgrade(-2.7, 20.4, 1, -2475, 96.05)
place(-5.3, 0.9, 18.6, "EvolvedOperator", -2475, 103.66)
upgrade(-5.3, 18.6, 1, -2800, 107.47)
upgrade(-5.3, 18.6, 1, -3300, 116.19)
place(4.9, 1.0, 3.3, "EvolvedOperator", -3300, 124.75)
upgrade(4.9, 3.3, 1, -3625, 128.91)
upgrade(4.9, 3.3, 1, -4125, 136.15)
place(7.9, 1.0, 4.7, "EvolvedOperator", -4125, 142.88)
upgrade(7.9, 4.7, 1, -4450, 145.16)
upgrade(7.9, 4.7, 1, -4950, 153.67)
upgrade(-2.1, 17.0, 1, -6200, 159.80)
place(7.5, 1.0, 1.4, "EvolvedOperator", -6200, 166.58)
upgrade(7.5, 1.4, 1, -6525, 170.57)
upgrade(7.5, 1.4, 1, -7025, 176.10)
upgrade(-4.6, 15.2, 1, -8275, 184.92)
upgrade(-5.3, 18.6, 1, -9525, 197.34)
upgrade(-2.7, 20.4, 1, -10775, 210.63)
upgrade(4.9, 3.3, 1, -12025, 221.18)
upgrade(7.5, 1.4, 1, -13275, 224.37)
upgrade(7.9, 4.7, 1, -14525, 235.52)
upgrade(-2.1, 17.0, 1, -16625, 243.70)
upgrade(-4.6, 15.2, 1, -18725, 252.94)
upgrade(-5.3, 18.6, 1, -20825, 268.34)
upgrade(-2.7, 20.4, 1, -22925, 276.07)
upgrade(4.9, 3.3, 1, -25025, 283.98)
upgrade(7.9, 4.7, 1, -27125, 298.19)
upgrade(7.5, 1.4, 1, -29225, 306.93)
place(4.2, 1.0, 22.7, "EvolvedOperator", -29225, 316.12)
upgrade(4.2, 22.7, 1, -29550, 319.74)
upgrade(4.2, 22.7, 1, -30200, 320.11)
upgrade(4.2, 22.7, 1, -32625, 324.43)