-- ZEPHYR_META: {"authorId":"1081198371752116224","authorTag":"adminforrune","category":"community","official":false,"createdAt":"2026-10-02T19:18:51.638Z","updatedAt":"2026-10-02T19:18:51.638Z"}
-- NOTE: evolved towers
place(7.7, 1.0, -24.4, "EvolvedOperator", 0, 0.35)
place(7.8, 1.0, -21.9, "EvolvedOperator", 0, 1.99)
place(9.0, 1.0, -19.5, "EvolvedOperator", 0, 14.37)
place(11.3, 1.0, -18.5, "EvolvedOperator", 0, 25.17)
place(11.9, 1.0, -16.0, "EvolvedOperator", 0, 30.18)
upgrade(7.7, -24.4, 1, -325, 42.44)
upgrade(7.8, -21.9, 1, -650, 46.04)
upgrade(9.0, -19.5, 1, -975, 51.70)
upgrade(11.3, -18.5, 1, -1300, 52.79)
upgrade(11.9, -16.0, 1, -1625, 53.50)
place(11.3, 1.0, -13.5, "EvolvedOperator", -1625, 71.19)
upgrade(11.3, -13.5, 1, -1950, 71.88)
place(9.6, 1.0, -11.0, "EvolvedOperator", -1950, 87.18)
upgrade(9.6, -11.0, 1, -2275, 90.64)
place(-5.7, 4.0, -11.3, "Mortar", -2275, 104.56)
upgrade(-5.7, -11.3, 1, -2775, 117.89)
upgrade(-5.7, -11.3, 1, -5025, 149.56)
place(-5.5, 4.0, -8.2, "Mortar", -5025, 157.54)
place(4.9, 1.0, -24.7, "EvolvedOperator", -5025, 164.98)
upgrade(4.9, -24.7, 1, -5350, 171.30)
upgrade(-5.5, -8.2, 1, -5850, 177.59)
upgrade(-5.5, -8.2, 1, -8100, 196.61)
upgrade(4.9, -24.7, 1, -8800, 199.66)
upgrade(7.7, -24.4, 1, -9500, 201.23)
upgrade(7.8, -21.9, 1, -10200, 217.57)
upgrade(9.0, -19.5, 1, -10900, 218.97)
upgrade(11.3, -18.5, 1, -11600, 220.15)
upgrade(11.9, -16.0, 1, -12300, 234.20)
upgrade(11.3, -13.5, 1, -13000, 244.03)
upgrade(9.6, -11.0, 1, -13700, 244.66)
place(12.8, 1.0, -24.4, "EvolvedEnforcer", -13700, 272.13)
upgrade(12.8, -24.4, 1, -14450, 273.47)
upgrade(12.8, -24.4, 1, -17100, 294.47)
place(-4.9, 7.0, -7.4, "Mortar", -17100, 307.20)
upgrade(-4.9, -7.4, 1, -17600, 309.23)
upgrade(-4.9, -7.4, 1, -19850, 314.97)
upgrade(12.8, -24.4, 1, -24450, 341.65)
upgrade(4.9, -24.7, 1, -25700, 353.95)
upgrade(7.7, -24.4, 1, -26950, 355.11)
upgrade(7.8, -21.9, 1, -28200, 358.99)
upgrade(9.0, -19.5, 1, -29450, 361.54)
upgrade(11.3, -18.5, 1, -30700, 365.07)
upgrade(11.9, -16.0, 1, -31950, 365.89)
upgrade(11.3, -13.5, 1, -33200, 375.28)
upgrade(9.6, -11.0, 1, -34450, 380.54)
place(12.7, 1.0, -26.4, "EvolvedEnforcer", -34450, 393.78)
upgrade(12.7, -26.4, 1, -35200, 394.44)
upgrade(12.7, -26.4, 1, -37850, 411.26)
upgrade(12.7, -26.4, 1, -42450, 423.53)
upgrade(4.9, -24.7, 1, -44400, 440.79)
upgrade(7.7, -24.4, 1, -46350, 441.50)
upgrade(7.8, -21.9, 1, -48300, 442.09)
upgrade(9.0, -19.5, 1, -50250, 445.38)
upgrade(11.3, -18.5, 1, -52200, 448.04)
upgrade(11.9, -16.0, 1, -54150, 460.29)
upgrade(11.3, -13.5, 1, -56100, 463.08)
upgrade(9.6, -11.0, 1, -58050, 468.30)
place(12.4, 1.0, -28.4, "EvolvedEnforcer", -58050, 478.15)
upgrade(12.4, -28.4, 1, -58800, 479.38)
upgrade(12.4, -28.4, 1, -61450, 485.73)
upgrade(12.4, -28.4, 1, -66050, 496.51)
place(-5.2, 7.0, -4.3, "Mortar", -66050, 500.36)
upgrade(-5.2, -4.3, 1, -66550, 500.95)
upgrade(-5.2, -4.3, 1, -68800, 507.80)
place(-9.0, 10.0, -17.2, "Ranger", -68800, 516.60)
upgrade(-9.0, -17.2, 1, -70300, 522.40)
upgrade(-9.0, -17.2, 1, -75800, 546.47)
place(-8.9, 10.0, -14.2, "Ranger", -75800, 559.57)
upgrade(-8.9, -14.2, 1, -77300, 561.65)
upgrade(-8.9, -14.2, 1, -82800, 571.23)
place(-9.5, 1.0, 4.2, "EvolvedOperator", -82800, 598.34)
upgrade(-9.5, 4.2, 1, -83125, 598.95)
upgrade(-9.5, 4.2, 1, -85775, 599.25)
place(-9.0, 10.0, -11.1, "Ranger", -87725, 619.21)
upgrade(-9.0, -11.1, 1, -89225, 620.04)
upgrade(-9.0, -11.1, 1, -94725, 620.49)