-- ZEPHYR_META: {"authorId":"708942366366760961","authorTag":"janiel151","category":"community","official":false,"createdAt":"2026-06-20T05:46:29.998Z","updatedAt":"2026-06-20T05:46:29.998Z"}
place(8.2, 1.0, -30.0, "Scout", 0, 4.81)
upgrade(8.2, -30.0, 1, -150, 9.67)
place(11.3, 1.0, -29.6, "Scout", -150, 12.38)
upgrade(11.3, -29.6, 1, -300, 18.32)
place(7.7, 1.0, -24.5, "Scout", -300, 23.38)
upgrade(7.7, -24.5, 1, -450, 31.43)
place(3.6, 1.0, -25.6, "Scout", -450, 37.58)
upgrade(3.6, -25.6, 1, -600, 41.03)
upgrade(3.6, -25.6, 1, -1200, 42.65)
place(5.2, 1.0, -30.7, "Scout", -1200, 50.33)
upgrade(5.2, -30.7, 1, -1350, 53.04)
upgrade(5.2, -30.7, 1, -1950, 58.77)
place(0.6, 1.0, -26.2, "Scout", -1950, 68.32)
upgrade(0.6, -26.2, 1, -2100, 72.35)
upgrade(0.6, -26.2, 1, -2700, 73.53)
place(8.5, 1.0, -21.3, "Commander", -2700, 83.78)
upgrade(8.5, -21.3, 1, -3100, 86.71)
upgrade(7.7, -24.5, 1, -3700, 117.11)
upgrade(8.2, -30.0, 1, -4300, 124.92)
upgrade(11.3, -29.6, 1, -4900, 132.01)
upgrade(8.5, -21.3, 1, -7350, 135.61)
ability(8.5, -21.3, "Call Of Arms", 138.41)
place(3.1, 1.0, -22.3, "Minigunner", -7350, 153.44)
upgrade(3.1, -22.3, 1, -7700, 159.81)
upgrade(3.1, -22.3, 1, -9200, 171.85)
ability(8.5, -21.3, "Call Of Arms", 187.93)
upgrade(0.6, -26.2, 1, -11600, 191.50)
upgrade(0.6, -26.2, 1, -15200, 211.73)
upgrade(3.6, -25.6, 1, -17600, 236.30)
ability(8.5, -21.3, "Call Of Arms", 250.19)
upgrade(3.6, -25.6, 1, -21200, 259.08)
upgrade(7.7, -24.5, 1, -23600, 269.73)
upgrade(7.7, -24.5, 1, -27200, 282.66)
upgrade(5.2, -30.7, 1, -29600, 297.30)
ability(8.5, -21.3, "Call Of Arms", 302.14)
upgrade(5.2, -30.7, 1, -33200, 307.52)
upgrade(8.2, -30.0, 1, -35600, 317.16)
upgrade(11.3, -29.6, 1, -38000, 328.17)
ability(8.5, -21.3, "Call Of Arms", 331.34)
upgrade(8.2, -30.0, 1, -41600, 337.33)
upgrade(11.3, -29.6, 1, -45200, 351.18)
place(1.3, 1.0, -15.5, "Hunter", -45200, 359.09)
ability(8.5, -21.3, "Call Of Arms", 361.93)
upgrade(1.3, -15.5, 1, -45925, 368.04)
upgrade(1.3, -15.5, 1, -48775, 369.68)
place(1.4, 1.0, -18.5, "Hunter", -48775, 376.19)
upgrade(1.4, -18.5, 1, -49500, 379.68)
upgrade(1.4, -18.5, 1, -52350, 381.57)
place(4.8, 1.0, -15.1, "Hunter", -52350, 389.11)
upgrade(4.8, -15.1, 1, -53075, 392.71)
upgrade(4.8, -15.1, 1, -55925, 394.36)
place(2.5, 1.0, -12.6, "Hunter", -55925, 401.36)
upgrade(2.5, -12.6, 1, -56650, 406.37)
upgrade(2.5, -12.6, 1, -59500, 408.60)
place(-0.5, 1.0, -12.4, "Scout", -59500, 413.56)
upgrade(-0.5, -12.4, 1, -59650, 418.97)
upgrade(-0.5, -12.4, 1, -60250, 421.55)
upgrade(-0.5, -12.4, 1, -62650, 423.04)
upgrade(-0.5, -12.4, 1, -66250, 425.69)
place(1.5, 1.0, -9.8, "Hunter", -66250, 432.03)
upgrade(1.5, -9.8, 1, -66975, 438.37)
upgrade(1.5, -9.8, 1, -69825, 439.56)
place(-2.0, 1.0, -15.5, "Hunter", -69825, 444.38)
upgrade(-2.0, -15.5, 1, -70550, 448.13)
place(-1.8, 1.0, -18.7, "Hunter", -71275, 456.80)
upgrade(-1.8, -18.7, 1, -72000, 461.20)
upgrade(-1.8, -18.7, 1, -74850, 463.10)
place(-3.5, 1.0, -12.7, "Hunter", -74850, 470.95)
upgrade(-3.5, -12.7, 1, -75575, 476.81)
upgrade(-3.5, -12.7, 1, -78425, 478.48)
place(-1.6, 1.0, -9.4, "Hunter", -78425, 483.95)
upgrade(-1.6, -9.4, 1, -79150, 489.72)
upgrade(-1.6, -9.4, 1, -82000, 491.04)
place(6.0, 1.0, -11.9, "Hunter", -82000, 495.47)
upgrade(6.0, -11.9, 1, -82725, 505.95)
upgrade(6.0, -11.9, 1, -85575, 507.61)
upgrade(6.0, -11.9, 1, -94975, 509.83)
ability(8.5, -21.3, "Call Of Arms", 512.32)
upgrade(8.5, -21.3, 1, -99475, 524.37)
upgrade(-2.0, -15.5, 1, -108875, 534.15)
ability(8.5, -21.3, "Call Of Arms", 543.33)
upgrade(4.8, -15.1, 1, -118275, 552.40)