-- ZEPHYR_META: {"authorId":"1529655588387160184","authorTag":"joaopaulo_56167","category":"community","official":false,"createdAt":"2026-07-27T20:05:12.323Z","updatedAt":"2026-07-27T20:05:12.323Z"}
place(-1.5, 1.0, -34.6, "Trapper", 0, 10.85)
place(-1.2, 1.0, -31.6, "Trapper", 0, 24.51)
place(5.2, 1.0, -31.6, "Trapper", 0, 38.72)
place(-0.5, 1.0, -28.2, "Trapper", 0, 47.71)
place(7.7, 1.0, -29.9, "Trapper", 0, 51.27)
place(1.2, 1.0, -25.6, "Trapper", 0, 65.09)
upgrade(1.2, -25.6, 1, -500, 70.73)
upgrade(-0.5, -28.2, 1, -1000, 83.21)
upgrade(-1.2, -31.6, 1, -1500, 85.09)
upgrade(-1.5, -34.6, 1, -2000, 107.06)
upgrade(4.3, -34.6, 1, -2500, 109.09)
upgrade(5.2, -31.6, 1, -3000, 117.66)
upgrade(7.7, -29.9, 1, -3500, 124.62)
place(4.1, 1.0, -25.0, "Shotgunner", -3500, 141.78)
upgrade(4.1, -25.0, 1, -4140, 143.89)
place(6.7, 1.0, -24.5, "Shotgunner", -4140, 151.76)
upgrade(6.7, -24.5, 1, -4780, 153.41)
place(10.8, 1.0, -29.6, "Shotgunner", -4780, 164.14)
upgrade(10.8, -29.6, 1, -5420, 170.96)
place(12.8, 1.0, -27.5, "Shotgunner", -5420, 182.22)
upgrade(12.8, -27.5, 1, -6060, 187.95)
upgrade(12.8, -27.5, 1, -7610, 197.87)
upgrade(10.8, -29.6, 1, -9160, 204.72)
upgrade(6.7, -24.5, 1, -10710, 222.53)
upgrade(4.1, -25.0, 1, -12260, 226.87)
upgrade(1.2, -25.6, 1, -13760, 229.62)
option(1.2, -25.6, "Trap", "Landmine", 231.98)
upgrade(-0.5, -28.2, 1, -15260, 243.55)
option(-0.5, -28.2, "Trap", "Landmine", 244.40)
skip(15, 258.86)
upgrade(-1.2, -31.6, 1, -16760, 262.77)
option(-1.2, -31.6, "Trap", "Landmine", 263.65)
upgrade(-1.5, -34.6, 1, -18260, 265.66)
option(-1.5, -34.6, "Trap", "Landmine", 266.44)
upgrade(4.3, -34.6, 1, -19760, 280.35)
option(4.3, -34.6, "Trap", "Landmine", 281.18)
skip(16, 285.25)
upgrade(5.2, -31.6, 1, -21260, 287.77)
option(5.2, -31.6, "Trap", "Landmine", 289.57)
upgrade(7.7, -29.9, 1, -22760, 294.13)
option(7.7, -29.9, "Trap", "Landmine", 295.02)
upgrade(4.1, -25.0, 1, -28760, 305.29)
skip(18, 329.95)
upgrade(6.7, -24.5, 1, -34760, 331.74)
skip(19, 357.24)
upgrade(10.8, -29.6, 1, -40760, 358.35)
upgrade(12.8, -27.5, 1, -46760, 372.37)
upgrade(1.2, -25.6, 1, -52760, 390.09)
upgrade(-0.5, -28.2, 1, -58760, 400.44)
upgrade(-1.2, -31.6, 1, -64760, 416.01)
upgrade(-1.5, -34.6, 1, -70760, 422.63)
skip(23, 454.99)