-- ZEPHYR_META: {"authorId":"953270431417262151","authorTag":"dark_xzz1","category":"community","official":false,"createdAt":"2026-09-06T02:24:58.956Z","updatedAt":"2026-09-06T02:24:58.956Z"}
-- NOTE: ขจรศักดิ๋
place(8.6, 1.0, -17.2, "Soldier", 0, 4.71)
upgrade(8.6, -17.2, 1, -150, 12.98)
upgrade(8.6, -17.2, 1, -950, 38.98)
place(11.6, 1.0, -17.0, "Scout", -950, 49.00)
upgrade(11.6, -17.0, 1, -1100, 52.28)
upgrade(11.6, -17.0, 1, -1700, 56.25)
place(10.7, 1.0, -30.5, "Shotgunner", -1700, 83.84)
upgrade(10.7, -30.5, 1, -2450, 97.20)
upgrade(10.7, -30.5, 1, -3950, 139.80)
place(8.8, 1.0, -20.4, "Crook Boss", -3950, 146.74)
upgrade(8.8, -20.4, 1, -5550, 170.48)
upgrade(8.8, -20.4, 1, -8750, 179.62)
place(11.9, 1.0, -20.0, "Minigunner", -8750, 202.61)
upgrade(11.9, -20.0, 1, -9750, 217.37)
upgrade(11.9, -20.0, 1, -14550, 238.78)
skip(14, 264.63)
skip(15, 290.94)
skip(18, 365.32)
place(-21.1, 1.0, -31.9, "Shotgunner", -14550, 376.36)
sell(-21.1, -31.9, 380.49)
skip(19, 392.69)
sell(8.6, -17.2, 442.53)
sell(8.8, -20.4, 446.09)
sell(11.6, -17.0, 449.52)
sell(11.9, -20.0, 452.08)
sell(10.7, -30.5, 454.46)
place(10.3, 1.0, -37.5, "Soldier", -14550, 461.03)
place(4.0, 1.0, -37.5, "Scout", -14550, 462.64)
place(3.7, 1.0, -34.8, "Shotgunner", -14550, 464.69)
place(10.4, 1.0, -34.4, "Crook Boss", -14550, 467.86)
place(13.7, 1.0, -35.0, "Minigunner", -14550, 470.88)