-- ZEPHYR_META: {"authorId":"1514236893640917094","authorTag":"rhythmsomemythm","category":"community","official":false,"createdAt":"2026-07-20T12:55:40.170Z","updatedAt":"2026-07-20T12:55:40.170Z"}
place(-12.0, 1.4, 35.3, "Farm", 0, 0.32)
place(-12.7, 1.5, 31.4, "Farm", 0, 2.42)
place(-12.4, 1.5, 27.0, "Farm", 0, 3.90)
upgrade(-12.0, 35.3, 1, -200, 6.56)
upgrade(-12.7, 31.4, 1, -400, 8.15)
upgrade(-12.4, 27.0, 1, -600, 9.28)
upgrade(-12.0, 35.3, 1, -1200, 15.58)
upgrade(-12.7, 31.4, 1, -1800, 19.42)
place(9.5, 1.2, 21.6, "Boomerang", -1800, 29.46)
upgrade(9.5, 21.6, 1, -2200, 31.28)
upgrade(-12.4, 27.0, 1, -2800, 37.87)
place(-16.6, 1.4, 35.8, "Farm", -2800, 42.57)
upgrade(-16.6, 35.8, 1, -3000, 43.82)
upgrade(-16.6, 35.8, 1, -3600, 49.76)
place(-17.1, 1.5, 31.4, "Farm", -3600, 56.32)
upgrade(-17.1, 31.4, 1, -3800, 60.80)
upgrade(-17.1, 31.4, 1, -4400, 61.43)
upgrade(-12.0, 35.3, 1, -5650, 65.27)
skip(7, 74.58)
upgrade(-12.7, 31.4, 1, -6900, 75.92)
upgrade(-16.6, 35.8, 1, -8150, 80.66)
upgrade(9.5, 21.6, 1, -8900, 83.77)
upgrade(9.5, 21.6, 1, -11400, 93.65)
place(-17.0, 1.5, 27.1, "Farm", -11400, 101.27)
upgrade(-17.0, 27.1, 1, -11600, 103.76)
upgrade(-17.0, 27.1, 1, -12200, 104.35)
upgrade(-17.1, 31.4, 1, -13450, 107.46)
upgrade(-12.4, 27.0, 1, -14700, 114.22)
upgrade(-17.0, 27.1, 1, -15950, 119.59)
place(6.4, 1.4, 28.0, "Crook Boss", -15950, 121.88)
upgrade(6.4, 28.0, 1, -17450, 131.32)
upgrade(6.4, 28.0, 1, -20200, 132.28)
place(6.2, 1.3, 21.6, "Boomerang", -20200, 139.65)
upgrade(6.2, 21.6, 1, -20600, 140.70)
upgrade(6.2, 21.6, 1, -21350, 143.55)
upgrade(6.2, 21.6, 1, -23850, 144.68)
place(3.1, 1.4, 27.9, "Crook Boss", -23850, 156.58)
place(-21.2, 1.4, 36.0, "Farm", -23850, 162.08)
upgrade(-21.2, 36.0, 1, -24050, 163.17)
upgrade(-21.2, 36.0, 1, -25900, 164.18)
place(-21.3, 1.4, 32.1, "Farm", -25900, 165.42)
upgrade(-21.3, 32.1, 1, -26100, 166.46)
upgrade(-21.3, 32.1, 1, -26700, 166.80)
upgrade(-21.3, 32.1, 1, -27950, 169.30)
place(-21.7, 1.6, 27.5, "Farm", -27950, 171.10)
upgrade(-21.7, 27.5, 1, -28150, 172.61)
upgrade(-21.7, 27.5, 1, -30000, 173.25)
place(-14.6, 1.2, 40.9, "Farm", -30000, 177.72)
upgrade(-14.6, 40.9, 1, -30200, 179.21)
upgrade(-14.6, 40.9, 1, -30800, 179.98)
upgrade(-14.6, 40.9, 1, -32050, 183.26)
upgrade(3.1, 27.9, 1, -33550, 185.62)
upgrade(3.1, 27.9, 1, -36300, 186.23)
place(5.8, 1.4, 31.4, "Crook Boss", -36300, 206.05)
upgrade(5.8, 31.4, 1, -37800, 207.20)
upgrade(5.8, 31.4, 1, -40550, 207.59)
place(2.3, 1.4, 30.8, "Crook Boss", -40550, 228.26)
upgrade(2.3, 30.8, 1, -42050, 229.67)
upgrade(2.3, 30.8, 1, -44800, 230.10)
place(-0.3, 1.5, 28.6, "Crook Boss", -44800, 243.80)
upgrade(-0.3, 28.6, 1, -46300, 245.04)
upgrade(-0.3, 28.6, 1, -49050, 245.39)
place(2.6, 1.4, 22.1, "Boomerang", -49050, 252.76)
upgrade(2.6, 22.1, 1, -49450, 254.07)
upgrade(2.6, 22.1, 1, -50200, 263.40)
upgrade(2.6, 22.1, 1, -52700, 279.54)
place(9.9, 0.7, 18.3, "Boomerang", -52700, 285.63)
upgrade(9.9, 18.3, 1, -53100, 286.66)
upgrade(9.9, 18.3, 1, -56350, 287.38)
place(6.6, 0.8, 18.2, "Boomerang", -56350, 293.60)
upgrade(6.6, 18.2, 1, -56750, 294.87)
upgrade(6.6, 18.2, 1, -57500, 295.24)
upgrade(6.6, 18.2, 1, -60000, 295.92)
upgrade(6.4, 28.0, 1, -74000, 331.77)
place(2.9, 1.2, 18.9, "Boomerang", -74000, 338.20)
upgrade(2.9, 18.9, 1, -74400, 339.42)
upgrade(2.9, 18.9, 1, -75150, 339.82)
upgrade(2.9, 18.9, 1, -77650, 340.12)
upgrade(5.8, 31.4, 1, -91650, 370.18)
upgrade(3.1, 27.9, 1, -105650, 391.52)
place(6.3, 0.3, 14.3, "Boomerang", -105650, 399.13)
upgrade(6.3, 14.3, 1, -106050, 400.29)
upgrade(6.3, 14.3, 1, -109300, 401.22)
place(13.1, 1.2, 28.5, "EvolvedOperator", -109300, 403.12)
upgrade(9.9, 18.3, 1, -116300, 413.22)
upgrade(9.5, 21.6, 1, -123300, 422.66)