-- ZEPHYR_META: {"authorId":"816049257441525811","authorTag":"juanllmz","category":"community","official":false,"createdAt":"2026-07-28T06:05:50.901Z","updatedAt":"2026-07-28T06:05:50.901Z"}
upgrade(13.3, -15.3, 1, -200, 36.52)
place(10.9, 0.9, -6.9, "Cowboy", -200, 75.13)
upgrade(10.9, -6.9, 1, -400, 76.50)
place(16.0, 0.9, -9.7, "Cowboy", -400, 117.03)
upgrade(16.0, -9.7, 1, -600, 118.50)
place(8.2, 1.0, -12.3, "Cowboy", -600, 142.65)
upgrade(8.2, -12.3, 1, -800, 151.19)
upgrade(13.3, -15.3, 1, -1400, 157.90)
upgrade(13.3, -15.3, 1, -3400, 216.93)
upgrade(16.0, -9.7, 1, -4000, 236.40)
upgrade(8.2, -12.3, 1, -4600, 244.44)
upgrade(10.9, -6.9, 1, -5200, 245.80)
upgrade(10.9, -6.9, 1, -7200, 290.10)
place(8.2, 0.9, -6.3, "Crook Boss", -7200, 325.31)
upgrade(8.2, -6.3, 1, -8700, 333.35)
upgrade(8.2, -6.3, 1, -11450, 369.41)
place(12.9, 0.9, -4.9, "Crook Boss", -11450, 401.61)
upgrade(12.9, -4.9, 1, -12950, 403.35)
upgrade(12.9, -4.9, 1, -15700, 436.98)
upgrade(16.0, -9.7, 1, -17700, 463.33)
upgrade(8.2, -12.3, 1, -19700, 478.45)
place(10.0, 0.9, -3.9, "Crook Boss", -19700, 496.68)
upgrade(10.0, -3.9, 1, -21200, 510.93)
upgrade(10.0, -3.9, 1, -23950, 516.03)
place(7.0, 0.9, -3.6, "Crook Boss", -23950, 548.17)
upgrade(7.0, -3.6, 1, -25450, 560.96)
upgrade(7.0, -3.6, 1, -28200, 570.99)
upgrade(13.3, -15.3, 1, -31200, 601.43)
upgrade(10.0, -3.9, 1, -45200, 665.77)
upgrade(12.9, -4.9, 1, -59200, 722.18)
upgrade(8.2, -12.3, 1, -62200, 734.49)
upgrade(16.0, -9.7, 1, -65200, 745.47)
place(6.3, 1.0, -24.6, "Cowboy", -65200, 757.58)
upgrade(6.3, -24.6, 1, -65400, 759.21)
upgrade(6.3, -24.6, 1, -66000, 759.57)
upgrade(6.3, -24.6, 1, -71000, 769.58)
upgrade(6.3, -24.6, 1, -78777, 789.61)
upgrade(8.2, -6.3, 1, -92777, 840.54)
upgrade(7.0, -3.6, 1, -106777, 855.53)