-- ZEPHYR_META: {"authorId":"700071122502418543","authorTag":"tudore1","category":"community","official":false,"createdAt":"2026-07-16T15:17:35.766Z","updatedAt":"2026-07-16T15:17:35.766Z"}
upgrade(11.1, -31.7, 1, -100, 5.59)
place(11.0, 1.0, -34.9, "Soldier", -100, 11.10)
upgrade(11.0, -34.9, 1, -200, 12.24)
place(8.5, 1.0, -30.4, "Soldier", -200, 23.85)
upgrade(8.5, -30.4, 1, -300, 24.83)
place(7.7, 1.0, -33.3, "Soldier", -300, 36.58)
upgrade(7.7, -33.3, 1, -400, 37.22)
place(7.6, 1.0, -36.3, "Soldier", -400, 45.28)
upgrade(7.6, -36.3, 1, -500, 45.93)
place(11.1, 1.0, -38.0, "Soldier", -500, 47.42)
upgrade(11.1, -38.0, 1, -600, 47.97)
upgrade(11.1, -31.7, 1, -1300, 62.47)
place(4.1, 1.0, -37.3, "Shotgunner", -1300, 82.28)
place(-1.0, 1.0, -37.4, "Shotgunner", -1300, 101.95)
upgrade(4.1, -37.3, 1, -1940, 117.85)
upgrade(-1.0, -37.4, 1, -2580, 119.33)
upgrade(4.1, -37.3, 1, -4130, 130.70)
upgrade(-1.0, -37.4, 1, -5680, 145.40)
place(4.2, 1.0, -35.3, "Shotgunner", -5680, 153.35)
upgrade(4.2, -35.3, 1, -6320, 159.40)
upgrade(4.2, -35.3, 1, -7870, 169.08)
place(-1.0, 1.0, -35.3, "Shotgunner", -7870, 174.36)
upgrade(-1.0, -35.3, 1, -8510, 179.15)
upgrade(-1.0, -35.3, 1, -10060, 188.33)
place(-1.1, 1.0, -33.2, "Shotgunner", -10060, 194.41)
upgrade(-1.1, -33.2, 1, -10700, 203.51)
upgrade(-1.1, -33.2, 1, -12250, 207.46)
place(4.1, 1.0, -33.2, "Shotgunner", -12250, 217.14)
upgrade(4.1, -33.2, 1, -12890, 217.79)
upgrade(4.1, -33.2, 1, -14440, 228.01)
place(-0.9, 1.0, -31.1, "Shotgunner", -14440, 232.78)
place(-0.6, 1.0, -28.9, "Shotgunner", -14440, 234.84)
place(4.3, 1.0, -31.0, "Shotgunner", -14440, 236.44)
upgrade(4.3, -31.0, 1, -15080, 238.86)
upgrade(-0.9, -31.1, 1, -15720, 240.48)
upgrade(-0.6, -28.9, 1, -16360, 241.11)
place(6.3, 1.0, -15.8, "Freezer", -16360, 247.11)
place(-4.6, 1.0, 11.1, "Freezer", -16360, 254.03)
place(-4.0, 1.0, 7.9, "Freezer", -16360, 256.56)
place(-4.5, 1.0, 14.1, "Freezer", -16360, 257.53)
upgrade(-0.6, -28.9, 1, -17910, 261.52)
upgrade(-0.9, -31.1, 1, -19460, 263.07)
upgrade(4.3, -31.0, 1, -21010, 267.04)
upgrade(6.3, -15.8, 1, -21310, 269.79)
upgrade(6.3, -15.8, 1, -21760, 270.23)
upgrade(-4.0, 7.9, 1, -22060, 271.98)
upgrade(-4.6, 11.1, 1, -22810, 272.68)
upgrade(-4.5, 14.1, 1, -23560, 274.94)
upgrade(-1.0, -37.4, 1, -30010, 294.39)
upgrade(4.1, -37.3, 1, -36010, 313.59)
sell(-4.0, 7.9, 344.29)
sell(-4.5, 14.1, 344.78)
sell(-4.6, 11.1, 345.36)