-- ZEPHYR_META: {"authorId":"1168981620448055397","authorTag":"koronethol","createdAt":"2026-06-08T13:11:04.034Z","updatedAt":"2026-06-08T13:11:04.034Z"}
place(-1.8, 1.0, 17.2, "Soldier", 0, 2.00)
upgrade(-1.8, 17.2, 1, -100, 3.10)
place(-2.5, 1.0, 20.6, "Soldier", -100, 20.82)
upgrade(-2.5, 20.6, 1, -200, 21.95)
place(-5.2, 1.0, 18.0, "Soldier", -200, 41.26)
upgrade(-5.2, 18.0, 1, -300, 42.41)
upgrade(-1.8, 17.2, 1, -1000, 60.56)
upgrade(-2.5, 20.6, 1, -1700, 77.21)
upgrade(-5.2, 18.0, 1, -2400, 96.68)
place(-5.5, 0.9, 12.4, "Soldier", -2400, 104.79)
upgrade(-5.5, 12.4, 1, -2500, 113.83)
upgrade(-5.5, 12.4, 1, -3200, 117.91)
place(-3.0, 0.9, 9.4, "Soldier", -3200, 125.53)
upgrade(-3.0, 9.4, 1, -3300, 132.30)
upgrade(-3.0, 9.4, 1, -4000, 136.58)
place(0.9, 1.0, 11.4, "Soldier", -4000, 146.93)
upgrade(0.9, 11.4, 1, -4100, 148.27)
upgrade(0.9, 11.4, 1, -4800, 156.49)
place(3.5, 0.9, 14.7, "Soldier", -4800, 160.52)
upgrade(3.5, 14.7, 1, -4900, 161.66)
place(4.4, 1.0, 11.5, "Soldier", -5600, 177.31)
upgrade(4.4, 11.5, 1, -5700, 178.41)
place(2.9, 1.0, 18.5, "Soldier", -6400, 182.42)
upgrade(2.9, 18.5, 1, -6500, 183.41)
upgrade(2.9, 18.5, 1, -7200, 197.22)
place(2.1, 1.0, 21.7, "Soldier", -7200, 208.50)
upgrade(2.1, 21.7, 1, -7300, 209.54)
upgrade(2.1, 21.7, 1, -8000, 209.89)
sell(-5.5, 12.4, 241.34)
sell(-3.0, 9.4, 242.76)
sell(0.9, 11.4, 243.76)
sell(4.4, 11.5, 244.92)
place(-5.6, 1.0, 8.6, "EvolvedJuggernaut", -8000, 248.91)
skip(13, 253.94)
skip(13, 254.37)