-- ZEPHYR_META: {"authorId":"1514236893640917094","authorTag":"rhythmsomemythm","category":"community","official":false,"createdAt":"2026-07-22T12:44:56.912Z","updatedAt":"2026-07-22T12:44:56.912Z"}
place(-12.4, 1.6, 26.0, "Farm", 0, 0.66)
place(-12.1, 1.5, 30.4, "Farm", 0, 1.64)
place(-12.2, 1.4, 35.2, "Farm", 0, 2.90)
upgrade(-12.4, 26.0, 1, -200, 4.31)
upgrade(-12.1, 30.4, 1, -400, 6.40)
upgrade(-12.2, 35.2, 1, -600, 7.52)
upgrade(-12.4, 26.0, 1, -1200, 15.87)
upgrade(-12.1, 30.4, 1, -1800, 19.89)
place(9.4, 1.2, 21.3, "Boomerang", -1800, 27.33)
upgrade(-12.2, 35.2, 1, -2400, 34.03)
upgrade(9.4, 21.3, 1, -2800, 38.15)
place(-16.5, 1.5, 35.1, "Farm", -2800, 41.95)
upgrade(-16.5, 35.1, 1, -3000, 43.13)
upgrade(-16.5, 35.1, 1, -3600, 49.97)
upgrade(9.4, 21.3, 1, -4350, 53.62)
place(-16.2, 1.5, 30.9, "Farm", -4350, 56.02)
upgrade(-16.2, 30.9, 1, -4550, 58.43)
upgrade(-12.2, 35.2, 1, -5800, 65.75)
upgrade(-12.1, 30.4, 1, -7050, 76.05)
upgrade(9.4, 21.3, 1, -9550, 93.71)
upgrade(-12.4, 26.0, 1, -10800, 100.25)
upgrade(-16.5, 35.1, 1, -12050, 104.18)
upgrade(-16.2, 30.9, 1, -12650, 107.81)
upgrade(-16.2, 30.9, 1, -13900, 108.33)
place(-16.6, 1.5, 26.2, "Farm", -13900, 109.85)
upgrade(-16.6, 26.2, 1, -14100, 115.67)
upgrade(-16.6, 26.2, 1, -14700, 116.34)
upgrade(-16.6, 26.2, 1, -15950, 119.69)
place(6.4, 1.4, 28.3, "Crook Boss", -15950, 129.86)
upgrade(6.4, 28.3, 1, -17450, 131.76)
upgrade(6.4, 28.3, 1, -20200, 140.02)
place(-20.4, 1.4, 35.0, "Farm", -20200, 148.18)
upgrade(-20.4, 35.0, 1, -20400, 149.36)
upgrade(-20.4, 35.0, 1, -22250, 150.05)
place(-20.2, 1.4, 30.9, "Farm", -22250, 151.22)
upgrade(-20.2, 30.9, 1, -22450, 152.35)
upgrade(-20.2, 30.9, 1, -23050, 152.70)
place(-22.7, 1.7, 27.3, "Farm", -24300, 157.40)
upgrade(-22.7, 27.3, 1, -24500, 158.62)
upgrade(-22.7, 27.3, 1, -26350, 159.27)
place(3.0, 1.4, 28.4, "Crook Boss", -26350, 166.64)
upgrade(3.0, 28.4, 1, -27850, 169.65)
upgrade(3.0, 28.4, 1, -30600, 170.02)
place(6.3, 1.2, 21.5, "Boomerang", -30600, 176.12)
upgrade(6.3, 21.5, 1, -31000, 177.60)
upgrade(6.3, 21.5, 1, -31750, 178.36)
upgrade(6.3, 21.5, 1, -34250, 183.44)
place(-0.2, 1.5, 28.1, "Crook Boss", -34250, 190.62)
upgrade(-0.2, 28.1, 1, -35750, 201.99)
upgrade(-0.2, 28.1, 1, -38500, 205.70)
place(4.9, 1.4, 30.9, "Crook Boss", -38500, 209.26)
upgrade(4.9, 30.9, 1, -40000, 224.21)
upgrade(4.9, 30.9, 1, -42750, 227.51)
place(1.0, 1.4, 30.9, "Crook Boss", -42750, 230.73)
upgrade(1.0, 30.9, 1, -44250, 240.05)
upgrade(1.0, 30.9, 1, -47000, 243.71)
place(3.1, 1.3, 21.3, "Boomerang", -47000, 250.52)
upgrade(3.1, 21.3, 1, -47400, 251.75)
upgrade(3.1, 21.3, 1, -48150, 252.16)
upgrade(3.1, 21.3, 1, -50650, 275.97)
place(9.4, 0.7, 18.1, "Boomerang", -50650, 278.40)
upgrade(9.4, 18.1, 1, -51050, 279.86)
upgrade(9.4, 18.1, 1, -51800, 280.30)
upgrade(9.4, 18.1, 1, -54300, 280.91)
place(7.1, 0.4, 15.4, "Boomerang", -54300, 287.70)
upgrade(7.1, 15.4, 1, -54700, 289.13)
upgrade(7.1, 15.4, 1, -55450, 289.72)
upgrade(7.1, 15.4, 1, -57950, 296.48)
upgrade(6.4, 28.3, 1, -71950, 328.72)
upgrade(3.0, 28.4, 1, -85950, 354.86)
upgrade(4.9, 30.9, 1, -99950, 391.71)
upgrade(9.4, 21.3, 1, -106950, 400.27)
upgrade(9.4, 18.1, 1, -113950, 413.52)
upgrade(6.3, 21.5, 1, -120950, 419.26)
sell(4.9, 30.9, 427.48)
place(4.9, 1.4, 34.8, "EvolvedKingpin", -120950, 428.36)
upgrade(4.9, 34.8, 1, -122350, 429.86)
upgrade(4.9, 34.8, 1, -132350, 432.17)
upgrade(4.9, 34.8, 1, -139600, 439.85)
upgrade(3.1, 21.3, 1, -146600, 454.86)
ability(4.9, 34.8, "Bounty", 461.81)
upgrade(7.1, 15.4, 1, -153600, 466.85)
place(2.5, 1.4, 37.1, "EvolvedKingpin", -153600, 478.28)
upgrade(2.5, 37.1, 1, -155000, 479.76)