-- ZEPHYR_META: {"authorId":"953270431417262151","authorTag":"dark_xzz1","category":"community","official":false,"createdAt":"2026-09-06T04:47:13.621Z","updatedAt":"2026-09-06T04:47:13.621Z"}
place(26.9, -2.3, 74.4, "Militant", -110100, 3.31)
upgrade(26.9, 74.4, 1, -110400, 19.84)
upgrade(26.9, 74.4, 1, -111250, 59.25)
skip(4, 89.55)
skip(5, 114.97)
skip(6, 139.86)
upgrade(26.9, 74.4, 1, -114000, 140.42)
skip(7, 166.60)
place(28.3, -2.4, 65.6, "Shotgunner", -114000, 169.49)
upgrade(28.3, 65.6, 1, -114750, 187.05)
skip(8, 192.57)
upgrade(28.3, 65.6, 1, -116250, 195.60)
skip(9, 218.36)
place(26.2, -2.3, 65.7, "Shotgunner", -116250, 230.87)
upgrade(26.2, 65.7, 1, -117000, 233.21)
upgrade(26.2, 65.7, 1, -118500, 251.46)
skip(11, 268.88)
place(28.1, -2.4, 63.6, "Shotgunner", -118500, 272.41)
upgrade(28.1, 63.6, 1, -119250, 280.79)
upgrade(28.1, 63.6, 1, -120750, 284.25)
place(27.2, -2.3, 77.4, "Militant", -120750, 293.18)
skip(12, 294.88)
upgrade(27.2, 77.4, 1, -121050, 296.13)
upgrade(27.2, 77.4, 1, -121900, 302.05)
skip(13, 320.33)
place(27.8, -2.3, 51.3, "Pyromancer", -121900, 324.71)
upgrade(27.8, 51.3, 1, -122225, 326.82)
upgrade(27.8, 51.3, 1, -123225, 327.42)
upgrade(27.8, 51.3, 1, -125225, 328.23)
skip(14, 348.05)
upgrade(27.2, 77.4, 1, -127975, 351.46)
skip(15, 374.24)
upgrade(27.2, 77.4, 1, -135975, 396.09)
skip(16, 418.18)
upgrade(26.9, 74.4, 1, -143975, 435.09)
skip(17, 444.50)
place(21.5, -2.3, 70.9, "Shotgunner", -143975, 447.86)
place(21.6, -2.3, 72.9, "Shotgunner", -143975, 450.96)
place(23.6, -2.3, 70.9, "Shotgunner", -143975, 455.39)
place(23.8, -2.3, 74.6, "Pyromancer", -143975, 464.53)
skip(18, 476.20)
upgrade(23.8, 74.6, 1, -144300, 479.17)
upgrade(23.8, 74.6, 1, -145300, 479.89)
upgrade(23.8, 74.6, 1, -147300, 480.63)
upgrade(23.6, 70.9, 1, -148050, 483.77)
upgrade(23.6, 70.9, 1, -149550, 484.61)
upgrade(21.5, 70.9, 1, -150300, 487.90)
upgrade(21.5, 70.9, 1, -151800, 489.39)
upgrade(21.6, 72.9, 1, -152550, 493.20)
upgrade(21.6, 72.9, 1, -154050, 496.56)
place(30.2, -2.3, 77.6, "Militant", -154050, 504.48)
upgrade(30.2, 77.6, 1, -154350, 508.30)
upgrade(30.2, 77.6, 1, -155200, 508.89)
skip(19, 510.23)
upgrade(30.2, 77.6, 1, -157950, 511.67)
upgrade(30.2, 77.6, 1, -165950, 533.79)
skip(20, 543.70)
place(33.3, -2.3, 77.7, "Militant", -165950, 549.99)
upgrade(33.3, 77.7, 1, -166250, 552.37)
upgrade(33.3, 77.7, 1, -167100, 552.95)
upgrade(33.3, 77.7, 1, -169850, 554.31)
upgrade(33.3, 77.7, 1, -177850, 568.91)
skip(21, 570.57)
place(32.7, -2.3, 82.9, "Militant", -177850, 579.24)
upgrade(32.7, 82.9, 1, -178150, 582.20)
upgrade(32.7, 82.9, 1, -179000, 583.09)
upgrade(32.7, 82.9, 1, -181750, 584.65)
upgrade(32.7, 82.9, 1, -189750, 590.92)
upgrade(23.6, 70.9, 1, -196250, 610.23)
skip(23, 625.88)
upgrade(21.5, 70.9, 1, -202750, 631.05)
upgrade(21.6, 72.9, 1, -209250, 648.50)
skip(24, 653.62)
upgrade(28.3, 65.6, 1, -215750, 658.38)
upgrade(26.2, 65.7, 1, -222250, 673.08)
skip(25, 682.15)
upgrade(28.1, 63.6, 1, -228750, 684.40)