-- ZEPHYR_META: {"authorId":"1287344777188347987","authorTag":"sauqi0019_80474","category":"community","official":false,"createdAt":"2026-07-23T01:38:21.505Z","updatedAt":"2026-07-23T01:38:21.505Z"}
-- NOTE: this is a note from a developer
place(-2.6, -0.0, 8.0, "Scout", 0, 1.90)
place(-20.9, -0.0, 8.7, "Trapper", 0, 14.27)
upgrade(1.0, 8.2, 1, -50, 20.83)
upgrade(-2.6, 8.0, 1, -100, 22.07)
place(-5.8, -0.0, 8.0, "Scout", -100, 29.68)
upgrade(-5.8, 8.0, 1, -150, 30.87)
place(-16.7, -0.0, 8.8, "Trapper", -150, 48.84)
place(0.7, -0.0, -5.2, "Pyromancer", -150, 82.10)
upgrade(0.7, -5.2, 1, -475, 85.70)
place(0.5, -0.0, -1.7, "Pyromancer", -475, 103.15)
upgrade(0.5, -1.7, 1, -800, 104.30)
place(0.5, -0.0, 1.5, "Pyromancer", -800, 134.71)
upgrade(0.5, 1.5, 1, -1125, 135.97)
place(7.4, -0.0, -1.5, "Pyromancer", -1125, 152.27)
upgrade(7.4, -1.5, 1, -1450, 153.50)
upgrade(-20.9, 8.7, 1, -1950, 161.73)
upgrade(-16.7, 8.8, 1, -2450, 174.96)
upgrade(1.0, 8.2, 1, -2825, 181.71)
upgrade(-2.6, 8.0, 1, -3200, 183.37)
upgrade(-5.8, 8.0, 1, -3575, 185.09)
upgrade(1.0, 8.2, 1, -4925, 209.54)
upgrade(-2.6, 8.0, 1, -6275, 211.20)
upgrade(-5.8, 8.0, 1, -7625, 220.28)
place(-9.0, -0.0, 8.2, "Scout", -7625, 227.77)
upgrade(-9.0, 8.2, 1, -7675, 228.93)
upgrade(-9.0, 8.2, 1, -8050, 229.71)
upgrade(-16.7, 8.8, 1, -9550, 246.35)
upgrade(-20.9, 8.7, 1, -11050, 249.67)
upgrade(-5.8, 8.0, 1, -13250, 276.30)
upgrade(-9.0, 8.2, 1, -14600, 278.41)
place(7.6, -0.0, 2.0, "Pyromancer", -14600, 289.26)
upgrade(7.6, 2.0, 1, -14925, 290.49)
upgrade(7.4, -1.5, 1, -15925, 294.49)
upgrade(7.6, 2.0, 1, -16925, 296.04)
upgrade(1.0, 8.2, 1, -19125, 325.47)
upgrade(-2.6, 8.0, 1, -21325, 327.15)
upgrade(0.5, 1.5, 1, -22325, 349.21)
upgrade(0.7, -5.2, 1, -23325, 351.79)
upgrade(0.5, -1.7, 1, -24325, 353.47)
place(-12.4, -0.0, 8.0, "Scout", -24325, 380.96)
upgrade(-12.4, 8.0, 1, -24375, 382.14)
upgrade(-12.4, 8.0, 1, -26100, 382.61)
upgrade(-12.4, 8.0, 1, -28300, 383.18)
place(0.2, -0.0, 5.1, "Scout", -28300, 389.07)
upgrade(0.2, 5.1, 1, -28350, 390.34)
upgrade(0.2, 5.1, 1, -28725, 390.79)
upgrade(0.2, 5.1, 1, -30075, 391.30)
upgrade(0.2, 5.1, 1, -32275, 391.79)
upgrade(-16.7, 8.8, 1, -38275, 413.67)
upgrade(-20.9, 8.7, 1, -44275, 428.07)
upgrade(7.6, 2.0, 1, -46275, 445.67)
upgrade(0.5, 1.5, 1, -48275, 448.21)
upgrade(7.4, -1.5, 1, -50275, 457.59)
upgrade(0.5, -1.7, 1, -52275, 460.21)
upgrade(0.7, -5.2, 1, -54275, 483.03)
place(-15.5, -0.0, 5.6, "Scout", -54275, 499.43)
upgrade(-15.5, 5.6, 1, -54325, 500.62)
upgrade(-15.5, 5.6, 1, -56050, 501.02)
upgrade(-15.5, 5.6, 1, -58250, 501.82)
place(-20.5, -0.0, 4.9, "Pyromancer", -58250, 523.90)
upgrade(-20.5, 4.9, 1, -58575, 525.13)
upgrade(-20.5, 4.9, 1, -59575, 525.61)
upgrade(-20.5, 4.9, 1, -61575, 526.33)