-- ZEPHYR_META: {"authorId":"1292611495603208253","authorTag":"grnalien8p1","category":"community","official":false,"createdAt":"2026-06-24T12:47:40.946Z","updatedAt":"2026-06-24T12:47:40.946Z"}
place(-4.9, -0.1, -5.7, "Scout", 0, 1.14)
upgrade(-4.9, -5.7, 1, -50, 4.09)
upgrade(-4.9, -5.7, 1, -425, 5.03)
upgrade(-4.9, -5.7, 1, -1775, 16.99)
place(-2.1, 0.1, -4.2, "Scout", -1775, 19.27)
upgrade(-2.1, -4.2, 1, -1825, 24.14)
upgrade(-2.1, -4.2, 1, -2200, 26.65)
skip(4, 36.69)
skip(5, 48.42)
upgrade(-2.1, -4.2, 1, -3550, 49.99)
place(0.9, 0.2, -4.5, "Scout", -3550, 53.03)
upgrade(0.9, -4.5, 1, -3600, 54.53)
skip(6, 60.73)
upgrade(0.9, -4.5, 1, -3975, 62.04)
skip(7, 74.71)
upgrade(0.9, -4.5, 1, -5325, 77.21)
place(0.4, 0.1, -1.2, "Scout", -5325, 86.59)
skip(8, 89.01)
upgrade(0.4, -1.2, 1, -5375, 90.25)
skip(9, 102.81)
upgrade(0.4, -1.2, 1, -7100, 103.92)
skip(10, 114.74)
skip(11, 126.80)
upgrade(0.9, -4.5, 1, -9300, 128.52)
skip(12, 138.81)
skip(13, 150.60)
upgrade(-2.1, -4.2, 1, -11500, 151.88)
skip(14, 164.42)
upgrade(0.4, -1.2, 1, -13700, 166.01)