-- ZEPHYR_META: {"authorId":"1514577606932959314","authorTag":"xanderbig56dih","category":"community","official":false,"createdAt":"2026-06-21T03:54:30.388Z","updatedAt":"2026-06-21T03:54:30.388Z"}
-- NOTE: last one bugged
upgrade(-1.7, -35.1, 1, -325, 8.39)
upgrade(-1.7, -35.1, 1, -1325, 27.04)
upgrade(-1.7, -35.1, 1, -3325, 60.90)
place(-7.9, 1.0, -32.5, "Shotgunner", -3325, 73.39)
upgrade(-7.9, -32.5, 1, -3965, 86.86)
upgrade(-7.9, -32.5, 1, -5515, 99.63)
upgrade(-1.7, -35.1, 1, -9265, 130.93)
place(-5.7, 1.0, -32.8, "Shotgunner", -9265, 144.47)
upgrade(-5.7, -32.8, 1, -9905, 155.16)
upgrade(-5.7, -32.8, 1, -11455, 168.86)
place(-10.0, 1.0, -32.7, "Shotgunner", -11455, 179.12)
upgrade(-10.0, -32.7, 1, -12095, 189.16)
upgrade(-10.0, -32.7, 1, -13645, 206.63)
place(-1.3, 1.0, -32.0, "Scout", -13645, 212.05)
upgrade(-1.3, -32.0, 1, -13695, 213.99)
upgrade(-1.3, -32.0, 1, -14070, 214.37)
upgrade(-1.3, -32.0, 1, -15420, 225.17)
place(-4.0, 1.0, -30.6, "Scout", -15420, 228.79)
upgrade(-4.0, -30.6, 1, -15470, 230.76)
upgrade(-4.0, -30.6, 1, -15845, 231.21)
upgrade(-4.0, -30.6, 1, -17195, 239.71)
place(-6.6, 0.9, -29.0, "Scout", -17195, 243.76)
upgrade(-6.6, -29.0, 1, -17245, 245.81)
upgrade(-6.6, -29.0, 1, -17620, 253.60)
upgrade(-6.6, -29.0, 1, -18970, 261.79)
place(-9.8, 1.0, -29.0, "Scout", -18970, 267.64)
upgrade(-9.8, -29.0, 1, -19020, 268.89)
upgrade(-9.8, -29.0, 1, -19395, 276.69)
upgrade(-9.8, -29.0, 1, -20745, 277.41)
place(-1.1, 0.9, -25.0, "Scout", -20745, 280.27)
upgrade(-1.1, -25.0, 1, -20795, 283.37)
upgrade(-1.1, -25.0, 1, -21170, 286.94)
upgrade(-1.1, -25.0, 1, -22520, 292.25)
place(0.7, 0.7, -22.5, "Scout", -22520, 295.65)
upgrade(0.7, -22.5, 1, -22570, 297.67)
upgrade(0.7, -22.5, 1, -22945, 298.29)
upgrade(0.7, -22.5, 1, -24295, 313.28)
place(-2.4, 0.7, -22.3, "Scout", -24295, 318.09)
upgrade(-2.4, -22.3, 1, -24345, 319.31)
upgrade(-2.4, -22.3, 1, -24720, 319.82)
upgrade(-2.4, -22.3, 1, -26070, 320.45)