-- ZEPHYR_META: {"authorId":"1324532088619270154","authorTag":"rip_v1p","category":"community","official":false,"createdAt":"2026-06-20T15:42:35.982Z","updatedAt":"2026-06-20T15:42:35.982Z"}
place(-4.0, 1.0, -31.6, "Electroshocker", -20275, 1.79)
upgrade(-4.0, -31.6, 1, -20550, 4.90)
upgrade(-4.0, -31.6, 1, -21500, 14.43)
place(-1.1, 0.7, -23.8, "Electroshocker", -21500, 29.83)
upgrade(-1.1, -23.8, 1, -21775, 33.97)
upgrade(-1.1, -23.8, 1, -22725, 44.14)
place(-10.4, 1.0, -28.4, "Scout", -22725, 63.55)
upgrade(-4.0, -31.6, 1, -25125, 81.19)
upgrade(-1.1, -23.8, 1, -27525, 109.33)
place(8.3, 1.2, 21.8, "Hunter", -27525, 145.05)
place(4.9, 1.3, 22.2, "Hunter", -27525, 147.31)
place(5.8, 1.0, 19.0, "Hunter", -27525, 195.02)
place(2.2, 1.3, 19.4, "Hunter", -27525, 196.39)
place(1.3, 1.4, 22.3, "Hunter", -27525, 198.59)
place(10.0, 0.8, 18.8, "Hunter", -27525, 224.30)
place(11.5, 1.2, 22.3, "Hunter", -27525, 226.08)
place(13.7, 1.2, 27.9, "Scout", -27525, 230.10)
upgrade(13.7, 27.9, 1, -27575, 232.46)
upgrade(2.2, 19.4, 1, -28300, 252.86)
upgrade(5.8, 19.0, 1, -29025, 259.65)
upgrade(10.0, 18.8, 1, -29750, 263.03)
upgrade(1.3, 22.3, 1, -30475, 282.18)
upgrade(4.9, 22.2, 1, -31200, 284.83)
upgrade(2.2, 19.4, 1, -34050, 305.39)
place(1.0, 1.5, 32.5, "Electroshocker", -34050, 314.82)
upgrade(1.0, 32.5, 1, -34325, 316.79)
upgrade(1.0, 32.5, 1, -36225, 317.32)