-- ZEPHYR_META: {"authorId":"1221317344337592453","authorTag":"jasson_cookie911","category":"community","official":false,"createdAt":"2026-06-24T08:32:18.499Z","updatedAt":"2026-06-24T08:32:18.499Z"}
place(-0.3, 0.1, -8.9, "Scout", 0, 3.02)
place(2.9, 0.3, -7.9, "Scout", 0, 6.94)
place(-2.8, -0.0, -7.2, "Scout", 0, 12.40)
place(5.8, 0.4, -6.6, "Scout", 0, 13.92)
upgrade(5.8, -6.6, 1, -50, 16.12)
upgrade(2.9, -7.9, 1, -100, 16.65)
upgrade(-0.3, -8.9, 1, -150, 17.15)
upgrade(-2.8, -7.2, 1, -200, 17.72)
upgrade(-2.8, -7.2, 1, -575, 18.11)
upgrade(-0.3, -8.9, 1, -950, 20.49)
upgrade(2.9, -7.9, 1, -1325, 21.07)
upgrade(5.8, -6.6, 1, -1700, 25.59)
upgrade(5.8, -6.6, 1, -3050, 48.06)
upgrade(2.9, -7.9, 1, -4400, 71.82)
upgrade(-0.3, -8.9, 1, -5750, 85.51)
upgrade(-2.8, -7.2, 1, -7100, 107.56)
upgrade(-2.8, -7.2, 1, -9300, 126.62)
upgrade(-0.3, -8.9, 1, -11500, 142.16)
upgrade(2.9, -7.9, 1, -13700, 167.94)
upgrade(5.8, -6.6, 1, -15900, 200.15)