-- ZEPHYR_META: {"authorId":"1514577606932959314","authorTag":"xanderbig56dih","category":"community","official":false,"createdAt":"2026-06-21T03:14:49.163Z","updatedAt":"2026-06-21T03:14:49.163Z"}
upgrade(-1.9, -35.4, 1, -325, 6.67)
upgrade(-1.9, -35.4, 1, -1325, 26.24)
upgrade(-1.9, -35.4, 1, -3325, 59.70)
place(-8.5, 1.0, -31.9, "Shotgunner", -3325, 81.82)
upgrade(-8.5, -31.9, 1, -3965, 85.76)
upgrade(-8.5, -31.9, 1, -5515, 99.21)
upgrade(-1.9, -35.4, 1, -9265, 132.77)
upgrade(-8.5, -31.9, 1, -15265, 190.22)
place(-6.5, 1.0, -32.2, "Shotgunner", -15265, 213.90)
upgrade(-6.5, -32.2, 1, -15905, 216.81)
upgrade(-6.5, -32.2, 1, -17455, 226.37)
place(-2.2, 1.0, -32.3, "Scout", -17455, 271.95)
upgrade(-2.2, -32.3, 1, -17505, 273.75)
upgrade(-2.2, -32.3, 1, -19230, 275.24)
place(0.8, 1.0, -32.3, "Scout", -19230, 278.73)
upgrade(0.8, -32.3, 1, -19280, 280.49)
upgrade(0.8, -32.3, 1, -21005, 281.40)
place(-0.8, 0.8, -24.5, "Scout", -21005, 284.09)
upgrade(-0.8, -24.5, 1, -21055, 286.17)
upgrade(-0.8, -24.5, 1, -21430, 286.59)
upgrade(-0.8, -24.5, 1, -22780, 289.29)
place(-3.0, 0.7, -22.4, "Scout", -22780, 294.90)
upgrade(-3.0, -22.4, 1, -22830, 296.68)
upgrade(-3.0, -22.4, 1, -24555, 305.88)
sell(-6.5, -32.2, 308.45)
sell(-8.5, -31.9, 309.90)
place(-7.4, 0.4, -21.1, "Scout", -24555, 311.47)
upgrade(-7.4, -21.1, 1, -24605, 313.37)
upgrade(-7.4, -21.1, 1, -26330, 314.10)
upgrade(-2.2, -32.3, 1, -28530, 317.41)