-- ZEPHYR_META: {"authorId":"1246042896441016396","authorTag":"maryetsit","category":"community","official":false,"createdAt":"2026-08-24T13:42:34.409Z","updatedAt":"2026-08-24T13:42:34.409Z"}
-- NOTE: W/timescale 2x are 2,131
place(-6.0, 0.9, -30.3, "Pyromancer", -105629, 0.62)
target(-6.0, -30.3, "Last", 2.60)
target(-6.0, -30.3, "Strongest", 3.12)
target(-6.0, -30.3, "Weakest", 4.62)
target(-6.0, -30.3, "Closest", 5.09)
target(-6.0, -30.3, "Farthest", 6.03)
upgrade(-6.0, -30.3, 1, -105954, 6.82)
place(-16.7, 0.9, -25.0, "Farm", -105954, 11.22)
upgrade(-16.7, -25.0, 1, -106154, 17.31)
place(-16.6, 1.0, -29.1, "Farm", -106154, 19.24)
upgrade(-16.6, -29.1, 1, -106354, 20.66)
upgrade(-16.7, -25.0, 1, -106954, 28.34)
skip(4, 36.85)
upgrade(-16.6, -29.1, 1, -107554, 38.59)
place(-16.9, 1.0, -32.8, "Farm", -107554, 39.90)
upgrade(-16.9, -32.8, 1, -107754, 42.42)
place(-17.0, 1.0, -36.3, "Farm", -107754, 43.93)
skip(5, 49.16)
upgrade(-17.0, -36.3, 1, -107954, 51.68)
upgrade(-6.0, -30.3, 1, -108954, 54.42)
skip(6, 60.98)
place(-17.3, 1.1, -40.2, "Farm", -108954, 62.51)
upgrade(-17.3, -40.2, 1, -109154, 64.15)
upgrade(-17.3, -40.2, 1, -109754, 66.73)
upgrade(-16.9, -32.8, 1, -110354, 68.91)
upgrade(-17.0, -36.3, 1, -110954, 76.73)
place(6.3, 1.4, 28.1, "Shotgunner", -110954, 82.53)
skip(8, 89.01)
upgrade(6.3, 28.1, 1, -111704, 90.87)
upgrade(6.3, 28.1, 1, -113204, 100.66)
place(-20.5, 0.6, -24.9, "Farm", -113204, 104.27)
upgrade(-20.5, -24.9, 1, -113404, 105.88)
upgrade(-20.5, -24.9, 1, -114004, 108.30)
place(-20.5, 0.8, -30.4, "Farm", -114004, 110.03)
upgrade(-20.5, -30.4, 1, -114204, 111.55)
upgrade(-20.5, -30.4, 1, -114804, 116.48)
place(-20.7, 0.9, -34.2, "Farm", -114804, 117.77)
upgrade(-20.7, -34.2, 1, -115004, 119.12)
upgrade(-20.7, -34.2, 1, -115604, 120.74)
place(-20.9, 0.9, -38.0, "Farm", -115604, 122.20)
upgrade(-20.9, -38.0, 1, -115804, 123.55)
upgrade(-20.9, -38.0, 1, -116404, 124.10)
place(-24.0, 0.5, -31.8, "Farm", -116404, 125.42)
upgrade(-24.0, -31.8, 1, -116604, 127.43)
upgrade(-24.0, -31.8, 1, -117204, 129.13)
place(8.4, 0.5, -11.4, "Shotgunner", -117204, 133.14)
upgrade(8.4, -11.4, 1, -117954, 134.69)
upgrade(8.4, -11.4, 1, -119454, 140.87)
upgrade(-16.7, -25.0, 1, -120704, 144.41)
upgrade(-16.6, -29.1, 1, -121954, 145.45)
upgrade(-6.0, -30.3, 1, -123954, 156.70)
upgrade(-16.9, -32.8, 1, -125204, 158.20)
skip(14, 164.79)
upgrade(-17.0, -36.3, 1, -126454, 166.80)
upgrade(-17.3, -40.2, 1, -127704, 170.45)
upgrade(-20.5, -24.9, 1, -128954, 174.44)
upgrade(-20.5, -30.4, 1, -130204, 175.10)
upgrade(-20.7, -34.2, 1, -131454, 180.68)
upgrade(-20.9, -38.0, 1, -132704, 184.39)
upgrade(-24.0, -31.8, 1, -133954, 185.43)
place(10.0, 0.5, -12.9, "Shotgunner", -133954, 190.06)
upgrade(10.0, -12.9, 1, -134704, 191.59)
upgrade(10.0, -12.9, 1, -136204, 202.82)
place(10.7, 0.5, -15.0, "Shotgunner", -136204, 207.16)
upgrade(10.7, -15.0, 1, -136954, 208.82)
upgrade(10.7, -15.0, 1, -138454, 209.34)
upgrade(-6.0, -30.3, 1, -142231, 224.87)
place(11.9, 1.2, 29.6, "Shotgunner", -142231, 229.26)
upgrade(11.9, 29.6, 1, -142981, 230.69)
upgrade(11.9, 29.6, 1, -144481, 231.11)
place(-5.3, 1.5, 27.8, "Shotgunner", -144481, 234.14)
upgrade(-5.3, 27.8, 1, -145231, 241.04)
upgrade(-5.3, 27.8, 1, -146731, 244.31)
place(1.7, 1.4, 34.0, "Shotgunner", -146731, 247.86)
upgrade(1.7, 34.0, 1, -147481, 249.66)
upgrade(1.7, 34.0, 1, -148981, 250.18)
place(4.1, 1.4, 27.9, "Shotgunner", -148981, 261.40)
upgrade(4.1, 27.9, 1, -149731, 274.94)
upgrade(4.1, 27.9, 1, -151231, 276.83)
place(7.9, 0.5, -13.7, "Shotgunner", -151231, 282.22)
upgrade(7.9, -13.7, 1, -151981, 283.72)
upgrade(7.9, -13.7, 1, -153481, 284.12)
upgrade(1.7, 34.0, 1, -159981, 299.65)
upgrade(6.3, 28.1, 1, -166481, 312.42)
upgrade(4.1, 27.9, 1, -172981, 332.54)
upgrade(-5.3, 27.8, 1, -179481, 338.94)
upgrade(11.9, 29.6, 1, -185981, 352.56)
upgrade(7.9, -13.7, 1, -192481, 372.46)
upgrade(8.4, -11.4, 1, -198981, 388.95)
upgrade(10.0, -12.9, 1, -205481, 393.01)
upgrade(10.7, -15.0, 1, -211981, 404.42)
skip(27, 412.74)
skip(28, 428.78)