-- ZEPHYR_META: {"authorId":"811059193086869534","authorTag":"hzhahb102","createdAt":"2026-06-10T12:34:39.158Z","updatedAt":"2026-06-10T12:34:39.158Z"}
-- NOTE: ko co j
skip(1, 20.75)
place(22.4, 2.0, -2.9, "Assassin", 0, 26.40)
upgrade(-21.4, -5.4, 1, -450, 45.12)
upgrade(22.4, -2.9, 1, -900, 94.11)
upgrade(-21.4, -5.4, 1, -1650, 109.35)
upgrade(22.4, -2.9, 1, -2400, 123.46)
place(-21.9, 2.0, 1.9, "Shotgunner", -2400, 150.36)
place(22.1, 2.0, 2.8, "Shotgunner", -2400, 157.25)
skip(7, 173.09)
upgrade(-21.9, 1.9, 1, -3040, 175.01)
upgrade(22.1, 2.8, 1, -3680, 178.79)
upgrade(-21.9, 1.9, 1, -5230, 198.14)
skip(9, 224.03)
upgrade(22.1, 2.8, 1, -6780, 226.43)
place(22.1, 2.0, 5.4, "Shotgunner", -6780, 234.02)
place(-21.6, 2.0, 4.2, "Shotgunner", -6780, 247.31)
upgrade(-21.6, 4.2, 1, -7420, 250.48)
upgrade(22.1, 5.4, 1, -8060, 254.50)
upgrade(-21.6, 4.2, 1, -9610, 272.32)
upgrade(22.1, 5.4, 1, -11160, 276.76)
place(20.0, 2.0, 5.2, "Shotgunner", -11160, 280.16)
place(-18.8, 2.0, 3.8, "Shotgunner", -11160, 288.75)
upgrade(20.0, 5.2, 1, -11800, 304.35)
upgrade(20.0, 5.2, 1, -13350, 305.41)
upgrade(-18.8, 3.8, 1, -13990, 311.75)
upgrade(-18.8, 3.8, 1, -15540, 314.47)
place(-19.6, 2.0, 1.9, "Shotgunner", -15540, 322.32)
upgrade(-19.6, 1.9, 1, -16180, 324.12)
upgrade(-19.6, 1.9, 1, -17730, 324.60)
place(19.7, 2.0, 2.9, "Shotgunner", -17730, 332.32)
upgrade(19.7, 2.9, 1, -19920, 347.06)
upgrade(19.7, 2.9, 1, -19920, 347.26)
upgrade(19.7, 2.9, 1, -19920, 350.54)
place(-20.2, 2.0, 5.7, "Shotgunner", -19920, 363.14)
upgrade(-20.2, 5.7, 1, -20560, 365.39)
upgrade(-20.2, 5.7, 1, -22110, 365.72)
upgrade(-20.2, 5.7, 1, -28110, 395.12)
upgrade(20.0, 5.2, 1, -34110, 410.02)
upgrade(-18.8, 3.8, 1, -40110, 451.54)
upgrade(22.1, 2.8, 1, -46110, 455.60)
upgrade(-19.6, 1.9, 1, -52110, 477.82)
upgrade(19.7, 2.9, 1, -58110, 492.98)
upgrade(22.1, 5.4, 1, -64110, 517.05)
upgrade(-21.9, 1.9, 1, -70110, 527.34)
upgrade(-21.6, 4.2, 1, -76110, 530.58)
place(18.6, 2.0, -1.9, "Commander", -76110, 559.17)
upgrade(18.6, -1.9, 1, -78960, 560.92)
upgrade(18.6, -1.9, 1, -78960, 561.22)
place(-18.2, 2.0, -0.4, "Commander", -78960, 564.80)
upgrade(-18.2, -0.4, 1, -79360, 566.36)
upgrade(-18.2, -0.4, 1, -81810, 566.88)
upgrade(-21.9, 1.9, 1, -100310, 577.79)
ability(-18.2, -0.4, "Call Of Arms", 581.63)
ability(18.6, -1.9, "Call Of Arms", 583.26)
upgrade(22.1, 2.8, 1, -118810, 606.29)
upgrade(19.7, 2.9, 1, -137310, 623.78)
ability(18.6, -1.9, "Call Of Arms", 625.32)
ability(-18.2, -0.4, "Call Of Arms", 626.06)
upgrade(-19.6, 1.9, 1, -155810, 646.98)
upgrade(-21.6, 4.2, 1, -174310, 674.08)
upgrade(-18.8, 3.8, 1, -192810, 709.19)
ability(-18.2, -0.4, "Call Of Arms", 714.29)
ability(18.6, -1.9, "Call Of Arms", 714.67)
upgrade(-20.2, 5.7, 1, -211310, 735.49)
upgrade(20.0, 5.2, 1, -229810, 753.95)
upgrade(-18.2, -0.4, 1, -234310, 761.30)
upgrade(-18.2, -0.4, 1, -248310, 765.53)
upgrade(-21.4, -5.4, 1, -250710, 770.29)
upgrade(-21.4, -5.4, 1, -257060, 774.21)
ability(-18.2, -0.4, "Call Of Arms", 777.36)
ability(18.6, -1.9, "Call Of Arms", 778.07)
place(-28.3, 2.0, -4.4, "Assassin", -257060, 783.61)
upgrade(-28.3, -4.4, 1, -257510, 786.35)
upgrade(-28.3, -4.4, 1, -258260, 786.66)
upgrade(-28.3, -4.4, 1, -259010, 787.04)
upgrade(-28.3, -4.4, 1, -265360, 788.25)
place(-21.1, 2.0, -2.8, "Assassin", -265360, 790.28)
upgrade(-21.1, -2.8, 1, -266560, 791.84)
upgrade(-21.1, -2.8, 1, -267310, 792.08)
upgrade(-21.1, -2.8, 1, -276060, 792.39)
upgrade(-21.1, -2.8, 1, -273660, 792.63)
upgrade(22.1, 5.4, 1, -285810, 808.38)
ability(18.6, -1.9, "Call Of Arms", 810.53)
ability(-18.2, -0.4, "Call Of Arms", 810.95)
place(-28.3, 2.0, -6.8, "Assassin", -285810, 833.23)
upgrade(-28.3, -6.8, 1, -286710, 835.86)
upgrade(-28.3, -6.8, 1, -286710, 836.17)
upgrade(-28.3, -6.8, 1, -289110, 838.54)
upgrade(-28.3, -6.8, 1, -295460, 838.99)
upgrade(22.4, -2.9, 1, -300260, 870.31)
upgrade(22.4, -2.9, 1, -300260, 870.81)
place(-28.1, 2.0, -0.9, "Assassin", -300260, 888.42)
upgrade(-28.1, -0.9, 1, -300710, 890.03)
upgrade(-28.1, -0.9, 1, -302210, 894.56)
upgrade(-28.1, -0.9, 1, -304610, 895.46)
place(-19.6, 2.0, 12.3, "Assassin", -304610, 900.05)
upgrade(-19.6, 12.3, 1, -306710, 902.43)
upgrade(-19.6, 12.3, 1, -307460, 902.70)
place(-28.2, 2.0, 4.3, "Assassin", -306710, 908.49)
upgrade(-28.2, 4.3, 1, -307160, 910.00)
upgrade(-28.2, 4.3, 1, -308660, 910.23)
upgrade(-28.2, 4.3, 1, -311060, 910.49)
place(-28.2, 2.0, 7.9, "Assassin", -311060, 914.54)
upgrade(-28.2, 7.9, 1, -311960, 916.14)
upgrade(-28.2, 7.9, 1, -312710, 916.44)
upgrade(-28.2, 7.9, 1, -315860, 916.72)
place(-22.5, 2.0, 12.1, "Assassin", -313460, 921.35)
upgrade(-22.5, 12.1, 1, -313910, 923.04)
upgrade(-22.5, 12.1, 1, -317810, 923.50)
upgrade(-22.5, 12.1, 1, -320210, 923.97)
ability(-18.2, -0.4, "Call Of Arms", 926.46)
ability(18.6, -1.9, "Call Of Arms", 928.05)
place(-13.4, 2.0, 5.6, "Soldier", -317810, 937.49)
upgrade(-13.4, 5.6, 1, -318010, 939.41)
upgrade(-13.4, 5.6, 1, -319410, 939.80)
upgrade(-13.4, 5.6, 1, -321260, 940.20)
place(-5.6, 2.0, -2.2, "Soldier", -319410, 945.31)
upgrade(-5.6, -2.2, 1, -319610, 947.15)
upgrade(-5.6, -2.2, 1, -321010, 947.63)
upgrade(-5.6, -2.2, 1, -333010, 947.94)
place(-5.0, 2.0, 0.9, "Soldier", -321010, 950.81)
upgrade(-5.0, 0.9, 1, -321210, 953.02)
upgrade(-5.0, 0.9, 1, -321910, 953.22)
upgrade(-5.0, 0.9, 1, -323310, 953.53)
upgrade(-5.0, 0.9, 1, -328610, 953.99)
place(-5.2, 2.0, 4.7, "Soldier", -322610, 957.81)
upgrade(-5.2, 4.7, 1, -322810, 959.68)
upgrade(-5.2, 4.7, 1, -325360, 960.03)
upgrade(-5.2, 4.7, 1, -331360, 960.27)