-- ZEPHYR_META: {"authorId":"1511285231792164965","authorTag":"devxv9_23228","category":"community","official":false,"createdAt":"2026-09-08T04:04:37.415Z","updatedAt":"2026-09-08T04:04:37.415Z"}
place(-18.1, 1.0, -2.9, "Brawler", 0, 2.72)
place(-18.1, 1.0, -5.0, "Brawler", 0, 5.00)
upgrade(-18.1, -2.9, 1, -200, 18.50)
upgrade(-18.1, -5.0, 1, -400, 23.09)
upgrade(-18.1, -5.0, 1, -1600, 37.63)
upgrade(-18.1, -2.9, 1, -2800, 52.43)
upgrade(-18.1, -5.0, 1, -5300, 89.96)
upgrade(-18.1, -2.9, 1, -7800, 110.78)
place(-2.4, 1.0, 2.3, "Hunter", -7800, 138.03)
place(0.7, 1.0, 2.6, "Hunter", -7800, 150.56)
place(-10.4, 1.0, -2.5, "Shotgunner", -7800, 155.20)
upgrade(-10.4, -2.5, 1, -8550, 159.85)
upgrade(-10.4, -2.5, 1, -10050, 167.13)
upgrade(-2.4, 2.3, 1, -10775, 171.21)
skip(12, 189.01)
place(-10.1, 1.0, -0.4, "Shotgunner", -10775, 193.15)
upgrade(-10.1, -0.4, 1, -11525, 195.42)
upgrade(-10.1, -0.4, 1, -13025, 204.30)
skip(13, 211.55)
place(-10.1, 1.0, 1.6, "Shotgunner", -13025, 214.85)
upgrade(-10.1, 1.6, 1, -13775, 217.35)
upgrade(-10.1, 1.6, 1, -15275, 238.48)
upgrade(-2.4, 2.3, 1, -18125, 249.85)
upgrade(0.7, 2.6, 1, -18850, 255.52)
place(-8.3, 1.0, -2.5, "Shotgunner", -18850, 274.89)
upgrade(-8.3, -2.5, 1, -19600, 276.65)
skip(16, 285.08)
place(-8.0, 1.0, -0.5, "Shotgunner", -20350, 288.73)
upgrade(-8.0, -0.5, 1, -21100, 290.69)
upgrade(-8.0, -0.5, 1, -22600, 297.88)
skip(17, 307.03)
place(-7.8, 1.0, 1.8, "Shotgunner", -22600, 310.15)
upgrade(-7.8, 1.8, 1, -23350, 312.28)
upgrade(-7.8, 1.8, 1, -24850, 312.67)
upgrade(-10.4, -2.5, 1, -31350, 336.75)
skip(19, 355.90)
upgrade(-10.1, -0.4, 1, -37850, 357.64)
skip(20, 397.40)
upgrade(-7.8, 1.8, 1, -44350, 399.66)