-- ZEPHYR_META: {"authorId":"1414254167324622899","authorTag":"trisatery","category":"community","official":false,"createdAt":"2026-07-30T05:05:53.654Z","updatedAt":"2026-07-30T05:05:53.654Z"}
-- NOTE: turn on autoskip and payback
place(0.2, 1.0, -9.1, "Soldier", 0, 0.24)
upgrade(0.2, -9.1, 1, -150, 1.10)
place(-2.8, 1.0, -8.8, "Soldier", -150, 23.86)
upgrade(-2.8, -8.8, 1, -300, 25.01)
upgrade(-2.8, -8.8, 1, -1100, 52.19)
upgrade(0.2, -9.1, 1, -1900, 75.16)
upgrade(-2.8, -8.8, 1, -5650, 128.36)
upgrade(0.2, -9.1, 1, -9400, 167.52)
place(-17.7, 1.0, -1.8, "Shotgunner", -9400, 183.81)
upgrade(-17.7, -1.8, 1, -10040, 188.70)
upgrade(-17.7, -1.8, 1, -11590, 193.09)
place(-17.8, 1.0, -4.0, "Shotgunner", -11590, 212.64)
upgrade(-17.8, -4.0, 1, -12230, 214.28)
upgrade(-17.8, -4.0, 1, -13780, 216.76)
place(-18.7, 1.0, -5.8, "Shotgunner", -13780, 232.09)
upgrade(-18.7, -5.8, 1, -14420, 233.61)
place(-17.7, 1.0, -7.6, "Shotgunner", -15970, 242.87)
upgrade(-17.7, -7.6, 1, -16610, 244.17)
upgrade(-17.7, -7.6, 1, -18160, 245.15)
place(-12.1, 1.0, -3.3, "Shotgunner", -18160, 254.77)
upgrade(-12.1, -3.3, 1, -18800, 256.10)
upgrade(-12.1, -3.3, 1, -20350, 264.55)
place(-12.7, 1.0, -1.4, "Shotgunner", -20350, 267.36)
upgrade(-12.7, -1.4, 1, -20990, 268.76)
upgrade(-12.7, -1.4, 1, -22540, 279.92)
place(-12.7, 1.0, 0.8, "Shotgunner", -22540, 281.98)
upgrade(-12.7, 0.8, 1, -23180, 283.51)
upgrade(-12.7, 0.8, 1, -24730, 292.06)
place(-10.0, 1.0, -3.8, "Shotgunner", -24730, 302.23)
upgrade(-10.0, -3.8, 1, -25370, 303.45)
place(-10.7, 1.0, -1.8, "Shotgunner", -26920, 307.03)
upgrade(-10.7, -1.8, 1, -27560, 308.33)
skip(16, 315.93)
upgrade(-2.8, -8.8, 1, -41110, 347.95)
upgrade(0.2, -9.1, 1, -53110, 373.60)
upgrade(-12.1, -3.3, 1, -59110, 391.70)
upgrade(-12.7, -1.4, 1, -65110, 402.19)
upgrade(-10.0, -3.8, 1, -71110, 424.11)
upgrade(-17.7, -1.8, 1, -77110, 435.26)
upgrade(-17.8, -4.0, 1, -83110, 443.19)
upgrade(-18.7, -5.8, 1, -89110, 447.62)
upgrade(-17.7, -7.6, 1, -95110, 460.36)
upgrade(-10.7, -1.8, 1, -101110, 470.91)
upgrade(-12.7, 0.8, 1, -107110, 481.48)