-- ZEPHYR_META: {"authorId":"769238155463229440","authorTag":"weinerwarrior47","category":"community","official":false,"createdAt":"2026-07-05T05:09:28.245Z","updatedAt":"2026-07-05T05:09:28.245Z"}
place(-5.1, 1.0, -26.7, "Soldier", 0, 7.22)
place(-0.1, 1.0, -29.9, "Soldier", 0, 19.08)
place(-0.1, 1.0, -26.8, "Soldier", 0, 35.99)
upgrade(-5.1, -29.8, 1, -150, 37.82)
upgrade(-0.1, -29.9, 1, -300, 38.29)
upgrade(-0.1, -26.8, 1, -450, 39.77)
upgrade(-5.1, -26.7, 1, -600, 53.62)
upgrade(-0.1, -29.9, 1, -1400, 54.70)
upgrade(-5.1, -29.8, 1, -2200, 70.50)
upgrade(-0.1, -26.8, 1, -3000, 95.44)
upgrade(-5.1, -26.7, 1, -3800, 96.10)
place(-5.1, 1.0, -32.8, "Soldier", -3800, 107.76)
upgrade(-5.1, -32.8, 1, -3950, 113.72)
upgrade(-5.1, -32.8, 1, -4750, 114.74)
place(0.5, 1.0, -33.0, "Soldier", -4750, 122.71)
upgrade(0.5, -33.0, 1, -4900, 124.17)
upgrade(0.5, -33.0, 1, -5700, 137.60)
place(-5.1, 1.0, -23.7, "Soldier", -5700, 140.54)
upgrade(-5.1, -23.7, 1, -5850, 142.10)
upgrade(-5.1, -23.7, 1, -6650, 145.89)
place(-5.3, 1.0, -35.9, "Soldier", -6650, 155.43)
upgrade(-5.3, -35.9, 1, -6800, 156.56)
place(-0.1, 1.0, -36.0, "Soldier", -7600, 161.81)
upgrade(-0.1, -36.0, 1, -7750, 163.45)
upgrade(-0.1, -36.0, 1, -8550, 178.04)
place(-0.1, 1.0, -23.7, "Soldier", -8550, 183.59)
upgrade(-0.1, -23.7, 1, -8700, 185.17)
place(-8.2, 0.9, -34.9, "Soldier", -9500, 189.16)
upgrade(-8.2, -34.9, 1, -9650, 189.97)
upgrade(-8.2, -34.9, 1, -10450, 197.81)
place(-7.9, 1.0, -31.9, "Soldier", -10450, 200.07)
upgrade(-7.9, -31.9, 1, -10600, 200.83)
place(-8.0, 1.0, -28.8, "Soldier", -11400, 203.06)
upgrade(-8.0, -28.8, 1, -11550, 203.87)
upgrade(-8.0, -28.8, 1, -12350, 220.73)
place(-8.0, 1.0, -25.6, "Soldier", -12350, 223.55)
upgrade(-8.0, -25.6, 1, -12500, 224.28)
place(-7.9, 1.0, -22.6, "Soldier", -13300, 225.59)
upgrade(-7.9, -22.6, 1, -13450, 226.34)
place(2.9, 1.0, -35.5, "Soldier", -14250, 235.26)
upgrade(2.9, -35.5, 1, -14400, 236.79)
upgrade(2.9, -35.5, 1, -15200, 240.64)
place(3.6, 1.0, -32.5, "Soldier", -15200, 242.71)
upgrade(3.6, -32.5, 1, -15350, 243.74)
place(2.8, 1.0, -29.5, "Soldier", -16150, 246.41)
upgrade(2.8, -29.5, 1, -16300, 247.32)
upgrade(2.8, -29.5, 1, -17100, 257.79)
place(2.9, 1.0, -26.4, "Soldier", -17100, 266.02)
upgrade(2.9, -26.4, 1, -17250, 267.59)
place(2.9, 1.0, -23.3, "Soldier", -18050, 269.19)
upgrade(2.9, -23.3, 1, -18200, 270.07)
upgrade(2.9, -23.3, 1, -19000, 271.30)
upgrade(-5.1, -29.8, 1, -22750, 290.67)
upgrade(-0.1, -29.9, 1, -26500, 311.60)
upgrade(2.8, -29.5, 1, -30250, 315.17)
upgrade(-8.0, -28.8, 1, -34000, 338.46)
upgrade(3.6, -32.5, 1, -37750, 354.45)
upgrade(-7.9, -31.9, 1, -41500, 363.38)
upgrade(-5.1, -26.7, 1, -45250, 383.44)
upgrade(-0.1, -26.8, 1, -49000, 388.59)
upgrade(2.9, -26.4, 1, -52750, 410.31)
upgrade(-8.0, -25.6, 1, -56500, 422.91)
upgrade(-8.2, -34.9, 1, -60250, 425.80)
upgrade(-0.1, -36.0, 1, -64000, 426.91)
upgrade(-5.3, -35.9, 1, -67750, 429.04)
upgrade(2.9, -35.5, 1, -71500, 431.20)
upgrade(0.5, -33.0, 1, -75250, 433.24)
upgrade(-0.1, -23.7, 1, -79000, 436.26)
upgrade(2.9, -23.3, 1, -82750, 437.47)
upgrade(-7.9, -22.6, 1, -86500, 438.77)
upgrade(-5.1, -23.7, 1, -90250, 441.17)
upgrade(-5.1, -32.8, 1, -94000, 445.77)