place(-0.341, 1.000, 39.774, "Military Base", 700)
upgrade(-0.341, 1.000, 39.774, 350)
upgrade(-0.341, 1.000, 39.774, 796)
place(4.173, 1.000, 39.518, "Military Base", 752)
upgrade(4.173, 1.000, 39.518, 320)
upgrade(4.173, 1.000, 39.518, 622)
place(5.890, 3.600, 13.176, "Engineer", 930)
upgrade(5.890, 4.950, 13.176, 642)
place(8.866, 3.600, 13.945, "Engineer", 1041)
place(6.286, 1.000, 11.141, "Engineer", 141)
upgrade(8.866, 4.950, 13.945, 626)
upgrade(5.890, 4.950, 13.176, 1715)
upgrade(8.866, 4.950, 13.945, 2171)
place(7.966, 1.000, 36.961, "Military Base", 671)
upgrade(7.966, 1.000, 36.961, 369)
upgrade(7.966, 1.000, 36.961, 965)
place(7.905, 1.000, 32.043, "Military Base", 1525)
upgrade(7.905, 1.000, 32.043, 925)
upgrade(7.905, 1.000, 32.043, 625)
place(9.941, 1.000, 27.914, "Military Base", 1673)
upgrade(9.941, 1.000, 27.914, 927)
upgrade(9.941, 1.000, 27.914, 801)
upgrade(-0.341, 1.000, 39.774, 3333)
upgrade(-0.341, 1.000, 39.774, 11391)
upgrade(4.173, 1.000, 39.518, 2480)
upgrade(4.173, 1.000, 39.518, 11679)
Airstrike(-0.341, 1.000, 39.774, 9.326, 1.125, 24.866, 1, 192.888, 949)
upgrade(7.966, 1.000, 36.961, 3640)
upgrade(7.966, 1.000, 36.961, 12452)
upgrade(7.905, 1.000, 32.043, 5501)
Airstrike(-0.341, 1.000, 39.774, 21.198, 1.125, 22.688, 1, 180.025, 6636)
upgrade(7.905, 1.000, 32.043, 11766)
upgrade(9.941, 1.000, 27.914, 2472)
Airstrike(7.905, 1.000, 32.043, -7.106, 1.125, 41.311, 1, 221.744, 4005)
Airstrike(7.966, 1.000, 36.961, -7.197, 1.125, 39.375, 1, 219.776, 3505)
Airstrike(-0.341, 1.000, 39.774, -7.205, 1.125, 39.396, 1, 219.776, 3005)
upgrade(9.941, 1.000, 27.914, 4164)
place(3.410, 1.000, 11.799, "Mercenary Base", 4869)
place(2.621, 3.600, 14.101, "Accelerator", 2675)
place(1.224, 3.600, 14.996, "Accelerator", 2675)
upgrade(3.410, 0.975, 11.799, 2675)
upgrade(3.410, 0.975, 11.799, 13003)
upgrade(3.410, 0.975, 11.799, 14845)
upgrade(3.410, 0.975, 11.799, 16590)
SetMercenaryUnit(3.410, 0.975, 11.799, "Unit 1", "Riot Guard", 1590)
SetMercenaryUnit(3.410, 0.975, 11.799, "Unit 2", "Grenadier", 3250)
SetMercenaryUnit(3.410, 0.975, 11.799, "Unit 2", "Rifleman", 3250)
SetMercenaryUnit(3.410, 0.975, 11.799, "Unit 3", "Riot Guard", 5096)
SetMercenaryUnit(3.410, 0.975, 11.799, "Unit 2", "Riot Guard", 5296)
place(12.188, 3.600, -7.382, "Mercenary Base", 5902)
upgrade(12.188, 3.575, -7.382, 2985)
upgrade(12.188, 3.575, -7.382, 10616)
upgrade(12.188, 3.575, -7.382, 22603)
upgrade(12.188, 3.575, -7.382, 15313)
SetMercenaryUnit(12.188, 3.575, -7.382, "Unit 1", "Riot Guard", 2213)
SetMercenaryUnit(12.188, 3.575, -7.382, "Unit 2", "Riot Guard", 2213)
SetMercenaryUnit(12.188, 3.575, -7.382, "Unit 3", "Riot Guard", 2213)
place(13.451, 1.000, -33.892, "Mercenary Base", 5937)
upgrade(13.451, 0.975, -33.892, 4766)
upgrade(13.451, 0.975, -33.892, 13006)
upgrade(13.451, 0.975, -33.892, 17553)
upgrade(13.451, 0.975, -33.892, 17644)
SetMercenaryUnit(13.451, 0.975, -33.892, "Unit 1", "Riot Guard", 2644)
SetMercenaryUnit(13.451, 0.975, -33.892, "Unit 2", "Riot Guard", 2644)
SetMercenaryUnit(13.451, 0.975, -33.892, "Unit 3", "Riot Guard", 2644)
place(8.079, 6.474, -6.441, "Ranger", 8655)
upgrade(8.079, 7.824, -6.441, 5395)
upgrade(8.079, 7.824, -6.441, 9642)
place(5.014, 6.474, -6.617, "Ranger", 11463)
upgrade(5.014, 7.824, -6.617, 4713)
upgrade(5.014, 7.824, -6.617, 13384)
Airstrike(9.941, 1.000, 27.914, 6.518, 1.125, 8.449, 1, 152.050, 5138)
Airstrike(7.905, 1.000, 32.043, 4.569, 1.125, 8.491, 1, 150.131, 4638)
Airstrike(7.966, 1.000, 36.961, 5.020, 1.125, 8.450, 1, 150.131, 4138)
Airstrike(4.173, 1.000, 39.518, 4.629, 1.125, 8.486, 1, 150.131, 3638)
Airstrike(-0.341, 1.000, 39.774, 0.000, 0.000, 0.000, 1, 143.090, 3138)
place(7.704, 6.474, -9.544, "Ranger", 64764)
upgrade(7.704, 7.824, -9.544, 58014)
upgrade(7.704, 7.824, -9.544, 55764)
place(4.610, 6.474, -9.618, "Ranger", 47514)
upgrade(4.610, 7.824, -9.618, 40764)
upgrade(4.610, 7.824, -9.618, 38514)
place(12.610, 9.918, -0.501, "Ranger", 32264)
upgrade(12.610, 11.268, -0.501, 25514)
upgrade(12.610, 11.268, -0.501, 23264)
place(9.893, 9.918, 0.901, "Ranger", 22823)
upgrade(9.893, 11.268, 0.901, 18217)
upgrade(9.893, 11.268, 0.901, 19908)
place(6.840, 8.510, 1.122, "Ranger", 15422)
upgrade(6.840, 9.860, 1.122, 9767)
upgrade(6.840, 9.860, 1.122, 8357)
place(7.760, 8.510, -1.859, "Ranger", 12002)
upgrade(7.760, 9.860, -1.859, 6481)
upgrade(7.760, 9.860, -1.859, 8355)
Airstrike(9.941, 1.000, 27.914, 21.129, 1.125, 22.748, 1, 180.025, 35968)
Airstrike(7.905, 1.000, 32.043, 21.525, 1.125, 22.404, 1, 180.025, 36901)
Airstrike(7.905, 1.000, 32.043, 23.656, 1.125, 19.447, 1, 176.066, 37449)
Airstrike(7.905, 1.000, 32.043, 23.897, 1.125, 18.658, 1, 175.321, 37449)
Airstrike(7.966, 1.000, 36.961, -7.074, 1.125, 44.087, 1, 224.580, 49666)
upgrade(3.410, 0.975, 11.799, 55044)
upgrade(3.410, 0.975, 11.799, 71930)
upgrade(12.188, 3.575, -7.382, 19928)
upgrade(12.188, 3.575, -7.382, 68365)
upgrade(13.451, 0.975, -33.892, 19450)
AirDrop(3.410, 0.975, 11.799, -6.029, 1.125, -9.255, 1, 130.778, 46955)
AirDrop(12.188, 3.575, -7.382, -1.592, 1.125, -13.250, 1, 135.956, 44678)
AirDrop(13.451, 0.975, -33.892, 0.936, 1.125, -19.156, 1, 143.004, 42178)
upgrade(13.451, 0.975, -33.892, 69708)
upgrade(-0.341, 1.000, 39.774, 48961)
upgrade(4.173, 1.000, 39.518, 43659)
upgrade(7.966, 1.000, 36.961, 39494)
upgrade(7.905, 1.000, 32.043, 38084)
Airstrike(9.941, 1.000, 27.914, 4.672, 1.125, 33.592, 1, 205.116, 7381)
Airstrike(7.905, 1.000, 32.043, 19.245, 1.125, 24.945, 1, 183.786, 6881)
Airstrike(7.966, 1.000, 36.961, 4.910, 1.125, 31.652, 1, 203.153, 6381)
Airstrike(4.173, 1.000, 39.518, 4.908, 1.125, 31.583, 1, 203.153, 5881)
Airstrike(-0.341, 1.000, 39.774, 4.851, 1.125, 29.896, 1, 201.412, 5381)
AirDrop(3.410, 0.975, 11.799, 18.950, 1.125, 25.167, 1, 34.756, 2381)
AirDrop(12.188, 3.575, -7.382, 11.999, 1.125, 24.166, 1, 37.660, 2381)
AirDrop(12.188, 3.575, -7.382, 11.783, 1.125, 24.180, 1, 36.254, 2381)
AirDrop(12.188, 3.575, -7.382, 10.516, 1.125, 24.464, 1, 36.254, 7120)
AirDrop(13.451, 0.975, -33.892, 10.867, 1.125, 24.385, 1, 36.254, 7398)
upgrade(9.941, 1.000, 27.914, 144965)
upgrade(4.610, 7.824, -9.618, 107465)
upgrade(4.610, 7.824, -9.618, 83840)
upgrade(7.704, 7.824, -9.544, 46340)
upgrade(7.704, 7.824, -9.544, 25115)
upgrade(7.704, 7.824, -9.544, 37666)
upgrade(5.014, 7.824, -6.617, 31279)
upgrade(5.014, 7.824, -6.617, 40528)
upgrade(8.079, 7.824, -6.441, 26252)
upgrade(8.079, 7.824, -6.441, 45263)
upgrade(12.610, 11.268, -0.501, 31899)
upgrade(12.610, 11.268, -0.501, 48683)
upgrade(9.893, 11.268, 0.901, 35187)
upgrade(9.893, 11.268, 0.901, 42767)
upgrade(7.760, 9.860, -1.859, 36200)
upgrade(7.760, 9.860, -1.859, 39135)
upgrade(6.840, 9.860, 1.122, 30302)
upgrade(6.840, 9.860, 1.122, 43779)
upgrade(8.866, 4.950, 13.945, 10115)
upgrade(5.890, 4.950, 13.176, 7000)
upgrade(8.866, 4.950, 13.945, 30686)
upgrade(5.890, 4.950, 13.176, 19436)
upgrade(8.866, 4.950, 13.945, 18840)
upgrade(8.866, 4.950, 13.945, 105363)
upgrade(5.890, 4.950, 13.176, 65956)
upgrade(5.890, 4.950, 13.176, 53709)
place(8.901, 3.600, 17.084, "Engineer", 26334)
upgrade(8.901, 4.950, 17.084, 44024)
upgrade(8.901, 4.950, 17.084, 44025)
upgrade(8.901, 4.950, 17.084, 42525)
upgrade(8.901, 4.950, 17.084, 39410)
upgrade(8.901, 4.950, 17.084, 28160)
upgrade(8.901, 4.950, 17.084, 10442)
place(10.697, 1.000, 12.058, "Engineer", 46970)
upgrade(10.697, 2.350, 12.058, 46070)
upgrade(10.697, 2.350, 12.058, 45545)
upgrade(10.697, 2.350, 12.058, 44045)
upgrade(10.697, 2.350, 12.058, 40930)
upgrade(10.697, 2.350, 12.058, 29680)
Airstrike(9.941, 1.000, 27.914, 2.097, 1.125, 9.095, 1, 147.685, 10930)
Airstrike(9.941, 1.000, 27.914, 23.743, 1.125, 19.192, 1, 145.617, 10430)
Airstrike(7.905, 1.000, 32.043, -0.204, 1.125, 9.885, 1, 145.617, 10430)
Airstrike(7.966, 1.000, 36.961, -0.153, 1.125, 9.865, 1, 143.090, 9930)
Airstrike(4.173, 1.000, 39.518, -3.288, 1.125, 11.110, 1, 140.425, 9430)
Airstrike(-0.341, 1.000, 39.774, -7.178, 1.125, 12.573, 1, 135.984, 8930)
AirDrop(3.410, 0.975, 11.799, -19.847, 1.125, 0.802, 1, 111.297, 8430)
AirDrop(12.188, 3.575, -7.382, -19.554, 1.125, -0.619, 1, 112.337, 5930)
AirDrop(13.451, 0.975, -33.892, -19.662, 1.125, -0.232, 1, 112.337, 3430)
upgrade(10.697, 2.350, 12.058, 201179)
place(7.433, 1.000, 11.003, "Engineer", 152429)
upgrade(7.433, 2.350, 11.003, 151529)
upgrade(7.433, 2.350, 11.003, 153554)
upgrade(7.433, 2.350, 11.003, 152054)
upgrade(7.433, 2.350, 11.003, 148939)
upgrade(7.433, 2.350, 11.003, 137689)
upgrade(7.433, 2.350, 11.003, 118939)
place(1.046, 1.000, 33.641, "Engineer", 75189)
place(1.477, 3.600, 14.895, "Accelerator", 86428)
upgrade(1.477, 4.950, 14.895, 86939)
upgrade(1.477, 4.950, 14.895, 84317)
upgrade(1.477, 4.950, 14.895, 75317)
upgrade(1.477, 4.950, 14.895, 60319)
place(2.641, 3.600, 18.457, "Accelerator", 32138)
upgrade(2.641, 4.950, 18.457, 25416)
upgrade(2.641, 4.950, 18.457, 22416)
place(-0.745, 3.600, 19.602, "Accelerator", 14719)
upgrade(-0.745, 4.950, 19.602, 3915)
upgrade(-0.745, 4.950, 19.602, 12315)
upgrade(-0.745, 4.950, 19.602, 31726)
upgrade(2.641, 4.950, 18.457, 46288)
upgrade(2.641, 4.950, 18.457, 47718)
SetMercenaryUnit(3.410, 0.975, 11.799, "Unit 1", "Rifleman", 33230)
SetMercenaryUnit(3.410, 0.975, 11.799, "Unit 2", "Rifleman", 44446)
SetMercenaryUnit(3.410, 0.975, 11.799, "Unit 3", "Rifleman", 44446)
SetMercenaryUnit(12.188, 3.575, -7.382, "Unit 1", "Rifleman", 52827)
SetMercenaryUnit(12.188, 3.575, -7.382, "Unit 2", "Rifleman", 74427)
SetMercenaryUnit(12.188, 3.575, -7.382, "Unit 3", "Rifleman", 95227)
SetMercenaryUnit(13.451, 0.975, -33.892, "Unit 1", "Field Medic", 136524)
SetMercenaryUnit(13.451, 0.975, -33.892, "Unit 2", "Rifleman", 153908)
SetMercenaryUnit(13.451, 0.975, -33.892, "Unit 3", "Rifleman", 172611)
place(-1.996, 3.600, 16.183, "Accelerator", 190986)
upgrade(-1.996, 4.950, 16.183, 182663)
upgrade(-1.996, 4.950, 16.183, 180236)
upgrade(-1.996, 4.950, 16.183, 171311)
upgrade(-1.996, 4.950, 16.183, 156463)
place(-1.096, 1.000, 13.162, "Accelerator", 115213)
upgrade(-1.096, 2.350, 13.162, 103963)
upgrade(-1.096, 2.350, 13.162, 100963)
upgrade(-1.096, 2.350, 13.162, 91963)
upgrade(-1.096, 2.350, 13.162, 76965)
AirDrop(3.410, 0.975, 11.799, -0.038, 1.125, 9.820, 1, 84.555, 41715)
AirDrop(12.188, 3.575, -7.382, 19.429, 1.125, -13.722, 1, 87.219, 46315)
AirDrop(13.451, 0.975, -33.892, -1.812, 1.125, 10.518, 1, 87.219, 49815)
upgrade(-0.745, 4.950, 19.602, 58415)
upgrade(1.477, 4.950, 14.895, 185240)
upgrade(-1.996, 4.950, 16.183, 95240)
upgrade(2.641, 4.950, 18.457, 20548)
upgrade(-0.745, 4.950, 19.602, 92490)
upgrade(-1.096, 2.350, 13.162, 95287)
Airstrike(-0.341, 1.000, 39.774, -7.074, 1.125, 43.739, 1, 223.391, 396647)
Airstrike(7.905, 1.000, 32.043, -7.105, 1.125, 41.318, 1, 221.744, 396505)
Airstrike(9.941, 1.000, 27.914, -7.201, 1.125, 40.580, 1, 220.736, 395673)
Airstrike(4.173, 1.000, 39.518, 23.959, 1.125, 14.704, 1, 221.198, 395225)
Airstrike(7.966, 1.000, 36.961, -7.170, 1.125, 40.758, 1, 220.736, 395245)
AirDrop(3.410, 0.975, 11.799, -7.245, 1.125, 40.310, 1, 61.653, 437145)
AirDrop(12.188, 3.575, -7.382, 20.211, 1.125, 10.726, 1, 61.653, 434645)
AirDrop(13.451, 0.975, -33.892, -6.986, 1.125, 12.520, 1, 91.661, 430286)
sell(1.046, 2.350, 33.641)
place(19.747, 1.000, 15.035, "Engineer", 552720)
AirDrop(3.410, 0.975, 11.799, 23.737, 1.125, 19.209, 1, 69.194, 641520)
AirDrop(3.410, 0.975, 11.799, 20.975, 1.125, -13.686, 1, 55.649, 653295)
AirDrop(12.188, 3.575, -7.382, 24.054, 1.125, 15.314, 1, 169.189, 653295)
AirDrop(13.451, 0.975, -33.892, 21.335, 1.125, 11.138, 1, 63.694, 650795)
Airstrike(9.941, 1.000, 27.914, 23.867, 1.125, 14.327, 1, 170.332, 687168)
Airstrike(9.941, 1.000, 27.914, 23.557, 1.125, 13.497, 1, 94.301, 686668)
Airstrike(7.905, 1.000, 32.043, 19.896, 1.125, 10.647, 1, 163.951, 686668)
Airstrike(7.966, 1.000, 36.961, -2.595, 1.125, -11.604, 1, 167.345, 685670)
Airstrike(4.173, 1.000, 39.518, 22.944, 1.125, 12.386, 1, 168.278, 685668)
Airstrike(4.173, 1.000, 39.518, 22.674, 1.125, 12.030, 1, 94.301, 685168)
sell(19.747, 2.350, 15.035)
place(-2.980, 1.000, 7.203, "Engineer", 685368)
Airstrike(-0.341, 1.000, 39.774, -1.485, 1.125, 10.389, 1, 143.090, 684468)
SetMercenaryUnit(3.410, 0.975, 11.799, "Unit 1", "Riot Guard", 683968)
SetMercenaryUnit(3.410, 0.975, 11.799, "Unit 2", "Grenadier", 683968)
SetMercenaryUnit(3.410, 0.975, 11.799, "Unit 2", "Riot Guard", 683968)
SetMercenaryUnit(3.410, 0.975, 11.799, "Unit 3", "Riot Guard", 683968)
SetMercenaryUnit(12.188, 3.575, -7.382, "Unit 1", "Grenadier", 683968)
SetMercenaryUnit(12.188, 3.575, -7.382, "Unit 1", "Riot Guard", 683968)
SetMercenaryUnit(12.188, 3.575, -7.382, "Unit 2", "Riot Guard", 683968)
SetMercenaryUnit(12.188, 3.575, -7.382, "Unit 3", "Riot Guard", 683968)
SetMercenaryUnit(13.451, 0.975, -33.892, "Unit 1", "Riot Guard", 683968)
SetMercenaryUnit(13.451, 0.975, -33.892, "Unit 2", "Riot Guard", 683968)
SetMercenaryUnit(13.451, 0.975, -33.892, "Unit 3", "Riot Guard", 683968)
Airstrike(9.941, 1.000, 27.914, -19.784, 1.125, 3.843, 1, 120.417, 683968)
Airstrike(7.905, 1.000, 32.043, 0.000, 0.000, 0.000, 1, 116.348, 683468)
Airstrike(7.966, 1.000, 36.961, -19.919, 1.125, 2.593, 1, 118.457, 682968)
Airstrike(4.173, 1.000, 39.518, -19.730, 1.125, 0.136, 1, 116.348, 682468)
Airstrike(-0.341, 1.000, 39.774, -19.936, 1.125, 1.892, 1, 118.457, 681968)
AirDrop(12.188, 3.575, -7.382, -14.715, 1.125, -6.127, 1, 120.168, 681468)
AirDrop(3.410, 0.975, 11.799, -12.206, 1.125, -7.077, 1, 122.567, 683562)
AirDrop(13.451, 0.975, -33.892, -14.562, 1.125, -6.195, 1, 120.168, 684872)
sell(-1.096, 2.350, 13.162)
sell(1.477, 4.950, 14.895)
sell(2.641, 4.950, 18.457)
sell(-0.745, 4.950, 19.602)
sell(-1.996, 4.950, 16.183)
place(16.326, 1.000, -17.069, "Accelerator", 961656)
upgrade(16.326, 2.350, -17.069, 950518)
upgrade(16.326, 2.350, -17.069, 949253)
upgrade(16.326, 2.350, -17.069, 925624)
upgrade(16.326, 2.350, -17.069, 925254)
upgrade(16.326, 2.350, -17.069, 888352)
place(19.899, 1.000, -17.133, "Accelerator", 798352)
upgrade(19.899, 2.350, -17.133, 787102)
upgrade(19.899, 2.350, -17.133, 784339)
upgrade(19.899, 2.350, -17.133, 775442)
upgrade(19.899, 2.350, -17.133, 761359)
upgrade(19.899, 2.350, -17.133, 718854)
place(17.205, 1.063, -7.246, "Accelerator", 628854)
upgrade(17.205, 2.413, -7.246, 617604)
upgrade(17.205, 2.413, -7.246, 614604)
upgrade(17.205, 2.413, -7.246, 605607)
place(22.907, 1.000, -21.128, "Accelerator", 590606)
upgrade(22.907, 2.350, -21.128, 579356)
upgrade(22.907, 2.350, -21.128, 576402)
upgrade(22.907, 2.350, -21.128, 567365)
upgrade(22.907, 2.350, -21.128, 552674)
upgrade(22.907, 2.350, -21.128, 511686)
upgrade(22.907, 2.350, -21.128, 421192)
upgrade(22.907, 2.350, -21.128, 421108)
upgrade(22.907, 2.350, -21.128, 421108)
upgrade(22.907, 2.350, -21.128, 421108)
AirDrop(13.451, 0.975, -33.892, 26.284, 1.125, -19.138, 1, 179.217, 421108)
AirDrop(12.188, 3.575, -7.382, 26.336, 1.125, -20.344, 1, 179.217, 418608)
AirDrop(3.410, 0.975, 11.799, 26.366, 1.125, -21.613, 1, 181.801, 416108)
Airstrike(9.941, 1.000, 27.914, 18.240, 1.125, -13.789, 1, 61.546, 413140)
Airstrike(7.905, 1.000, 32.043, -4.637, 1.125, -9.931, 1, 50.821, 413108)
Airstrike(7.966, 1.000, 36.961, 26.274, 1.125, -18.895, 1, 48.427, 412608)
Airstrike(4.173, 1.000, 39.518, 0.000, 0.000, 0.000, 1, 0.000, 412108)
Airstrike(-0.341, 1.000, 39.774, 13.356, 1.125, -36.867, 1, 19.531, 411608)
place(17.701, 1.000, -23.087, "Accelerator", 411108)
upgrade(17.701, 2.350, -23.087, 399858)
upgrade(17.701, 2.350, -23.087, 397004)