-- ZEPHYR_META: {"authorId":"1067123834152554536","authorTag":"dracometeor._","category":"community","official":false,"createdAt":"2026-09-26T21:21:36.684Z","updatedAt":"2026-09-26T21:21:36.684Z"}
skip(1, 0.25)
skip(1, 1.58)
place(-5.4, 1.3, 44.3, "Farm", 0, 2.84)
skip(1, 3.69)
place(-5.4, 1.4, 40.0, "Farm", 0, 3.85)
place(-9.6, 1.2, 44.0, "Farm", 0, 4.81)
skip(1, 5.87)
upgrade(-9.6, 44.0, 1, -200, 5.89)
upgrade(-5.4, 44.3, 1, -400, 6.61)
skip(1, 8.05)
upgrade(-5.4, 40.0, 1, -600, 9.03)
skip(2, 9.12)
skip(2, 11.27)
skip(2, 13.45)
skip(2, 15.64)
skip(2, 17.80)
upgrade(-5.4, 40.0, 1, -1200, 18.16)
skip(3, 18.92)
skip(3, 21.08)
skip(3, 23.27)
upgrade(-5.4, 44.3, 1, -1800, 24.35)
skip(3, 25.45)
skip(3, 27.65)
skip(4, 28.70)
place(11.7, 1.2, 22.4, "Electroshocker", -1800, 29.51)
skip(4, 30.91)
skip(4, 33.07)
skip(4, 35.29)
upgrade(11.7, 22.4, 1, -2075, 35.38)
skip(4, 37.46)
upgrade(-9.6, 44.0, 1, -2675, 39.53)
skip(5, 39.66)
skip(5, 41.86)
skip(5, 44.01)
skip(5, 46.22)
skip(5, 48.37)
skip(6, 50.57)
upgrade(-9.6, 44.0, 1, -3925, 50.71)
skip(6, 52.74)
skip(6, 54.92)
skip(6, 57.10)
upgrade(11.7, 22.4, 1, -4875, 57.50)
skip(6, 59.26)
skip(7, 61.50)
skip(7, 63.70)
skip(7, 65.90)
skip(7, 68.06)
skip(7, 70.24)
upgrade(-5.4, 44.3, 1, -6125, 70.39)
skip(7, 72.42)
upgrade(-5.4, 40.0, 1, -7375, 74.24)
skip(8, 74.57)
place(-9.4, 1.3, 40.1, "Farm", -7375, 76.60)
skip(8, 76.87)
skip(8, 78.95)
upgrade(-9.4, 40.1, 1, -7575, 79.07)
skip(8, 81.12)
skip(8, 83.28)
upgrade(-9.4, 40.1, 1, -8175, 83.97)
skip(8, 85.49)
upgrade(-9.4, 40.1, 1, -9425, 87.19)
skip(9, 87.97)
skip(9, 90.13)
skip(9, 92.29)
place(8.6, 1.3, 22.1, "Electroshocker", -9425, 94.03)
skip(9, 94.50)
upgrade(8.6, 22.1, 1, -9700, 96.58)
skip(9, 96.68)
skip(9, 98.88)
upgrade(8.6, 22.1, 1, -10650, 100.47)
skip(10, 101.03)
skip(10, 103.24)
place(-13.5, 1.2, 41.9, "Farm", -10650, 103.18)
upgrade(-13.5, 41.9, 1, -10850, 104.08)
upgrade(-13.5, 41.9, 1, -11450, 104.97)
skip(10, 105.38)
upgrade(-13.5, 41.9, 1, -12700, 107.37)
skip(10, 107.57)
place(-13.4, 1.3, 38.3, "Farm", -12700, 109.05)
skip(10, 109.71)
upgrade(-13.4, 38.3, 1, -12900, 111.73)
skip(11, 111.93)
upgrade(-13.4, 38.3, 1, -13500, 112.17)
place(-12.4, 1.4, 33.8, "Farm", -13500, 114.02)
skip(11, 114.26)
skip(11, 116.27)
skip(11, 118.49)
upgrade(11.7, 22.4, 1, -15900, 119.19)
skip(11, 120.77)
skip(12, 122.94)
place(5.5, 1.3, 21.6, "Crook Boss", -15900, 124.39)
skip(12, 125.10)
skip(12, 127.27)
skip(12, 129.57)
upgrade(5.5, 21.6, 1, -17400, 129.61)
skip(12, 131.70)
upgrade(5.5, 21.6, 1, -20150, 133.39)
skip(13, 133.91)
skip(13, 136.04)
skip(13, 138.27)
skip(13, 140.50)
skip(13, 142.64)
place(11.7, 1.3, 25.5, "Electroshocker", -20150, 142.64)
upgrade(11.7, 25.5, 1, -20425, 143.45)
skip(14, 144.86)
upgrade(11.7, 25.5, 1, -23775, 144.89)
skip(14, 147.01)
skip(14, 149.17)
skip(14, 151.36)
skip(14, 153.54)
skip(14, 155.71)
skip(15, 157.90)
place(-15.4, 1.5, 31.4, "Farm", -23775, 158.10)
upgrade(-15.4, 31.4, 1, -23975, 158.82)
upgrade(-15.4, 31.4, 1, -25825, 159.25)
place(-17.2, 1.4, 35.5, "Farm", -25825, 159.76)
skip(15, 160.12)
upgrade(-17.2, 35.5, 1, -26025, 160.93)
upgrade(-17.2, 35.5, 1, -27875, 161.48)
skip(15, 162.30)
skip(15, 164.50)
upgrade(-12.4, 33.8, 1, -28075, 165.56)
skip(15, 166.67)
upgrade(-12.4, 33.8, 1, -28675, 167.06)
skip(15, 168.83)
upgrade(-12.4, 33.8, 1, -29925, 170.54)
skip(16, 171.03)
skip(16, 173.28)
skip(16, 175.44)
skip(16, 177.64)
place(14.4, 0.9, 21.0, "Minigunner", -29925, 177.62)
upgrade(14.4, 21.0, 1, -30275, 178.59)
upgrade(14.4, 21.0, 1, -31775, 179.30)
skip(16, 179.88)
skip(16, 182.08)
skip(16, 184.32)
skip(16, 186.46)
skip(16, 188.64)
skip(16, 190.77)
skip(17, 191.87)
upgrade(11.7, 25.5, 1, -35775, 192.15)
skip(17, 194.04)
skip(17, 196.23)
skip(17, 198.41)
skip(17, 200.63)
skip(17, 202.82)
skip(17, 205.08)
skip(17, 207.26)
skip(17, 209.46)
skip(17, 211.63)
skip(18, 214.92)
skip(18, 217.14)
skip(18, 219.30)
skip(18, 221.56)
skip(18, 223.73)
skip(18, 225.93)
skip(18, 228.17)
upgrade(11.7, 25.5, 1, -45775, 228.53)
skip(19, 229.23)
skip(19, 231.40)
skip(19, 233.60)
skip(19, 235.75)
skip(19, 237.93)
skip(19, 240.16)
upgrade(11.7, 22.4, 1, -49775, 241.29)
skip(19, 242.33)
skip(19, 244.49)
skip(19, 246.63)
skip(19, 248.90)
skip(19, 251.06)
skip(19, 253.23)
skip(19, 255.42)
skip(19, 257.56)
skip(19, 259.72)
skip(19, 262.07)
skip(20, 264.21)
skip(20, 266.39)
skip(20, 268.44)
skip(20, 269.84)
skip(20, 271.20)
skip(20, 272.69)
skip(20, 274.01)
skip(20, 275.35)
upgrade(11.7, 22.4, 1, -59775, 279.85)
place(11.9, 0.9, 18.9, "Crook Boss", -59775, 286.50)
place(8.7, 0.8, 18.9, "Crook Boss", -59775, 295.62)
place(6.2, 0.6, 16.7, "Crook Boss", -59775, 297.67)
upgrade(8.7, 18.9, 1, -61275, 300.02)
upgrade(8.7, 18.9, 1, -64025, 312.61)
place(4.3, 1.4, 29.5, "Minigunner", -64025, 320.48)
upgrade(4.3, 29.5, 1, -64375, 321.28)
upgrade(4.3, 29.5, 1, -65875, 321.66)
place(1.1, 1.4, 29.7, "Minigunner", -65875, 323.84)
upgrade(1.1, 29.7, 1, -66225, 324.73)
upgrade(1.1, 29.7, 1, -67725, 330.79)
upgrade(6.2, 16.7, 1, -69225, 336.48)
upgrade(11.9, 18.9, 1, -73475, 338.17)
upgrade(11.9, 18.9, 1, -76225, 351.86)
place(15.7, 0.5, 15.7, "Scout", -76225, 355.34)
upgrade(15.7, 15.7, 1, -76275, 356.02)
upgrade(15.7, 15.7, 1, -78000, 356.49)
place(10.8, 0.3, 9.9, "Scout", -78000, 357.55)
upgrade(10.8, 9.9, 1, -78050, 359.28)
upgrade(10.8, 9.9, 1, -78425, 359.63)
place(13.7, 0.3, 9.0, "Scout", -79775, 364.09)
upgrade(13.7, 9.0, 1, -79825, 365.09)
upgrade(13.7, 9.0, 1, -81550, 365.53)
place(4.7, 0.4, 14.0, "Scout", -81550, 367.33)
upgrade(4.7, 14.0, 1, -81600, 368.25)
place(14.6, 1.1, 24.6, "Electroshocker", -81975, 377.54)
upgrade(14.6, 24.6, 1, -82250, 378.34)
upgrade(14.6, 24.6, 1, -89600, 378.85)
place(2.8, 1.2, 18.8, "Scout", -89600, 386.56)
upgrade(2.8, 18.8, 1, -89650, 387.34)
upgrade(2.8, 18.8, 1, -91375, 387.83)
upgrade(10.8, 9.9, 1, -95775, 390.55)
upgrade(13.7, 9.0, 1, -97975, 391.19)
place(14.1, 1.2, 28.3, "Scout", -97975, 398.12)
upgrade(14.1, 28.3, 1, -98025, 399.08)
upgrade(14.1, 28.3, 1, -99750, 399.56)
place(3.6, 1.4, 33.1, "Minigunner", -101950, 406.74)
upgrade(3.6, 33.1, 1, -102300, 408.19)
place(6.0, 1.4, 35.7, "Scout", -103800, 410.24)
upgrade(6.0, 35.7, 1, -103850, 410.95)
upgrade(6.0, 35.7, 1, -104225, 411.89)
skip(29, 417.72)
skip(29, 419.11)