-- ZEPHYR_META: {"authorId":"751724263236435985","authorTag":"navy2611","category":"community","official":false,"createdAt":"2026-06-28T03:37:58.219Z","updatedAt":"2026-06-28T03:37:58.219Z"}
place(-2.5, 1.0, 18.7, "Soldier", 0, 0.25)
upgrade(-2.5, 18.7, 1, -100, 1.39)
place(1.0, 1.0, 18.9, "Soldier", -100, 20.61)
upgrade(1.0, 18.9, 1, -200, 26.88)
place(-1.2, 1.0, 21.6, "Soldier", -200, 32.31)
upgrade(-1.2, 21.6, 1, -300, 39.43)
upgrade(-2.5, 18.7, 1, -1000, 49.28)
upgrade(-1.2, 21.6, 1, -1700, 60.49)
upgrade(1.0, 18.9, 1, -2400, 77.18)
place(-8.6, 1.0, 26.2, "Shotgunner", -2400, 102.98)
upgrade(-8.6, 26.2, 1, -3040, 104.34)
target(-8.6, 26.2, "Last", 105.33)
upgrade(-8.6, 26.2, 1, -4590, 124.44)
place(13.4, 1.0, 29.1, "Shotgunner", -4590, 146.01)
upgrade(13.4, 29.1, 1, -5230, 147.29)
target(13.4, 29.1, "Last", 149.16)
upgrade(13.4, 29.1, 1, -6780, 162.24)
place(-10.3, 1.0, 31.6, "Shotgunner", -6780, 167.81)
upgrade(-10.3, 31.6, 1, -7420, 169.14)
upgrade(-10.3, 31.6, 1, -8970, 183.80)
place(6.9, 1.0, 27.8, "Shotgunner", -8970, 191.28)
upgrade(6.9, 27.8, 1, -9610, 199.81)
upgrade(6.9, 27.8, 1, -11160, 203.95)
place(-6.3, 1.0, 27.0, "Shotgunner", -11160, 220.33)
upgrade(-6.3, 27.0, 1, -11800, 222.56)
upgrade(-6.3, 27.0, 1, -13350, 226.95)
place(11.8, 1.0, 31.1, "Shotgunner", -13350, 231.99)
upgrade(11.8, 31.1, 1, -13990, 233.23)
upgrade(11.8, 31.1, 1, -15540, 241.74)
place(-10.7, 1.0, 26.1, "Shotgunner", -15540, 249.01)
upgrade(-10.7, 26.1, 1, -16180, 250.24)
upgrade(-10.7, 26.1, 1, -17730, 257.31)
place(6.7, 1.0, 25.7, "Shotgunner", -17730, 270.90)
upgrade(6.7, 25.7, 1, -18370, 272.18)
upgrade(6.7, 25.7, 1, -19920, 272.83)
place(-12.8, 1.0, 25.4, "Shotgunner", -19920, 280.04)
upgrade(-12.8, 25.4, 1, -20560, 281.46)
upgrade(-12.8, 25.4, 1, -22110, 289.11)
upgrade(-1.2, 21.6, 1, -23960, 293.30)
upgrade(-1.2, 21.6, 1, -29960, 309.51)
upgrade(-2.5, 18.7, 1, -31810, 314.76)
upgrade(-2.5, 18.7, 1, -37810, 328.04)
upgrade(1.0, 18.9, 1, -39660, 335.72)
upgrade(1.0, 18.9, 1, -45660, 364.51)
place(-0.6, 1.0, 16.2, "Soldier", -45660, 366.59)
upgrade(-0.6, 16.2, 1, -45760, 367.81)
upgrade(-0.6, 16.2, 1, -54310, 368.76)
place(2.6, 1.0, 15.8, "Soldier", -54310, 374.80)
upgrade(2.6, 15.8, 1, -54410, 377.85)
upgrade(2.6, 15.8, 1, -55110, 378.65)
upgrade(2.6, 15.8, 1, -56960, 380.01)
upgrade(2.6, 15.8, 1, -62960, 389.61)
place(2.3, 1.0, 22.0, "Soldier", -62960, 395.98)
upgrade(2.3, 22.0, 1, -63060, 397.24)
upgrade(2.3, 22.0, 1, -63760, 397.83)
upgrade(2.3, 22.0, 1, -65610, 398.57)
upgrade(2.3, 22.0, 1, -71610, 412.11)
place(4.4, 1.0, 19.3, "Soldier", -71610, 415.74)
upgrade(4.4, 19.3, 1, -71710, 417.43)
upgrade(4.4, 19.3, 1, -72410, 418.36)
upgrade(4.4, 19.3, 1, -74260, 419.40)
upgrade(4.4, 19.3, 1, -80260, 420.28)
place(5.9, 1.0, 16.5, "Soldier", -80260, 422.61)
upgrade(5.9, 16.5, 1, -80360, 424.95)
upgrade(5.9, 16.5, 1, -81060, 425.91)
upgrade(5.9, 16.5, 1, -82910, 426.90)
upgrade(5.9, 16.5, 1, -88910, 427.98)
place(6.1, 0.9, 12.9, "Soldier", -88910, 431.04)
upgrade(6.1, 12.9, 1, -89010, 432.33)
upgrade(6.1, 12.9, 1, -89710, 433.08)
upgrade(6.1, 12.9, 1, -91560, 434.03)
upgrade(6.1, 12.9, 1, -97560, 434.80)