-- ZEPHYR_META: {"authorId":"1525067561270513724","authorTag":"gigua1234","category":"community","official":false,"createdAt":"2026-08-15T07:04:11.456Z","updatedAt":"2026-08-15T07:04:11.456Z"}
place(-12.5, 1.0, -0.6, "Pyromancer", 0, 17.20)
upgrade(-12.5, -0.6, 1, -325, 39.39)
upgrade(-12.5, -0.6, 1, -1325, 51.46)
place(-6.3, 1.0, -3.4, "Crook Boss", -1325, 106.17)
upgrade(-6.3, -3.4, 1, -2825, 125.75)
place(-18.2, 1.0, -2.0, "Shotgunner", -2825, 146.20)
place(-18.3, 1.0, -4.1, "Shotgunner", -2825, 157.66)
place(-18.1, 1.0, -6.3, "Shotgunner", -2825, 167.92)
upgrade(-18.2, -2.0, 1, -3575, 170.96)
upgrade(-18.3, -4.1, 1, -4325, 180.24)
upgrade(-18.1, -6.3, 1, -5075, 186.51)
upgrade(-18.2, -2.0, 1, -6575, 189.71)
upgrade(-18.3, -4.1, 1, -8075, 206.39)
upgrade(-18.1, -6.3, 1, -9575, 214.04)
place(-24.0, 1.0, -6.2, "Shotgunner", -9575, 232.08)
upgrade(-24.0, -6.2, 1, -10325, 233.58)
upgrade(-24.0, -6.2, 1, -11825, 234.32)
upgrade(-18.2, -2.0, 1, -18325, 261.64)
upgrade(-18.1, -6.3, 1, -24825, 289.99)
upgrade(-6.3, -3.4, 1, -27575, 308.18)
place(-16.3, 1.0, -9.1, "Commander", -27575, 333.49)
upgrade(-16.3, -9.1, 1, -27975, 335.33)
upgrade(-18.3, -4.1, 1, -34475, 344.37)
upgrade(-24.0, -6.2, 1, -40975, 350.41)
upgrade(-16.3, -9.1, 1, -43425, 356.71)
ability(-16.3, -9.1, "Call Of Arms", 359.22)
place(-24.0, 1.0, -3.8, "Shotgunner", -43425, 365.58)
upgrade(-24.0, -3.8, 1, -44175, 367.31)
upgrade(-24.0, -3.8, 1, -45675, 367.64)
place(-23.9, 1.0, -1.3, "Shotgunner", -45675, 371.81)
upgrade(-23.9, -1.3, 1, -46425, 373.62)
upgrade(-24.0, -3.8, 1, -54425, 388.37)
upgrade(-23.9, -1.3, 1, -60925, 391.91)
ability(-16.3, -9.1, "Call Of Arms", 396.23)
place(-23.8, 1.0, 0.8, "Shotgunner", -60925, 423.22)
upgrade(-23.8, 0.8, 1, -61675, 425.26)
upgrade(-23.8, 0.8, 1, -63175, 425.62)
place(-23.7, 1.0, 3.1, "Shotgunner", -63175, 428.56)
upgrade(-23.7, 3.1, 1, -63925, 430.12)
upgrade(-23.7, 3.1, 1, -65425, 430.47)
ability(-16.3, -9.1, "Call Of Arms", 431.66)
upgrade(-23.8, 0.8, 1, -71925, 433.64)
upgrade(-23.7, 3.1, 1, -78425, 439.93)
upgrade(-6.3, -3.4, 1, -92425, 461.54)
upgrade(-18.2, -2.0, 1, -111202, 481.92)
ability(-16.3, -9.1, "Call Of Arms", 496.82)
place(-13.2, 1.0, -9.3, "Commander", -111202, 501.04)
upgrade(-13.2, -9.3, 1, -111602, 503.29)
upgrade(-13.2, -9.3, 1, -114052, 503.85)
ability(-13.2, -9.3, "Call Of Arms", 504.99)
upgrade(-18.3, -4.1, 1, -132829, 526.40)