-- ZEPHYR_META: {"authorId":"1463957263143145710","authorTag":"comidapodre.","createdAt":"2026-06-09T21:05:22.623Z","updatedAt":"2026-06-09T21:05:22.623Z"}
-- NOTE: Golden Cowboy, DJ Booth, Ranger, Turret, Golden Minigunner
place(18.3, 1.0, 24.1, "Cowboy", 0, 2.77)
timescaleunlock(6.26)
timescale(1.50, 7.10)
timescale(2.00, 7.59)
timescale(0.00, 8.08)
timescale(0.50, 8.09)
timescale(1.00, 8.20)
timescale(1.50, 8.64)
timescale(2.00, 10.13)
place(15.7, 1.0, 24.1, "Cowboy", 0, 28.20)
place(13.1, 1.0, 24.0, "Cowboy", 0, 57.35)
place(10.6, 1.0, 23.9, "Cowboy", 0, 77.18)
place(11.8, 1.0, 26.1, "Cowboy", 0, 93.71)
place(14.4, 1.0, 26.2, "Cowboy", 0, 104.97)
place(17.0, 1.0, 26.3, "Cowboy", 0, 111.05)
place(15.8, 1.0, 28.4, "Cowboy", 0, 124.26)
place(13.1, 1.0, 28.4, "Cowboy", 0, 134.93)
place(10.5, 1.0, 28.3, "Cowboy", 0, 142.87)
place(18.4, 1.0, 28.4, "Cowboy", 0, 148.70)
place(9.2, 1.0, 26.1, "Cowboy", 0, 159.13)
upgrade(9.2, 26.1, 1, -200, 160.98)
upgrade(9.2, 26.1, 1, -850, 164.57)
upgrade(10.6, 23.9, 1, -1050, 167.83)
upgrade(10.6, 23.9, 1, -1700, 176.49)
upgrade(10.5, 28.3, 1, -1900, 178.90)
upgrade(10.5, 28.3, 1, -2550, 183.70)
upgrade(11.8, 26.1, 1, -2750, 188.11)
upgrade(11.8, 26.1, 1, -3400, 195.60)
upgrade(13.1, 28.4, 1, -3600, 200.14)
upgrade(13.1, 28.4, 1, -4250, 201.69)
upgrade(13.1, 24.0, 1, -4450, 204.64)
upgrade(13.1, 24.0, 1, -5100, 206.05)
upgrade(14.4, 26.2, 1, -5300, 209.44)
upgrade(14.4, 26.2, 1, -5950, 210.67)
upgrade(15.8, 28.4, 1, -6150, 215.70)
upgrade(15.8, 28.4, 1, -6800, 216.73)
upgrade(15.7, 24.1, 1, -7000, 219.02)
upgrade(15.7, 24.1, 1, -7650, 221.13)
upgrade(17.0, 26.3, 1, -7850, 223.06)
upgrade(17.0, 26.3, 1, -8500, 227.56)
upgrade(18.4, 28.4, 1, -8700, 229.72)
upgrade(18.4, 28.4, 1, -9350, 232.12)
upgrade(18.3, 24.1, 1, -9550, 237.53)
upgrade(9.2, 26.1, 1, -12600, 250.80)
upgrade(10.6, 23.9, 1, -15000, 261.91)
upgrade(10.5, 28.3, 1, -17400, 267.46)
upgrade(11.8, 26.1, 1, -19800, 287.43)
upgrade(13.1, 28.4, 1, -22200, 292.32)
upgrade(13.1, 24.0, 1, -24600, 309.62)
upgrade(14.4, 26.2, 1, -27000, 319.60)
upgrade(15.8, 28.4, 1, -29400, 324.66)
upgrade(15.7, 24.1, 1, -31800, 333.98)
upgrade(17.0, 26.3, 1, -34200, 344.65)
upgrade(18.4, 28.4, 1, -36600, 350.83)
upgrade(18.3, 24.1, 1, -39000, 369.03)
upgrade(9.2, 26.1, 1, -43250, 378.17)
upgrade(10.6, 23.9, 1, -47500, 387.33)
upgrade(10.5, 28.3, 1, -51750, 401.58)
upgrade(11.8, 26.1, 1, -56000, 411.47)
upgrade(13.1, 24.0, 1, -60250, 420.06)
upgrade(13.1, 28.4, 1, -64500, 430.57)
upgrade(14.4, 26.2, 1, -68750, 447.73)
upgrade(15.7, 24.1, 1, -73000, 458.77)
upgrade(15.8, 28.4, 1, -77250, 467.17)
upgrade(17.0, 26.3, 1, -81500, 484.27)
upgrade(18.4, 28.4, 1, -85750, 487.55)
upgrade(18.3, 24.1, 1, -90000, 491.68)
place(9.8, 1.0, 19.4, "DJ Booth", -90000, 499.77)
upgrade(9.8, 19.4, 1, -90300, 501.35)
upgrade(9.8, 19.4, 1, -91550, 501.78)
upgrade(9.8, 19.4, 1, -94550, 502.18)
option(9.8, 19.4, "Track", "Green", 504.07)
place(11.3, 4.0, 9.0, "Ranger", -94550, 514.22)
place(13.9, 4.3, 7.5, "Ranger", -94550, 528.56)
place(8.4, 4.2, 7.9, "Ranger", -94550, 536.41)
place(5.4, 4.5, 7.0, "Ranger", -94550, 545.64)
place(2.7, 4.9, 5.5, "Ranger", -94550, 558.77)
place(14.0, 4.4, 4.5, "Ranger", -94550, 571.81)
place(11.3, 4.5, 5.7, "Ranger", -94550, 581.50)
place(8.2, 4.6, 5.0, "Ranger", -94550, 592.99)
ability(9.8, 19.4, "Drop The Beat", 600.79)
upgrade(11.3, 9.0, 1, -95900, 610.73)
upgrade(13.9, 7.5, 1, -102200, 613.30)
upgrade(11.3, 5.7, 1, -108500, 615.48)
upgrade(11.3, 5.7, 1, -113450, 615.90)
upgrade(14.0, 4.5, 1, -114800, 617.15)
upgrade(8.2, 5.0, 1, -121100, 620.57)
upgrade(8.4, 7.9, 1, -127400, 622.75)
upgrade(5.4, 7.0, 1, -133700, 625.87)
ability(9.8, 19.4, "Drop The Beat", 629.60)
upgrade(5.4, 7.0, 1, -138650, 631.97)
upgrade(2.7, 5.5, 1, -140000, 634.17)
upgrade(2.7, 5.5, 1, -144950, 641.65)
place(9.9, 0.9, 10.8, "Turret", -144950, 660.95)
upgrade(9.9, 10.8, 1, -148325, 664.38)
upgrade(9.9, 10.8, 1, -155075, 671.67)
upgrade(9.9, 10.8, 1, -173075, 688.12)
place(7.3, 0.9, 13.9, "Turret", -173075, 709.03)
upgrade(7.3, 13.9, 1, -176450, 711.04)
upgrade(7.3, 13.9, 1, -183200, 718.13)
ability(9.8, 19.4, "Drop The Beat", 725.60)
upgrade(7.3, 13.9, 1, -201200, 737.86)
place(6.2, 0.9, 9.0, "Turret", -201200, 757.06)
ability(9.8, 19.4, "Drop The Beat", 758.67)
upgrade(6.2, 9.0, 1, -204575, 760.70)
upgrade(6.2, 9.0, 1, -229325, 780.25)
ability(9.8, 19.4, "Drop The Beat", 787.50)
upgrade(2.7, 5.5, 1, -243500, 807.86)
upgrade(2.7, 5.5, 1, -243500, 807.86)
upgrade(5.4, 7.0, 1, -257675, 812.31)
ability(9.8, 19.4, "Drop The Beat", 815.59)
upgrade(8.2, 5.0, 1, -271850, 818.66)
upgrade(8.4, 7.9, 1, -286025, 830.85)
option(9.8, 19.4, "Track", "Red", 846.27)
ability(9.8, 19.4, "Drop The Beat", 850.93)
option(9.8, 19.4, "Track", "Green", 867.00)
upgrade(11.3, 5.7, 1, -300200, 872.57)
upgrade(11.3, 9.0, 1, -314375, 874.88)
ability(9.8, 19.4, "Drop The Beat", 881.91)
upgrade(13.9, 7.5, 1, -328550, 884.37)
upgrade(14.0, 4.5, 1, -342725, 886.14)
upgrade(9.8, 19.4, 1, -350725, 894.58)
ability(9.8, 19.4, "Drop The Beat", 913.89)
timescale(0.00, 920.29)
timescale(0.50, 920.30)
timescale(1.00, 920.86)
upgrade(9.8, 19.4, 1, -370725, 927.02)
upgrade(2.7, 5.5, 1, -391975, 929.88)
timescale(1.50, 932.50)
timescale(2.00, 932.87)
upgrade(5.4, 7.0, 1, -413225, 944.78)
upgrade(8.4, 7.9, 1, -434475, 962.22)
ability(9.8, 19.4, "Drop The Beat", 968.04)
upgrade(8.2, 5.0, 1, -455725, 975.96)
upgrade(11.3, 5.7, 1, -476975, 987.20)
timescale(0.00, 991.20)
timescale(0.50, 991.22)
timescale(1.00, 991.46)
upgrade(11.3, 9.0, 1, -498225, 998.92)
ability(9.8, 19.4, "Drop The Beat", 1007.37)
upgrade(13.9, 7.5, 1, -519475, 1010.89)
timescale(1.50, 1014.86)
timescale(2.00, 1015.24)
timescale(0.00, 1015.48)
timescale(0.50, 1015.49)
timescale(1.00, 1015.59)
timescale(1.50, 1016.01)
upgrade(14.0, 4.5, 1, -540725, 1032.10)
place(4.3, 0.9, 12.0, "Minigunner", -540725, 1043.91)
upgrade(4.3, 12.0, 1, -541575, 1045.57)
upgrade(4.3, 12.0, 1, -545655, 1045.95)
upgrade(4.3, 12.0, 1, -557130, 1047.01)
place(2.0, 0.9, 14.0, "Minigunner", -557130, 1055.51)
upgrade(2.0, 14.0, 1, -557980, 1056.64)
upgrade(2.0, 14.0, 1, -562060, 1057.65)
upgrade(2.0, 14.0, 1, -573535, 1058.34)
place(2.7, 0.9, 9.4, "Minigunner", -573535, 1068.73)
upgrade(2.7, 9.4, 1, -574385, 1069.77)
upgrade(2.7, 9.4, 1, -578465, 1071.08)
upgrade(2.7, 9.4, 1, -589940, 1071.65)
ability(9.8, 19.4, "Drop The Beat", 1073.45)
upgrade(7.3, 13.9, 1, -619690, 1082.50)
timescale(2.00, 1089.16)
upgrade(7.3, 13.9, 1, -674940, 1110.57)
timescale(0.00, 1128.25)
timescale(0.50, 1128.26)
timescale(1.00, 1128.60)
option(9.8, 19.4, "Track", "Red", 1130.92)
ability(9.8, 19.4, "Drop The Beat", 1133.38)
upgrade(6.2, 9.0, 1, -708190, 1135.80)
target(2.7, 5.5, "Last", 1145.16)
target(2.7, 5.5, "Strongest", 1145.77)
target(2.7, 5.5, "Weakest", 1146.23)
target(2.7, 5.5, "Strongest", 1147.16)
target(5.4, 7.0, "Last", 1150.15)
target(5.4, 7.0, "Strongest", 1150.36)
target(8.2, 5.0, "Last", 1152.87)
target(8.2, 5.0, "Strongest", 1153.20)
target(8.4, 7.9, "Last", 1156.27)
target(8.4, 7.9, "Strongest", 1156.56)
target(11.3, 5.7, "Last", 1159.08)
target(11.3, 5.7, "Weakest", 1159.42)
ability(9.8, 19.4, "Drop The Beat", 1161.90)
target(11.3, 5.7, "Strongest", 1163.56)
target(11.3, 9.0, "Last", 1166.09)
target(11.3, 9.0, "Strongest", 1167.15)
target(14.0, 4.5, "Last", 1169.71)
target(14.0, 4.5, "Strongest", 1170.01)
target(13.9, 7.5, "Last", 1174.31)
target(2.7, 5.5, "Last", 1186.90)
target(2.7, 5.5, "First", 1187.14)
target(2.7, 5.5, "Random", 1187.50)
target(2.7, 5.5, "First", 1188.20)
target(5.4, 7.0, "Last", 1191.16)
target(5.4, 7.0, "First", 1191.46)
ability(9.8, 19.4, "Drop The Beat", 1195.23)
target(8.4, 7.9, "Last", 1214.86)
target(8.4, 7.9, "First", 1215.09)
target(8.2, 5.0, "Last", 1217.62)
target(8.2, 5.0, "First", 1217.82)
target(11.3, 9.0, "Last", 1219.87)
target(11.3, 9.0, "First", 1221.42)
target(11.3, 5.7, "Last", 1223.57)
target(11.3, 5.7, "First", 1223.79)
target(13.9, 7.5, "Last", 1226.37)
target(11.3, 5.7, "Random", 1228.56)
target(11.3, 5.7, "Random", 1229.59)
target(11.3, 5.7, "First", 1230.02)
option(9.8, 19.4, "Track", "Green", 1237.12)
ability(9.8, 19.4, "Drop The Beat", 1238.51)
upgrade(9.9, 10.8, 1, -737940, 1240.54)
upgrade(9.9, 10.8, 1, -793190, 1241.37)
upgrade(6.2, 9.0, 1, -848440, 1242.94)
place(-1.2, 0.9, 14.0, "Minigunner", -848440, 1253.24)
place(0.3, 0.9, 11.3, "Minigunner", -848440, 1256.64)
place(0.7, 0.9, 7.1, "Minigunner", -848440, 1261.66)
place(-1.1, 0.9, 4.7, "Minigunner", -848440, 1268.31)
place(-1.0, 0.9, 1.6, "Minigunner", -848440, 1271.39)
place(-3.7, 0.9, 3.1, "Minigunner", -848440, 1274.48)
place(-3.8, 0.9, 6.2, "Minigunner", -848440, 1278.23)
ability(9.8, 19.4, "Drop The Beat", 1281.15)
option(9.8, 19.4, "Track", "Red", 1284.54)
place(-2.0, 0.9, 8.6, "Minigunner", -848440, 1293.77)
place(-5.0, 0.9, 9.0, "Minigunner", -848440, 1309.02)
place(-3.1, 0.9, 11.4, "Minigunner", -848440, 1313.43)
place(-4.2, 0.9, 14.3, "Minigunner", -848440, 1317.09)
upgrade(-4.2, 14.3, 1, -849390, 1318.38)
upgrade(-4.2, 14.3, 1, -866775, 1319.42)
upgrade(-4.2, 14.3, 1, -919025, 1319.65)
upgrade(-1.2, 14.0, 1, -894800, 1320.53)
upgrade(-1.2, 14.0, 1, -899360, 1320.80)
upgrade(-1.2, 14.0, 1, -916745, 1321.03)
upgrade(2.0, 14.0, 1, -930045, 1321.87)
upgrade(4.3, 12.0, 1, -956170, 1323.09)
upgrade(2.7, 9.4, 1, -982295, 1324.35)
upgrade(0.3, 11.3, 1, -984195, 1325.18)
upgrade(0.3, 11.3, 1, -1014880, 1325.55)
upgrade(0.3, 11.3, 1, -1041005, 1325.78)
upgrade(-3.1, 11.4, 1, -1020390, 1326.71)
upgrade(-3.1, 11.4, 1, -1024950, 1326.96)
upgrade(-3.1, 11.4, 1, -1063900, 1327.21)
upgrade(-3.1, 11.4, 1, -1063900, 1327.42)
upgrade(-2.0, 8.6, 1, -1044235, 1328.28)
upgrade(-2.0, 8.6, 1, -1057060, 1328.59)
timescale(1.50, 1341.13)
timescale(2.00, 1341.46)
upgrade(-2.0, 8.6, 1, -1070360, 1361.35)
ability(9.8, 19.4, "Drop The Beat", 1365.43)
upgrade(0.7, 7.1, 1, -1072260, 1369.15)
upgrade(0.7, 7.1, 1, -1081380, 1369.62)
upgrade(0.7, 7.1, 1, -1102470, 1370.34)
upgrade(0.7, 7.1, 1, -1129070, 1378.21)
upgrade(-5.0, 9.0, 1, -1104845, 1381.20)
upgrade(-5.0, 9.0, 1, -1113965, 1381.79)
upgrade(-5.0, 9.0, 1, -1113965, 1382.28)
upgrade(-5.0, 9.0, 1, -1117670, 1382.94)
upgrade(-5.0, 9.0, 1, -1117670, 1393.53)
upgrade(-5.0, 9.0, 1, -1130495, 1394.06)
upgrade(-3.8, 6.2, 1, -1131445, 1400.03)
upgrade(-3.8, 6.2, 1, -1153390, 1400.63)
upgrade(-3.8, 6.2, 1, -1166690, 1411.40)
upgrade(-1.1, 4.7, 1, -1168590, 1414.01)
ability(9.8, 19.4, "Drop The Beat", 1418.89)
ability(9.8, 19.4, "Drop The Beat", 1419.31)
upgrade(-1.1, 4.7, 1, -1207540, 1422.79)
upgrade(-1.1, 4.7, 1, -1207540, 1423.27)
upgrade(-1.1, 4.7, 1, -1233665, 1426.26)
upgrade(-1.1, 4.7, 1, -1233665, 1426.95)
upgrade(-1.0, 1.6, 1, -1209240, 1437.11)
upgrade(-1.0, 1.6, 1, -1217400, 1437.71)
upgrade(-1.0, 1.6, 1, -1224795, 1438.32)
upgrade(-1.0, 1.6, 1, -1236695, 1439.09)
upgrade(-1.0, 1.6, 1, -1260070, 1442.74)
upgrade(-3.7, 3.1, 1, -1238395, 1446.40)
upgrade(-3.7, 3.1, 1, -1246555, 1447.19)
upgrade(-3.7, 3.1, 1, -1258030, 1447.92)
upgrade(-3.7, 3.1, 1, -1265850, 1453.67)
place(3.2, 1.0, 19.2, "Minigunner", -1265850, 1468.03)
ability(9.8, 19.4, "Drop The Beat", 1470.01)
ability(9.8, 19.4, "Drop The Beat", 1470.43)
upgrade(3.2, 19.2, 1, -1271360, 1473.61)
upgrade(3.2, 19.2, 1, -1280480, 1474.15)
upgrade(3.2, 19.2, 1, -1306130, 1474.78)
ability(9.8, 19.4, "Drop The Beat", 1477.62)
place(-2.2, 0.9, 16.9, "Minigunner", -1280480, 1489.92)
upgrade(-2.2, 16.9, 1, -1282380, 1491.46)
upgrade(-2.2, 16.9, 1, -1299765, 1492.08)
upgrade(-2.2, 16.9, 1, -1299765, 1492.76)
upgrade(-2.2, 16.9, 1, -1313065, 1511.40)
ability(9.8, 19.4, "Drop The Beat", 1515.41)
upgrade(9.2, 26.1, 1, -1331589, 1520.44)
upgrade(10.6, 23.9, 1, -1331589, 1525.89)
upgrade(10.5, 28.3, 1, -1340851, 1529.03)
upgrade(11.8, 26.1, 1, -1350113, 1531.79)
upgrade(13.1, 28.4, 1, -1359375, 1535.40)
upgrade(13.1, 24.0, 1, -1368637, 1538.43)
ability(9.8, 19.4, "Drop The Beat", 1544.70)
ability(9.8, 19.4, "Drop The Beat", 1545.21)
timescale(0.00, 1555.41)
timescale(0.50, 1555.43)
timescale(1.00, 1555.57)
upgrade(14.4, 26.2, 1, -1377899, 1563.35)
upgrade(15.7, 24.1, 1, -1396423, 1564.71)
upgrade(15.8, 28.4, 1, -1396423, 1566.08)
upgrade(17.0, 26.3, 1, -1414947, 1567.24)
upgrade(18.3, 24.1, 1, -1414947, 1568.43)
upgrade(18.4, 28.4, 1, -1424209, 1569.54)
upgrade(18.4, 28.4, 1, -1433471, 1569.82)
ability(9.8, 19.4, "Drop The Beat", 1578.92)
ability(9.8, 19.4, "Drop The Beat", 1607.02)
sell(18.3, 24.1, 1623.62)
place(13.5, 0.9, 10.7, "Minigunner", -1424209, 1627.17)
upgrade(13.5, 10.7, 1, -1425159, 1627.82)
upgrade(13.5, 10.7, 1, -1447104, 1628.23)
upgrade(13.5, 10.7, 1, -1473229, 1628.48)
sell(15.7, 24.1, 1630.14)
place(13.5, 0.9, 13.8, "Minigunner", -1447104, 1633.14)
upgrade(13.5, 13.8, 1, -1452614, 1633.95)
upgrade(13.5, 13.8, 1, -1461734, 1634.23)
upgrade(13.5, 13.8, 1, -1500684, 1634.58)
ability(9.8, 19.4, "Drop The Beat", 1636.07)
sell(13.1, 24.0, 1637.68)
place(16.0, 1.0, 8.8, "Minigunner", -1461734, 1640.31)
upgrade(16.0, 8.8, 1, -1463634, 1641.02)
upgrade(16.0, 8.8, 1, -1472754, 1641.31)
upgrade(16.0, 8.8, 1, -1511704, 1641.59)
upgrade(16.0, 8.8, 1, -1498879, 1641.83)
sell(10.6, 23.9, 1642.99)
place(16.3, 1.0, 12.0, "Minigunner", -1472754, 1646.06)
upgrade(16.3, 12.0, 1, -1478264, 1646.71)
upgrade(16.3, 12.0, 1, -1482824, 1646.97)
upgrade(16.3, 12.0, 1, -1534599, 1647.27)
sell(9.2, 26.1, 1649.25)
place(16.7, 1.0, 5.9, "Minigunner", -1495649, 1653.26)
upgrade(16.7, 5.9, 1, -1497549, 1654.10)
upgrade(16.7, 5.9, 1, -1514934, 1654.41)
upgrade(16.7, 5.9, 1, -1541059, 1654.85)
sell(17.0, 26.3, 1657.51)
place(15.1, 1.0, 3.4, "Minigunner", -1514934, 1661.04)
upgrade(15.1, 3.4, 1, -1515884, 1661.88)
upgrade(15.1, 3.4, 1, -1525004, 1662.15)
upgrade(15.1, 3.4, 1, -1550654, 1662.42)
sell(14.4, 26.2, 1666.60)
place(12.2, 1.0, 2.1, "Minigunner", -1537829, 1670.59)
upgrade(12.2, 2.1, 1, -1539729, 1671.43)
upgrade(12.2, 2.1, 1, -1548849, 1671.81)
upgrade(12.2, 2.1, 1, -1561674, 1672.19)
ability(9.8, 19.4, "Drop The Beat", 1674.16)
sell(11.8, 26.1, 1676.73)
place(-5.0, 0.9, 18.1, "Minigunner", -1548849, 1684.76)
upgrade(-5.0, 18.1, 1, -1554359, 1685.50)
upgrade(-5.0, 18.1, 1, -1558919, 1685.74)
upgrade(-5.0, 18.1, 1, -1610694, 1686.07)
sell(10.5, 28.3, 1690.30)
place(-2.6, 0.9, 20.0, "Minigunner", -1571744, 1694.66)
upgrade(-2.6, 20.0, 1, -1572694, 1695.34)
upgrade(-2.6, 20.0, 1, -1586374, 1695.66)
upgrade(-2.6, 20.0, 1, -1625324, 1695.96)
sell(13.1, 28.4, 1698.34)
sell(15.8, 28.4, 1699.37)
sell(18.4, 28.4, 1699.88)
place(-4.4, 1.0, 0.1, "Minigunner", -1586374, 1705.06)
upgrade(-4.4, 0.1, 1, -1587374, 1705.78)
upgrade(-4.4, 0.1, 1, -1593174, 1706.06)
upgrade(-4.4, 0.1, 1, -1611474, 1706.37)
upgrade(-4.4, 0.1, 1, -1638974, 1706.59)
place(-10.5, 0.9, 13.9, "Minigunner", -1597974, 1709.14)
upgrade(-10.5, 13.9, 1, -1599974, 1709.94)
upgrade(-10.5, 13.9, 1, -1645774, 1710.30)
place(-10.4, 0.9, 10.8, "Minigunner", -1618274, 1712.41)
upgrade(-10.4, 10.8, 1, -1619274, 1713.14)
upgrade(-10.4, 10.8, 1, -1643374, 1713.69)
upgrade(-10.4, 10.8, 1, -1657374, 1713.93)
ability(9.8, 19.4, "Drop The Beat", 1714.71)