-- ZEPHYR_META: {"authorId":"1067123834152554536","authorTag":"dracometeor._","category":"community","official":false,"createdAt":"2026-09-27T17:03:00.757Z","updatedAt":"2026-09-27T17:03:00.757Z"}
place(-9.1, 1.3, 39.7, "Farm", 0, 0.46)
place(-11.1, 1.2, 43.1, "Farm", 0, 1.15)
place(-15.2, 1.2, 39.3, "Farm", 0, 1.59)
upgrade(-15.2, 39.3, 1, -200, 2.55)
upgrade(-11.1, 43.1, 1, -400, 3.52)
upgrade(-9.1, 39.7, 1, -600, 4.03)
upgrade(-9.1, 39.7, 1, -1200, 13.66)
upgrade(-11.1, 43.1, 1, -1800, 20.49)
place(11.9, 1.2, 22.5, "Electroshocker", -1800, 30.64)
upgrade(11.9, 22.5, 1, -2075, 32.22)
upgrade(-15.2, 39.3, 1, -2675, 38.82)
upgrade(-15.2, 39.3, 1, -3925, 46.04)
upgrade(11.9, 22.5, 1, -4875, 53.47)
upgrade(-9.1, 39.7, 1, -6125, 66.13)
place(-12.6, 1.3, 36.8, "Farm", -6125, 69.69)
upgrade(-11.1, 43.1, 1, -7375, 70.89)
upgrade(-12.6, 36.8, 1, -7575, 72.54)
upgrade(-12.6, 36.8, 1, -8175, 79.32)
upgrade(-12.6, 36.8, 1, -9425, 83.05)
place(8.9, 1.3, 22.3, "Electroshocker", -9425, 88.80)
upgrade(8.9, 22.3, 1, -9700, 92.37)
upgrade(8.9, 22.3, 1, -10650, 96.40)
place(-17.4, 1.4, 36.0, "Farm", -10650, 99.72)
upgrade(-17.4, 36.0, 1, -10850, 100.52)
upgrade(-17.4, 36.0, 1, -11450, 100.91)
upgrade(-17.4, 36.0, 1, -12700, 103.05)
place(-18.2, 1.5, 32.0, "Farm", -12700, 105.44)
upgrade(-18.2, 32.0, 1, -12900, 106.79)
upgrade(-18.2, 32.0, 1, -13500, 108.37)
place(-21.5, 1.4, 33.7, "Farm", -13500, 110.16)
upgrade(8.9, 22.3, 1, -15900, 115.50)
place(9.3, 0.9, 19.2, "Crook Boss", -15900, 122.09)
upgrade(9.3, 19.2, 1, -17400, 126.05)
upgrade(9.3, 19.2, 1, -20150, 128.79)
upgrade(-21.5, 33.7, 1, -20350, 134.54)
upgrade(-21.5, 33.7, 1, -20950, 135.60)
upgrade(-21.5, 33.7, 1, -22200, 139.53)
place(-14.8, 1.5, 33.4, "Farm", -24700, 150.33)
upgrade(-14.8, 33.4, 1, -24900, 150.99)
upgrade(-14.8, 33.4, 1, -26750, 152.88)
place(-15.1, 1.6, 29.7, "Farm", -26750, 154.53)
upgrade(-15.1, 29.7, 1, -26950, 155.21)
upgrade(-15.1, 29.7, 1, -28800, 155.65)
place(-17.0, 1.5, 26.1, "Farm", -28800, 156.63)
upgrade(-17.0, 26.1, 1, -29000, 157.96)
upgrade(-17.0, 26.1, 1, -30850, 165.54)
upgrade(11.9, 22.5, 1, -33250, 168.21)
upgrade(-18.2, 32.0, 1, -34500, 171.63)
upgrade(8.9, 22.3, 1, -38500, 187.07)
upgrade(11.9, 22.5, 1, -42500, 187.53)
upgrade(8.9, 22.3, 1, -52500, 224.05)
upgrade(11.9, 22.5, 1, -62500, 259.00)
place(6.1, 1.1, 19.3, "Crook Boss", -62500, 265.54)
upgrade(6.1, 19.3, 1, -64000, 271.62)
upgrade(6.1, 19.3, 1, -66750, 274.77)
place(4.3, 1.3, 21.8, "Crook Boss", -66750, 281.05)
upgrade(4.3, 21.8, 1, -68250, 286.55)
upgrade(4.3, 21.8, 1, -71000, 290.51)
place(12.2, 1.3, 25.5, "Electroshocker", -71000, 293.51)
upgrade(12.2, 25.5, 1, -71275, 294.78)
upgrade(12.2, 25.5, 1, -74625, 295.24)
upgrade(12.2, 25.5, 1, -78625, 309.90)
upgrade(12.2, 25.5, 1, -88625, 330.84)
place(5.9, 1.4, 28.4, "Minigunner", -88625, 332.57)
upgrade(5.9, 28.4, 1, -88975, 333.30)
place(6.1, 0.4, 14.8, "Scout", -90475, 337.27)
upgrade(6.1, 14.8, 1, -90525, 338.00)
upgrade(6.1, 14.8, 1, -92250, 338.71)
place(10.9, 0.3, 10.4, "Scout", -92250, 339.71)
upgrade(10.9, 10.4, 1, -92300, 340.33)
upgrade(10.9, 10.4, 1, -94025, 346.94)
place(3.7, 0.3, 12.6, "Scout", -94025, 349.20)
upgrade(3.7, 12.6, 1, -94075, 349.88)
place(8.4, 0.2, 8.4, "Scout", -94450, 351.15)
upgrade(8.4, 8.4, 1, -94500, 353.15)
upgrade(8.4, 8.4, 1, -96225, 353.59)
upgrade(3.7, 12.6, 1, -97575, 355.29)
place(1.0, 0.8, 16.5, "Minigunner", -97575, 357.15)
place(0.3, 1.4, 19.7, "Minigunner", -97575, 362.22)
upgrade(0.3, 19.7, 1, -97925, 362.87)
upgrade(1.0, 16.5, 1, -98275, 363.76)
upgrade(1.0, 16.5, 1, -99775, 367.71)
upgrade(0.3, 19.7, 1, -101275, 369.13)
place(12.4, 1.2, 28.5, "Scout", -101275, 371.99)
upgrade(12.4, 28.5, 1, -101325, 372.67)
upgrade(12.4, 28.5, 1, -103050, 373.09)
place(15.5, 1.2, 28.6, "Scout", -103050, 374.36)
upgrade(15.5, 28.6, 1, -103100, 374.99)
upgrade(15.5, 28.6, 1, -103475, 375.32)
place(0.2, 0.5, 13.1, "Minigunner", -104825, 379.27)
upgrade(0.2, 13.1, 1, -105175, 380.60)
upgrade(0.2, 13.1, 1, -113175, 382.32)
upgrade(1.0, 16.5, 1, -119675, 395.02)
upgrade(5.9, 28.4, 1, -126175, 405.27)
upgrade(0.3, 19.7, 1, -132675, 410.13)
place(6.5, 1.4, 31.7, "Minigunner", -132675, 414.14)
upgrade(6.5, 31.7, 1, -133025, 415.43)
place(2.9, 1.4, 29.7, "Scout", -134525, 417.50)
upgrade(2.9, 29.7, 1, -134575, 418.04)
upgrade(2.9, 29.7, 1, -136300, 418.39)
place(2.9, 1.4, 33.4, "Scout", -136300, 420.44)
upgrade(2.9, 33.4, 1, -136350, 420.96)
upgrade(2.9, 33.4, 1, -138075, 421.32)
upgrade(6.5, 31.7, 1, -144575, 431.07)
place(15.3, 1.0, 24.9, "Scout", -144575, 435.21)
upgrade(15.3, 24.9, 1, -144625, 436.72)
upgrade(15.3, 24.9, 1, -146350, 437.13)
place(14.4, 0.9, 19.8, "Scout", -148550, 437.61)
upgrade(14.4, 19.8, 1, -148600, 439.32)
place(12.4, 0.7, 17.5, "Scout", -148975, 441.58)
upgrade(12.4, 17.5, 1, -149025, 442.22)
upgrade(12.4, 17.5, 1, -150750, 442.68)
place(-0.2, 1.5, 29.3, "Minigunner", -150750, 445.55)
upgrade(-0.2, 29.3, 1, -151100, 446.80)
upgrade(-0.2, 29.3, 1, -152600, 448.20)
place(-0.2, 1.5, 32.5, "Scout", -152600, 453.85)
upgrade(-0.2, 32.5, 1, -152650, 454.55)