-- ZEPHYR_META: {"authorId":"816049257441525811","authorTag":"juanllmz","category":"community","official":false,"createdAt":"2026-07-28T05:35:36.527Z","updatedAt":"2026-07-28T05:35:36.527Z"}
upgrade(13.5, -15.4, 1, -5400, 37.52)
place(11.2, 0.9, -7.5, "Cowboy", -5400, 76.35)
upgrade(11.2, -7.5, 1, -5600, 79.20)
place(8.2, 1.0, -12.3, "Cowboy", -5600, 129.58)
place(16.8, 0.9, -9.2, "Cowboy", -5600, 131.39)
upgrade(16.8, -9.2, 1, -5800, 152.17)
upgrade(8.2, -12.3, 1, -6000, 160.71)
upgrade(13.5, -15.4, 1, -6600, 163.54)
upgrade(11.2, -7.5, 1, -7200, 197.30)
upgrade(16.8, -9.2, 1, -7800, 205.39)
upgrade(8.2, -12.3, 1, -8400, 206.11)
upgrade(13.5, -15.4, 1, -10400, 252.47)
upgrade(11.2, -7.5, 1, -12400, 294.82)
upgrade(8.2, -12.3, 1, -14400, 327.62)
place(12.4, 0.9, -4.4, "Crook Boss", -14400, 349.89)
upgrade(12.4, -4.4, 1, -15900, 380.19)
upgrade(12.4, -4.4, 1, -18650, 406.91)
place(8.6, 0.9, -6.0, "Crook Boss", -18650, 417.92)
upgrade(8.6, -6.0, 1, -20150, 445.11)
upgrade(8.6, -6.0, 1, -22900, 467.17)
place(3.1, 1.0, -11.3, "Cowboy", -22900, 478.12)
place(20.1, 0.9, -5.0, "Cowboy", -22900, 480.86)
upgrade(20.1, -5.0, 1, -23100, 483.55)
upgrade(3.1, -11.3, 1, -23300, 485.81)
place(5.4, 0.9, -5.4, "Cowboy", -23300, 492.87)
place(14.1, 0.9, -1.9, "Cowboy", -23300, 495.99)
upgrade(14.1, -1.9, 1, -23500, 497.13)
upgrade(5.4, -5.4, 1, -23700, 497.94)
place(9.6, 0.9, -3.0, "Crook Boss", -23700, 504.94)
upgrade(9.6, -3.0, 1, -25200, 524.76)
upgrade(9.6, -3.0, 1, -27950, 553.92)
place(5.7, 0.9, -2.4, "Crook Boss", -27950, 580.58)
upgrade(5.7, -2.4, 1, -29450, 582.80)
upgrade(5.7, -2.4, 1, -32200, 587.57)
upgrade(14.1, -1.9, 1, -32800, 604.21)
upgrade(14.1, -1.9, 1, -34800, 612.33)
upgrade(20.1, -5.0, 1, -35400, 616.46)
upgrade(3.1, -11.3, 1, -36000, 619.35)
upgrade(5.4, -5.4, 1, -36600, 622.74)
upgrade(13.5, -15.4, 1, -39600, 632.42)
upgrade(11.2, -7.5, 1, -42600, 649.69)
upgrade(14.1, -1.9, 1, -45600, 678.26)
upgrade(5.4, -5.4, 1, -47600, 680.57)
upgrade(5.4, -5.4, 1, -50600, 681.62)
upgrade(3.1, -11.3, 1, -52600, 689.40)
upgrade(20.1, -5.0, 1, -54600, 697.03)
place(11.7, 0.9, -0.7, "Crook Boss", -54600, 714.91)
upgrade(11.7, -0.7, 1, -56100, 716.57)
upgrade(11.7, -0.7, 1, -58850, 717.46)
upgrade(14.1, -1.9, 1, -66627, 773.13)
upgrade(5.4, -5.4, 1, -74404, 775.00)
upgrade(11.2, -7.5, 1, -82181, 794.34)
upgrade(13.5, -15.4, 1, -89958, 807.16)
upgrade(8.6, -6.0, 1, -103958, 859.59)
upgrade(12.4, -4.4, 1, -117958, 868.90)
upgrade(9.6, -3.0, 1, -131958, 871.38)