-- ZEPHYR_META: {"authorId":"984258437644967996","authorTag":"such5092","category":"community","official":false,"createdAt":"2026-06-30T05:13:15.642Z","updatedAt":"2026-06-30T05:13:15.642Z"}
place(2.5, 1.0, 15.3, "Soldier", 0, 16.08)
place(0.6, 1.0, 18.6, "Soldier", 0, 27.59)
upgrade(0.6, 18.6, 1, -150, 30.26)
timescaleunlock(35.36)
timescale(1.50, 37.60)
timescale(2.00, 39.45)
upgrade(2.5, 15.3, 1, -300, 44.97)
upgrade(-0.6, 15.7, 1, -450, 48.81)
upgrade(2.5, 15.3, 1, -1250, 65.42)
upgrade(-0.6, 15.7, 1, -2050, 70.56)
upgrade(0.6, 18.6, 1, -2850, 81.94)
place(-12.7, 1.0, 25.6, "Shotgunner", -2850, 105.47)
upgrade(-12.7, 25.6, 1, -3490, 108.76)
place(7.2, 1.0, 28.2, "Shotgunner", -3490, 126.49)
upgrade(7.2, 28.2, 1, -4130, 128.68)
place(-12.8, 1.0, 23.6, "Shotgunner", -4130, 149.98)
upgrade(-12.8, 23.6, 1, -4770, 152.09)
place(12.8, 1.0, 28.1, "Shotgunner", -4770, 167.89)
upgrade(12.8, 28.1, 1, -5410, 169.64)
place(-10.6, 1.0, 25.6, "Shotgunner", -5410, 175.58)
upgrade(-10.6, 25.6, 1, -6050, 177.24)
place(6.6, 1.0, 26.2, "Shotgunner", -6050, 190.31)
upgrade(6.6, 26.2, 1, -6690, 191.86)
place(12.7, 1.0, 26.1, "Shotgunner", -6690, 204.53)
upgrade(12.7, 26.1, 1, -7330, 208.15)
place(-10.7, 1.0, 23.5, "Shotgunner", -7330, 215.35)
upgrade(-10.7, 23.5, 1, -7970, 216.73)
place(13.5, 1.0, 30.1, "Shotgunner", -7970, 228.66)
upgrade(13.5, 30.1, 1, -8610, 231.11)
upgrade(13.5, 30.1, 1, -10160, 233.04)
upgrade(7.2, 28.2, 1, -11710, 239.24)
upgrade(12.8, 28.1, 1, -13260, 244.73)
upgrade(-10.6, 25.6, 1, -14810, 252.48)
upgrade(-12.7, 25.6, 1, -16360, 254.83)
upgrade(-10.7, 23.5, 1, -17910, 267.50)
upgrade(6.6, 26.2, 1, -19460, 276.73)
upgrade(12.7, 26.1, 1, -21010, 282.16)
upgrade(-12.8, 23.6, 1, -22560, 288.76)
upgrade(7.2, 28.2, 1, -28560, 304.05)
upgrade(6.6, 26.2, 1, -34560, 323.19)
upgrade(12.7, 26.1, 1, -40560, 336.80)
upgrade(12.8, 28.1, 1, -46560, 349.48)
upgrade(13.5, 30.1, 1, -52560, 368.76)
upgrade(-10.7, 23.5, 1, -58560, 378.72)
place(3.7, 1.0, 18.5, "Soldier", -58560, 383.46)
upgrade(3.7, 18.5, 1, -58710, 385.11)
upgrade(3.7, 18.5, 1, -59510, 385.78)
place(6.0, 0.9, 15.6, "Soldier", -59510, 388.79)
upgrade(6.0, 15.6, 1, -59660, 390.13)
upgrade(6.0, 15.6, 1, -60460, 390.82)
place(-2.8, 1.0, 18.4, "Soldier", -60460, 392.96)
upgrade(-2.8, 18.4, 1, -60610, 394.25)
place(-1.0, 1.0, 22.2, "Soldier", -61410, 396.55)
upgrade(-1.0, 22.2, 1, -61560, 397.78)
place(2.1, 1.0, 21.5, "Soldier", -62360, 399.12)
upgrade(2.1, 21.5, 1, -62510, 400.29)
upgrade(3.7, 18.5, 1, -67060, 402.06)
upgrade(6.0, 15.6, 1, -70810, 410.45)
upgrade(2.5, 15.3, 1, -74560, 419.60)
upgrade(-0.6, 15.7, 1, -78310, 421.23)
upgrade(-2.8, 18.4, 1, -82060, 423.51)
upgrade(0.6, 18.6, 1, -85810, 426.17)
upgrade(-1.0, 22.2, 1, -89560, 428.16)
upgrade(6.0, 15.6, 1, -101560, 433.62)
upgrade(2.5, 15.3, 1, -113560, 436.66)