-- NOTE: This is for beginners, please equp scout
place(23.1, 1.7, 1.1, "Scout", 0, 3.30)
upgrade(23.1, 1.1, 1, -50, 3.88)
place(26.1, 1.7, 0.8, "Scout", -50, 6.25)
upgrade(26.1, 0.8, 1, -100, 7.20)
place(20.0, 1.7, 1.3, "Scout", -100, 8.88)
upgrade(20.0, 1.3, 1, -150, 11.53)
place(20.0, 1.7, 7.2, "Scout", -150, 15.08)
upgrade(20.0, 7.2, 1, -200, 15.70)
place(23.1, 1.7, 7.5, "Scout", -200, 21.26)
upgrade(23.1, 7.5, 1, -250, 21.74)
place(26.2, 1.7, 7.0, "Scout", -250, 25.56)
upgrade(26.2, 7.0, 1, -300, 26.17)
place(29.3, 1.7, 7.7, "Scout", -300, 29.76)
upgrade(29.3, 7.7, 1, -350, 30.79)
place(29.1, 1.7, 1.0, "Scout", -350, 32.33)
place(29.2, 1.7, 0.8, "Scout", -350, 36.70)
upgrade(29.2, 0.8, 1, -400, 37.31)
upgrade(29.2, 0.8, 1, -775, 37.50)
place(32.5, 1.7, 0.4, "Scout", -775, 38.99)
upgrade(32.5, 0.4, 1, -825, 42.16)
place(32.3, 1.7, 7.1, "Scout", -825, 43.87)
place(32.3, 1.7, 7.1, "Scout", -825, 51.38)
upgrade(32.3, 7.1, 1, -875, 52.00)
upgrade(32.3, 7.1, 1, -1250, 52.31)
upgrade(32.5, 0.4, 1, -1625, 60.51)
upgrade(26.1, 0.8, 1, -2000, 66.09)
upgrade(26.2, 7.0, 1, -2375, 68.71)
upgrade(23.1, 7.5, 1, -2750, 78.15)
upgrade(20.0, 7.2, 1, -3125, 88.32)
upgrade(20.0, 1.3, 1, -3500, 89.58)
upgrade(23.1, 1.1, 1, -3875, 91.10)
place(16.8, 1.7, 7.8, "Scout", -3875, 96.37)
upgrade(16.8, 7.8, 1, -3925, 97.02)
place(22.7, 1.7, 10.7, "Scout", -3925, 102.35)
upgrade(22.7, 10.7, 1, -3975, 103.19)
upgrade(22.7, 10.7, 1, -4350, 105.40)
place(26.1, 1.7, 10.3, "Scout", -4350, 108.19)
upgrade(26.1, 10.3, 1, -4400, 108.71)
upgrade(26.1, 10.3, 1, -4775, 108.93)
place(29.1, 1.7, 10.9, "Scout", -4775, 112.18)
upgrade(29.1, 10.9, 1, -4825, 112.74)
upgrade(29.1, 10.9, 1, -5200, 112.99)
place(19.7, 1.7, 10.5, "Scout", -5200, 116.84)
upgrade(19.7, 10.5, 1, -5250, 118.31)
upgrade(19.7, 10.5, 1, -5625, 127.67)
place(32.1, 1.7, -2.8, "Scout", -5625, 129.02)
upgrade(32.1, -2.8, 1, -5675, 129.61)
upgrade(32.1, -2.8, 1, -6050, 129.78)
place(29.1, 1.7, -2.5, "Scout", -6050, 131.29)
upgrade(29.1, -2.5, 1, -6100, 131.90)
upgrade(29.1, -2.5, 1, -6475, 132.09)
place(26.0, 1.7, -2.3, "Scout", -6475, 133.89)
upgrade(26.0, -2.3, 1, -6525, 134.30)
upgrade(26.0, -2.3, 1, -6900, 136.17)
place(23.0, 1.7, -2.2, "Scout", -6900, 141.21)
place(22.7, 1.7, -2.0, "Scout", -6900, 143.32)
upgrade(22.7, -2.0, 1, -6950, 144.00)
upgrade(22.7, -2.0, 1, -7325, 144.20)
upgrade(22.7, -2.0, 1, -8675, 144.31)
place(32.3, 1.7, 10.6, "Scout", -8675, 149.83)
upgrade(32.3, 10.6, 1, -8725, 155.44)
upgrade(32.3, 10.6, 1, -9100, 163.57)
upgrade(32.3, 10.6, 1, -10450, 165.02)
place(23.4, 1.7, -5.1, "Scout", -10450, 170.28)
upgrade(23.4, -5.1, 1, -10500, 170.95)
upgrade(23.4, -5.1, 1, -10875, 171.19)
upgrade(23.4, -5.1, 1, -12225, 182.12)
upgrade(29.2, 0.8, 1, -13575, 189.48)
upgrade(26.2, 7.0, 1, -14925, 206.02)
upgrade(26.1, 0.8, 1, -16275, 207.26)
upgrade(26.0, -2.3, 1, -17625, 219.14)
upgrade(26.0, -2.3, 1, -19825, 223.15)
upgrade(20.0, 1.3, 1, -21175, 245.24)
upgrade(29.1, -2.5, 1, -22525, 247.96)
upgrade(32.5, 0.4, 1, -23875, 253.56)
upgrade(29.3, 7.7, 1, -24250, 257.29)
upgrade(23.1, 7.5, 1, -25600, 269.42)
upgrade(23.1, 7.5, 1, -27800, 273.24)
upgrade(26.1, 10.3, 1, -29150, 275.74)
upgrade(29.3, 7.7, 1, -30500, 287.60)
upgrade(29.3, 7.7, 1, -32700, 293.65)
upgrade(23.1, 1.1, 1, -34050, 296.47)
upgrade(32.1, -2.8, 1, -35400, 299.83)
upgrade(20.0, 7.2, 1, -36750, 311.20)
upgrade(20.0, 7.2, 1, -38950, 317.35)
upgrade(29.1, 10.9, 1, -40300, 321.08)
upgrade(23.4, -5.1, 1, -42500, 332.94)
sell(29.2, 0.8, 366.79)
sell(32.5, 0.4, 367.56)
sell(32.1, -2.8, 368.23)
sell(29.1, -2.5, 368.77)
sell(26.0, -2.3, 369.42)
sell(26.1, 0.8, 370.02)
sell(23.1, 1.1, 370.51)
sell(22.7, -2.0, 371.07)
sell(23.4, -5.1, 371.69)
sell(29.3, 7.7, 372.66)
sell(32.3, 7.1, 373.31)
sell(32.3, 10.6, 373.83)
sell(29.1, 10.9, 374.86)
sell(26.1, 10.3, 375.34)
sell(23.1, 7.5, 376.06)
sell(26.2, 7.0, 377.52)
sell(22.7, 10.7, 378.09)
sell(19.7, 10.5, 378.68)
sell(16.8, 7.8, 379.40)
sell(20.0, 1.3, 379.97)
sell(20.0, 7.2, 380.68)