-- ZEPHYR_META: {"authorId":"1257262151048106045","authorTag":"coprosion","category":"community","official":false,"createdAt":"2026-07-08T03:37:21.604Z","updatedAt":"2026-07-08T03:37:21.604Z"}
upgrade(0.6, -37.6, 1, -150, 3.15)
upgrade(0.6, -37.6, 1, -950, 16.95)
place(3.7, 0.9, -37.7, "Soldier", -950, 33.68)
upgrade(3.7, -37.7, 1, -1100, 34.80)
upgrade(3.7, -37.7, 1, -1900, 44.81)
place(0.5, 1.0, -34.5, "Soldier", -1900, 62.95)
upgrade(0.5, -34.5, 1, -2050, 65.98)
upgrade(0.5, -34.5, 1, -2850, 67.25)
place(3.9, 1.0, -34.6, "Soldier", -2850, 84.70)
upgrade(3.9, -34.6, 1, -3000, 85.75)
upgrade(3.9, -34.6, 1, -3800, 86.12)
place(0.6, 1.0, -31.3, "Soldier", -3800, 98.83)
upgrade(0.6, -31.3, 1, -3950, 99.80)
upgrade(0.6, -31.3, 1, -4750, 100.18)
place(3.8, 1.0, -31.4, "Soldier", -4750, 102.40)
upgrade(3.8, -31.4, 1, -4900, 103.27)
upgrade(3.8, -31.4, 1, -5700, 119.86)
place(-5.0, 0.9, -36.6, "Soldier", -5700, 123.53)
upgrade(-5.0, -36.6, 1, -5850, 124.29)
upgrade(-5.0, -36.6, 1, -6650, 132.48)
place(-7.9, 0.9, -35.3, "Soldier", -6650, 138.09)
upgrade(-7.9, -35.3, 1, -6800, 139.40)
upgrade(-7.9, -35.3, 1, -7600, 140.03)
place(-5.0, 1.0, -33.1, "Soldier", -7600, 144.19)
upgrade(-5.0, -33.1, 1, -7750, 145.52)
upgrade(-5.0, -33.1, 1, -8550, 154.74)
place(-8.0, 1.0, -32.2, "Soldier", -8550, 157.20)
upgrade(-8.0, -32.2, 1, -8700, 158.52)
upgrade(-8.0, -32.2, 1, -9500, 159.16)
place(-5.1, 1.0, -29.7, "Soldier", -9500, 170.92)
upgrade(-5.1, -29.7, 1, -9650, 171.99)
upgrade(-5.1, -29.7, 1, -10450, 173.24)
place(-8.3, 1.0, -28.8, "Soldier", -10450, 174.63)
upgrade(-8.3, -28.8, 1, -10600, 175.53)
upgrade(-8.3, -28.8, 1, -11400, 176.13)
upgrade(-5.1, -29.7, 1, -15150, 205.02)
upgrade(-5.0, -33.1, 1, -18900, 225.07)
upgrade(-8.3, -28.8, 1, -22650, 248.78)
upgrade(-8.0, -32.2, 1, -26400, 263.27)
upgrade(-5.0, -36.6, 1, -30150, 280.06)
upgrade(-7.9, -35.3, 1, -33900, 287.21)
upgrade(0.6, -31.3, 1, -37650, 308.96)
upgrade(3.8, -31.4, 1, -41400, 320.76)
upgrade(0.5, -34.5, 1, -45150, 339.29)
upgrade(3.9, -34.6, 1, -48900, 346.22)
upgrade(0.6, -37.6, 1, -52650, 356.28)
upgrade(3.7, -37.7, 1, -56400, 368.80)