-- ZEPHYR_META: {"authorId":"720711136412041218","authorTag":"919_71","category":"community","official":false,"createdAt":"2026-06-24T17:56:34.934Z","updatedAt":"2026-06-24T17:56:34.934Z"}
-- NOTE: Requies full jugger, and full operator. No skill tree
place(9.2, 1.0, -8.4, "EvolvedOperator", 0, 0.35)
place(5.0, 1.0, -26.9, "Farm", 0, 1.53)
place(9.0, 1.0, -5.3, "EvolvedOperator", 0, 20.37)
place(1.3, 1.0, -27.4, "Farm", 0, 40.67)
place(11.8, 1.0, -6.5, "EvolvedOperator", 0, 47.35)
place(9.7, 1.0, -26.4, "Farm", 0, 49.23)
upgrade(9.7, -26.4, 1, -200, 68.57)
upgrade(9.7, -26.4, 1, -800, 69.48)
upgrade(5.0, -26.9, 1, -1000, 101.71)
upgrade(5.0, -26.9, 1, -1600, 105.02)
upgrade(1.3, -27.4, 1, -1800, 108.63)
upgrade(9.0, -5.3, 1, -2725, 154.69)
upgrade(9.0, -5.3, 1, -3225, 155.26)
upgrade(9.2, -8.4, 1, -3550, 157.91)
upgrade(11.8, -6.5, 1, -3875, 159.71)
place(1.8, 1.0, -22.8, "Farm", -3875, 186.68)
upgrade(1.8, -22.8, 1, -4075, 187.22)
upgrade(11.8, -6.5, 1, -5175, 190.01)
upgrade(9.2, -8.4, 1, -5675, 190.83)
place(-2.2, 1.0, 7.2, "EvolvedOperator", -5675, 224.96)
place(5.6, 1.0, -22.7, "Farm", -5675, 227.50)
upgrade(5.6, -22.7, 1, -5875, 228.13)
place(9.0, 1.0, -2.1, "EvolvedOperator", -6475, 233.66)
upgrade(9.0, -2.1, 1, -6800, 234.45)
place(11.8, 1.0, -3.4, "EvolvedOperator", -7300, 236.01)
upgrade(11.8, -3.4, 1, -7625, 236.75)
upgrade(5.6, -22.7, 1, -8875, 247.98)
upgrade(9.7, -26.4, 1, -10125, 251.07)
upgrade(11.8, -3.4, 1, -10625, 255.16)
upgrade(5.0, -26.9, 1, -11875, 279.33)
upgrade(1.8, -22.8, 1, -13125, 283.72)
upgrade(9.0, -5.3, 1, -14375, 289.29)
upgrade(9.2, -8.4, 1, -15625, 299.76)
upgrade(1.3, -27.4, 1, -16875, 314.97)
place(-0.4, 1.0, -30.9, "Farm", -16875, 315.86)
upgrade(-0.4, -30.9, 1, -17075, 316.49)
upgrade(9.0, -2.1, 1, -18925, 319.57)
upgrade(11.8, -6.5, 1, -20175, 319.90)
upgrade(-0.4, -30.9, 1, -21425, 330.30)
place(-2.4, 1.0, -27.2, "Farm", -21425, 338.07)
upgrade(-2.4, -27.2, 1, -21625, 342.53)
upgrade(-2.4, -27.2, 1, -22225, 343.29)
place(-2.6, 1.0, -23.1, "Farm", -22225, 344.60)
upgrade(-2.6, -23.1, 1, -22425, 345.20)
upgrade(11.8, -3.4, 1, -24275, 347.21)
place(14.4, 1.0, -4.9, "EvolvedOperator", -24275, 349.77)
upgrade(14.4, -4.9, 1, -24600, 350.53)
upgrade(14.4, -4.9, 1, -26350, 351.17)
upgrade(-2.4, -27.2, 1, -27600, 364.79)
upgrade(-2.6, -23.1, 1, -28850, 372.15)
place(-4.4, 1.0, -30.9, "Farm", -28850, 373.85)
upgrade(-4.4, -30.9, 1, -29050, 374.70)
place(9.0, 1.0, 1.0, "EvolvedOperator", -29650, 379.94)
place(11.8, 1.0, -0.4, "EvolvedOperator", -29650, 381.37)
place(14.5, 1.0, -1.8, "EvolvedOperator", -29650, 382.42)
upgrade(9.0, 1.0, 1, -29975, 383.39)
upgrade(9.0, 1.0, 1, -31725, 384.06)
upgrade(11.8, -0.4, 1, -32050, 384.57)
upgrade(11.8, -0.4, 1, -33800, 385.27)
upgrade(-4.4, -30.9, 1, -35050, 386.72)
upgrade(14.5, -1.8, 1, -35375, 392.21)
upgrade(14.5, -1.8, 1, -37125, 393.04)
place(-6.2, 1.0, -27.1, "Farm", -37125, 394.45)
upgrade(-6.2, -27.1, 1, -37325, 395.05)
upgrade(-6.2, -27.1, 1, -37925, 395.99)
upgrade(-6.2, -27.1, 1, -39175, 396.37)
upgrade(9.7, -26.4, 1, -41675, 404.17)
upgrade(5.0, -26.9, 1, -44175, 417.39)
upgrade(5.6, -22.7, 1, -46675, 427.95)
upgrade(1.8, -22.8, 1, -49175, 431.23)
upgrade(-2.6, -23.1, 1, -51675, 433.48)
upgrade(1.3, -27.4, 1, -54175, 466.05)
upgrade(-2.4, -27.2, 1, -56675, 466.93)
upgrade(-0.4, -30.9, 1, -59175, 470.65)
upgrade(-6.2, -27.1, 1, -61675, 475.36)
place(9.0, 1.0, 4.1, "EvolvedOperator", -61675, 479.64)
upgrade(9.0, 4.1, 1, -62000, 480.35)
upgrade(9.0, 4.1, 1, -63750, 481.01)
place(11.7, 1.0, 2.6, "EvolvedOperator", -63750, 482.39)
upgrade(11.7, 2.6, 1, -64075, 483.00)
upgrade(11.7, 2.6, 1, -65825, 483.54)
place(14.5, 1.0, 1.4, "EvolvedOperator", -65825, 484.63)
upgrade(14.5, 1.4, 1, -66150, 485.24)
upgrade(14.5, 1.4, 1, -67900, 485.79)
upgrade(-2.2, 7.2, 1, -68225, 493.79)
upgrade(-2.2, 7.2, 1, -69975, 494.42)
upgrade(-4.4, -30.9, 1, -72475, 498.41)
upgrade(-2.6, -23.1, 1, -76975, 508.14)
upgrade(1.8, -22.8, 1, -81475, 518.96)
upgrade(5.6, -22.7, 1, -85975, 526.75)
upgrade(9.7, -26.4, 1, -90475, 541.63)
upgrade(5.0, -26.9, 1, -94975, 546.03)
upgrade(9.0, 4.1, 1, -97075, 551.83)
upgrade(9.0, 1.0, 1, -99175, 552.56)
upgrade(9.0, -2.1, 1, -101275, 553.16)
upgrade(9.0, -5.3, 1, -103375, 554.00)
upgrade(9.2, -8.4, 1, -105475, 555.12)
upgrade(1.3, -27.4, 1, -109975, 567.33)
upgrade(-2.4, -27.2, 1, -114475, 573.82)
upgrade(-6.2, -27.1, 1, -118975, 576.16)
upgrade(-0.4, -30.9, 1, -123475, 576.81)
upgrade(11.7, 2.6, 1, -125575, 578.49)
upgrade(11.8, -0.4, 1, -127675, 578.95)
upgrade(-4.4, -30.9, 1, -132175, 589.68)
place(-8.2, 1.0, -5.5, "EvolvedOperator", -132175, 623.09)
upgrade(-8.2, -5.5, 1, -132500, 625.48)
upgrade(-8.2, -5.5, 1, -136350, 626.32)
upgrade(11.8, -3.4, 1, -138450, 629.45)
upgrade(11.8, -6.5, 1, -140550, 630.87)
upgrade(14.4, -4.9, 1, -142650, 631.39)
upgrade(14.5, -1.8, 1, -144750, 631.89)
upgrade(14.5, 1.4, 1, -146850, 632.67)
upgrade(-2.2, 7.2, 1, -148950, 634.81)
upgrade(9.2, -8.4, 1, -152300, 656.41)
upgrade(9.0, -5.3, 1, -155650, 656.94)
upgrade(9.0, -2.1, 1, -159000, 657.42)
upgrade(9.0, 1.0, 1, -162350, 657.90)
upgrade(9.0, 4.1, 1, -165700, 672.15)
place(3.8, 1.0, 3.8, "Accelerator", -165700, 681.62)
place(3.8, 1.0, 0.2, "Accelerator", -165700, 683.91)
place(3.7, 1.0, -3.4, "Accelerator", -165700, 691.64)
place(3.7, 1.0, -6.9, "Accelerator", -165700, 703.18)
place(3.7, 1.0, -10.5, "Accelerator", -165700, 705.23)
upgrade(3.7, -10.5, 1, -167700, 706.78)
upgrade(3.7, -6.9, 1, -169700, 707.22)
upgrade(3.7, -3.4, 1, -171700, 707.64)
upgrade(3.8, 0.2, 1, -173700, 708.06)
upgrade(3.8, 3.8, 1, -175700, 708.83)
upgrade(3.8, 3.8, 1, -181700, 724.72)
upgrade(3.8, 0.2, 1, -187700, 733.41)
upgrade(3.7, -3.4, 1, -193700, 749.26)
upgrade(3.7, -6.9, 1, -199700, 753.11)
upgrade(3.7, -10.5, 1, -205700, 753.49)
upgrade(3.7, -3.4, 1, -215699, 778.07)
upgrade(3.8, 0.2, 1, -225698, 778.85)
upgrade(3.7, -6.9, 1, -235697, 783.68)
upgrade(3.7, -10.5, 1, -245696, 789.16)
upgrade(3.8, 3.8, 1, -255695, 806.87)
upgrade(11.8, -6.5, 1, -259045, 810.86)
upgrade(11.8, -3.4, 1, -262395, 811.37)
upgrade(11.8, -0.4, 1, -265745, 811.92)
upgrade(11.7, 2.6, 1, -269095, 812.43)
upgrade(14.4, -4.9, 1, -272445, 815.41)
upgrade(14.5, -1.8, 1, -275795, 819.65)
upgrade(14.5, 1.4, 1, -279145, 822.74)
upgrade(14.5, 1.4, 1, -285545, 851.13)
upgrade(14.5, -1.8, 1, -291945, 851.78)
upgrade(14.4, -4.9, 1, -298345, 852.59)
upgrade(11.8, -6.5, 1, -304745, 853.03)
upgrade(11.8, -0.4, 1, -311145, 879.96)
upgrade(11.8, -3.4, 1, -317545, 880.41)
upgrade(11.7, 2.6, 1, -323945, 882.03)
upgrade(9.0, 4.1, 1, -330345, 882.61)
upgrade(9.0, 1.0, 1, -336745, 883.38)
upgrade(9.0, -2.1, 1, -343145, 883.94)
upgrade(9.0, -5.3, 1, -349545, 884.44)
upgrade(9.2, -8.4, 1, -355945, 887.97)
upgrade(-2.2, 7.2, 1, -359295, 908.00)
upgrade(-2.2, 7.2, 1, -365695, 908.58)
upgrade(-8.2, -5.5, 1, -369045, 911.77)
upgrade(-8.2, -5.5, 1, -375445, 912.25)
upgrade(3.7, -3.4, 1, -402945, 919.82)
place(1.0, 1.0, 2.0, "Engineer", -402945, 946.63)
place(-2.0, 1.0, 1.6, "Engineer", -402945, 950.43)
place(0.9, 1.0, -1.3, "Engineer", -402945, 952.26)
place(-2.3, 1.0, -1.5, "Engineer", -402945, 953.52)
place(-0.4, 1.0, -5.2, "EvolvedJuggernaut", -402945, 961.61)
place(0.5, 1.0, -9.3, "Engineer", -402945, 965.43)
place(-2.6, 1.0, -8.9, "Engineer", -402945, 967.03)
upgrade(0.9, -1.3, 1, -403270, 968.52)
upgrade(0.9, -1.3, 1, -406247, 969.11)
upgrade(1.0, 2.0, 1, -406572, 969.67)
upgrade(1.0, 2.0, 1, -415799, 970.50)
upgrade(-2.0, 1.6, 1, -416124, 971.07)
upgrade(-2.0, 1.6, 1, -419101, 971.44)
upgrade(-2.0, 1.6, 1, -425351, 971.87)
upgrade(-2.3, -1.5, 1, -425676, 972.34)
upgrade(-2.3, -1.5, 1, -428653, 972.72)
upgrade(0.5, -9.3, 1, -435228, 973.71)
upgrade(0.5, -9.3, 1, -438205, 974.05)
upgrade(-2.6, -8.9, 1, -444780, 974.79)
upgrade(-2.6, -8.9, 1, -447757, 975.16)
upgrade(-2.6, -8.9, 1, -454007, 981.71)
upgrade(0.9, -1.3, 1, -460257, 989.78)
upgrade(-0.4, -5.2, 1, -463257, 995.39)
upgrade(-0.4, -5.2, 1, -487457, 1005.53)
upgrade(-0.4, -5.2, 2, -527457, 1028.60)
upgrade(1.0, 2.0, 1, -539957, 1041.59)
upgrade(-2.0, 1.6, 1, -552457, 1042.42)
upgrade(-2.3, -1.5, 1, -564957, 1043.04)
upgrade(0.5, -9.3, 1, -577457, 1047.17)
upgrade(-2.6, -8.9, 1, -589957, 1054.21)
upgrade(0.9, -1.3, 1, -602457, 1064.79)
upgrade(0.9, -1.3, 1, -634957, 1082.44)
upgrade(3.8, 0.2, 1, -662457, 1097.76)
upgrade(3.7, -6.9, 1, -689957, 1111.63)
upgrade(3.7, -10.5, 1, -717457, 1125.73)
upgrade(3.8, 3.8, 1, -744957, 1135.52)
upgrade(-2.3, -1.5, 1, -777457, 1150.05)
upgrade(1.0, 2.0, 1, -809957, 1165.24)
upgrade(-2.0, 1.6, 1, -842457, 1192.85)
upgrade(0.5, -9.3, 1, -874957, 1209.17)
upgrade(-2.6, -8.9, 1, -907457, 1235.53)
upgrade(3.8, 0.2, 1, -957457, 1248.63)
upgrade(3.8, 3.8, 1, -1007457, 1271.63)
upgrade(3.7, -3.4, 1, -1057457, 1279.18)
upgrade(3.7, -6.9, 1, -1107457, 1299.93)
upgrade(-0.4, -5.2, 2, -1202457, 1328.71)
upgrade(-0.4, -5.2, 2, -1322457, 1365.90)
upgrade(-0.4, -5.2, 2, -1572457, 1446.10)
upgrade(3.7, -10.5, 1, -1622457, 1476.65)