-- ZEPHYR_META: {"authorId":"1500754055214006302","authorTag":"dispilispy","category":"community","official":false,"createdAt":"2026-06-24T03:56:33.455Z","updatedAt":"2026-06-24T03:56:33.455Z"}
place(-21.9, 13.2, -55.4, "Soldier", 0, 1.91)
upgrade(-21.9, -55.4, 1, -100, 7.25)
place(-25.4, 13.2, -55.4, "Soldier", -100, 18.67)
upgrade(-25.4, -55.4, 1, -200, 24.47)
place(-22.1, 13.2, -52.2, "Soldier", -200, 35.25)
upgrade(-22.1, -52.2, 1, -300, 39.11)
place(-25.2, 13.2, -52.1, "Soldier", -300, 54.24)
upgrade(-25.2, -52.1, 1, -400, 58.91)
place(-18.7, 13.2, -54.9, "Soldier", -400, 63.41)
upgrade(-18.7, -54.9, 1, -500, 68.69)
place(-18.7, 13.2, -51.8, "Soldier", -500, 71.91)
upgrade(-18.7, -51.8, 1, -600, 75.01)
upgrade(-22.1, -52.2, 1, -1300, 91.59)
upgrade(-25.2, -52.1, 1, -2000, 93.40)
upgrade(-18.7, -51.8, 1, -2700, 111.63)
upgrade(-18.7, -54.9, 1, -3400, 120.28)
skip(7, 131.14)
upgrade(-21.9, -55.4, 1, -4100, 135.37)
upgrade(-25.4, -55.4, 1, -4800, 137.15)
place(-29.3, 13.2, -54.0, "DJ Booth", -4800, 147.34)
place(-22.2, 13.2, -49.2, "Soldier", -4800, 158.74)
upgrade(-22.2, -49.2, 1, -4900, 162.93)
upgrade(-22.2, -49.2, 1, -5600, 164.07)
place(-18.7, 13.2, -48.7, "Soldier", -5600, 169.93)
upgrade(-18.7, -48.7, 1, -5700, 173.23)
upgrade(-18.7, -48.7, 1, -6400, 173.64)
place(-25.6, 13.2, -48.9, "Soldier", -6400, 176.16)
upgrade(-25.6, -48.9, 1, -6500, 180.68)
upgrade(-25.6, -48.9, 1, -6600, 180.92)
place(-28.7, 13.2, -49.6, "Soldier", -6600, 190.60)
upgrade(-28.7, -49.6, 1, -6700, 195.68)
place(-29.0, 13.2, -46.4, "Soldier", -6800, 201.35)
upgrade(-29.0, -46.4, 1, -6900, 205.96)
upgrade(-29.0, -46.4, 1, -8300, 206.42)
place(-28.3, 13.2, -58.6, "Soldier", -8300, 211.57)
upgrade(-28.3, -58.6, 1, -8400, 216.42)
upgrade(-28.3, -58.6, 1, -9100, 219.56)
upgrade(-29.3, -54.0, 1, -10100, 225.36)
place(-18.7, 13.2, -58.4, "Soldier", -10100, 230.80)
upgrade(-18.7, -58.4, 1, -10200, 235.68)
upgrade(-18.7, -58.4, 1, -10300, 235.91)
place(-21.8, 13.2, -58.5, "Soldier", -10300, 243.56)
upgrade(-21.8, -58.5, 1, -10400, 249.41)
place(-24.8, 13.2, -58.5, "Soldier", -10500, 256.47)
upgrade(-24.8, -58.5, 1, -10600, 260.56)
upgrade(-22.2, -49.2, 1, -12550, 266.49)
upgrade(-18.7, -48.7, 1, -14400, 272.66)
upgrade(-25.6, -48.9, 1, -16250, 276.67)
upgrade(-25.2, -52.1, 1, -18100, 284.78)
upgrade(-22.1, -52.2, 1, -19950, 296.87)
skip(14, 308.80)
upgrade(-18.7, -51.8, 1, -21800, 310.07)
upgrade(-21.9, -55.4, 1, -23650, 319.27)
upgrade(-24.8, -58.5, 1, -25500, 328.41)
skip(15, 341.54)
upgrade(-21.8, -58.5, 1, -27350, 342.81)
upgrade(-18.7, -58.4, 1, -31050, 346.92)
upgrade(-18.7, -54.9, 1, -32900, 352.49)
upgrade(-25.4, -55.4, 1, -34750, 355.98)
upgrade(-28.7, -49.6, 1, -36600, 363.11)
upgrade(-28.3, -58.6, 1, -38450, 384.94)
upgrade(-29.0, -46.4, 1, -40300, 390.77)
place(-15.7, 13.2, -58.5, "Soldier", -40300, 394.04)
upgrade(-15.7, -58.5, 1, -40400, 397.98)
upgrade(-15.7, -58.5, 1, -41100, 399.98)
upgrade(-15.7, -58.5, 1, -42950, 400.61)
place(-15.6, 13.2, -55.5, "Soldier", -42950, 404.27)
upgrade(-15.6, -55.5, 1, -43050, 410.49)
upgrade(-15.6, -55.5, 1, -43750, 410.98)
upgrade(-15.6, -55.5, 1, -45600, 412.39)
place(-21.1, 13.2, -41.9, "Turret", -45600, 431.15)
upgrade(-21.1, -41.9, 1, -49350, 440.82)
skip(19, 462.11)
upgrade(-21.1, -41.9, 1, -56850, 465.69)
place(-17.4, 13.3, -41.7, "Commander", -56850, 482.22)
upgrade(-17.4, -41.7, 1, -57250, 490.77)
skip(20, 498.96)
upgrade(-17.4, -41.7, 1, -59700, 503.30)
upgrade(-17.4, -41.7, 1, -64200, 504.48)
ability(-17.4, -41.7, "Call Of Arms", 506.15)
skip(21, 530.16)