place(1.930, 1.000, 1.492, "Soldier", 1050)
upgrade(1.930, 2.350, 1.492, 700)
place(12.091, 1.000, -9.068, "Shotgunner", 1165)
place(12.147, 1.000, -6.711, "Shotgunner", 1113)
upgrade(12.091, 2.350, -9.068, 348)
upgrade(12.147, 2.350, -6.711, 1213)
place(11.416, 1.000, -4.722, "Shotgunner", 913)
place(14.717, 1.000, -9.665, "Shotgunner", 1204)
upgrade(14.717, 2.350, -9.665, 444)
upgrade(14.717, 2.350, -9.665, 1394)
upgrade(11.416, 2.350, -4.722, 579)
place(14.399, 1.000, -6.505, "Shotgunner", 2129)
place(13.669, 1.000, -4.368, "Shotgunner", 1329)
upgrade(14.399, 2.350, -6.505, 529)
upgrade(14.399, 2.350, -6.505, 2508)
upgrade(13.669, 2.350, -4.368, 1308)
upgrade(1.930, 2.350, 1.492, 1338)
upgrade(12.091, 2.350, -9.068, 2956)
upgrade(12.147, 2.350, -6.711, 1761)
upgrade(13.669, 2.350, -4.368, 3056)
upgrade(11.416, 2.350, -4.722, 2451)
place(13.566, 1.000, -1.788, "Shotgunner", 1581)
place(11.107, 1.000, -1.888, "Shotgunner", 901)
place(13.876, 1.000, 0.401, "Shotgunner", 171)
place(13.302, 1.000, 1.051, "Shotgunner", 3041)
place(10.879, 1.000, 0.931, "Shotgunner", 2241)
place(13.571, 1.000, 3.168, "Shotgunner", 1441)
place(10.777, 1.000, 3.443, "Shotgunner", 741)
place(10.758, 1.000, 3.425, "Shotgunner", 841)
upgrade(13.571, 2.350, 3.168, 451)
upgrade(10.758, 2.350, 3.425, 311)
upgrade(13.302, 2.350, 1.051, 451)
upgrade(10.879, 2.350, 0.931, 2851)
upgrade(13.566, 2.350, -1.788, 2551)
upgrade(11.107, 2.350, -1.888, 2251)
upgrade(11.107, 2.350, -1.888, 1730)
upgrade(13.566, 2.350, -1.788, 1217)
upgrade(10.879, 2.350, 0.931, 2677)
upgrade(13.302, 2.350, 1.051, 1777)
upgrade(13.571, 2.350, 3.168, 1727)
upgrade(10.758, 2.350, 3.425, 3079)
place(2.304, 1.000, -1.693, "Soldier", 2984)
place(2.452, 1.000, -4.717, "Soldier", 2734)
place(2.505, 1.000, -7.732, "Soldier", 3414)
place(2.478, 1.000, -10.866, "Soldier", 3594)
place(-0.898, 1.000, -11.015, "Soldier", 7194)
place(-0.711, 1.000, -7.996, "Soldier", 6794)
place(-0.630, 1.000, -4.646, "Soldier", 6394)
place(-0.824, 1.000, -1.634, "Soldier", 5994)
upgrade(12.091, 2.350, -9.068, 6369)
upgrade(14.717, 2.350, -9.665, 3634)
upgrade(14.399, 2.350, -6.505, 6847)
upgrade(12.147, 2.350, -6.711, 3447)
upgrade(11.416, 2.350, -4.722, 5658)
upgrade(13.669, 2.350, -4.368, 3859)
upgrade(14.717, 2.350, -9.665, 11431)
place(22.228, 1.000, -8.380, "Shotgunner", 5371)
place(21.917, 1.000, -6.031, "Shotgunner", 4696)
place(21.960, 1.000, -3.932, "Shotgunner", 3946)
place(22.049, 1.000, -1.701, "Shotgunner", 3146)
place(22.091, 1.000, 0.742, "Shotgunner", 2351)
place(21.910, 1.000, 3.078, "Shotgunner", 5668)
place(21.995, 1.000, 5.163, "Shotgunner", 4868)
place(22.131, 1.000, 7.242, "Shotgunner", 4068)
upgrade(22.131, 2.350, 7.242, 4218)
upgrade(21.995, 2.350, 5.163, 4586)
upgrade(21.910, 2.350, 3.078, 5618)
upgrade(22.091, 2.350, 0.742, 5318)
upgrade(22.049, 2.350, -1.701, 6307)
upgrade(21.960, 2.350, -3.932, 6368)
upgrade(21.917, 2.350, -6.031, 6093)
upgrade(22.228, 2.350, -8.380, 5837)
upgrade(22.131, 2.350, 7.242, 5593)
upgrade(21.995, 2.350, 5.163, 4793)
upgrade(21.910, 2.350, 3.078, 4083)
upgrade(22.091, 2.350, 0.742, 3258)
upgrade(22.049, 2.350, -1.701, 2783)
upgrade(21.960, 2.350, -3.932, 1933)
upgrade(21.917, 2.350, -6.031, 1433)
upgrade(22.228, 2.350, -8.380, 1421)
upgrade(22.131, 2.350, 7.242, 10076)
upgrade(21.995, 2.350, 5.163, 6676)
upgrade(21.910, 2.350, 3.078, 3426)
upgrade(22.091, 2.350, 0.742, 3931)
upgrade(22.049, 2.350, -1.701, 3729)
upgrade(21.960, 2.350, -3.932, 11111)
upgrade(21.917, 2.350, -6.031, 7711)
upgrade(22.228, 2.350, -8.380, 4311)
upgrade(10.758, 2.350, 3.425, 3866)
upgrade(13.302, 2.350, 1.051, 4281)
upgrade(10.879, 2.350, 0.931, 3413)
upgrade(11.107, 2.350, -1.888, 10813)
upgrade(13.566, 2.350, -1.788, 7613)
upgrade(13.571, 2.350, 3.168, 4727)
upgrade(13.571, 2.350, 3.168, 13214)
upgrade(1.930, 2.350, 1.492, 6636)
upgrade(2.304, 2.350, -1.693, 5316)
upgrade(2.304, 2.350, -1.693, 5336)
upgrade(2.304, 2.350, -1.693, 4736)
upgrade(2.452, 2.350, -4.717, 3486)
upgrade(2.452, 2.350, -4.717, 3485)
upgrade(2.452, 2.350, -4.717, 2836)
upgrade(2.505, 2.350, -7.732, 1486)
upgrade(2.505, 2.350, -7.732, 1436)
upgrade(2.505, 2.350, -7.732, 1522)
upgrade(2.478, 2.350, -10.866, 772)
upgrade(2.478, 2.350, -10.866, 722)
upgrade(2.478, 2.350, -10.866, 1472)
upgrade(-0.824, 2.350, -1.634, 1122)
upgrade(-0.824, 2.350, -1.634, 1947)
upgrade(-0.824, 2.350, -1.634, 2645)
upgrade(-0.630, 2.350, -4.646, 4437)
upgrade(-0.630, 2.350, -4.646, 4978)
upgrade(-0.630, 2.350, -4.646, 4529)
upgrade(-0.711, 2.350, -7.996, 14924)
upgrade(-0.711, 2.350, -7.996, 14874)
upgrade(-0.711, 2.350, -7.996, 14224)
upgrade(-0.711, 2.350, -7.996, 13474)
upgrade(-0.898, 2.350, -11.015, 9074)
upgrade(-0.898, 2.350, -11.015, 9024)
upgrade(-0.898, 2.350, -11.015, 8374)
upgrade(-0.898, 2.350, -11.015, 7024)
upgrade(12.091, 2.350, -9.068, 9689)
upgrade(14.399, 2.350, -6.505, 9571)
upgrade(-0.630, 2.350, -4.646, 5353)
upgrade(-0.824, 2.350, -1.634, 5428)
upgrade(2.478, 2.350, -10.866, 5188)
upgrade(2.505, 2.350, -7.732, 9588)
upgrade(2.452, 2.350, -4.717, 7878)
upgrade(1.930, 2.350, 1.492, 4937)
upgrade(2.304, 2.350, -1.693, 6400)
upgrade(12.147, 2.350, -6.711, 22167)
upgrade(11.416, 2.350, -4.722, 13165)
upgrade(10.758, 2.350, 3.425, 16908)
upgrade(13.669, 2.350, -4.368, 10943)
upgrade(10.879, 2.350, 0.931, 10328)
upgrade(11.107, 2.350, -1.888, 42828)
upgrade(13.566, 2.350, -1.788, 33328)
upgrade(13.302, 2.350, 1.051, 31828)