-- ZEPHYR_META: {"authorId":"1376153836561104959","authorTag":"boou_x","category":"community","official":false,"createdAt":"2026-07-10T08:31:40.125Z","updatedAt":"2026-07-10T08:31:40.125Z"}
-- NOTE: HERRR
place(-0.7, 1.0, -6.4, "Trapper", 0, 0.82)
place(0.2, 1.0, -3.5, "Trapper", 0, 32.31)
place(2.9, 1.0, -1.8, "Trapper", 0, 52.31)
place(4.7, 1.0, 0.9, "Trapper", 0, 59.22)
place(-1.5, 1.0, 1.8, "Trapper", 0, 77.55)
place(-4.1, 1.0, -0.1, "Trapper", 0, 95.82)
place(-5.6, 1.0, -2.9, "Trapper", 0, 99.59)
upgrade(4.7, 0.9, 1, -500, 114.26)
upgrade(2.9, -1.8, 1, -1000, 116.71)
upgrade(0.2, -3.5, 1, -1500, 129.70)
upgrade(-0.7, -6.4, 1, -2000, 135.76)
upgrade(-1.5, 1.8, 1, -2500, 139.81)
upgrade(-4.1, -0.1, 1, -3000, 153.83)
upgrade(-5.6, -2.9, 1, -3500, 155.93)
upgrade(4.7, 0.9, 1, -5000, 180.52)
upgrade(2.9, -1.8, 1, -6500, 194.35)
upgrade(0.2, -3.5, 1, -8000, 196.14)
upgrade(-0.7, -6.4, 1, -9500, 211.50)
upgrade(-1.5, 1.8, 1, -11000, 216.61)
upgrade(-4.1, -0.1, 1, -12500, 233.39)
upgrade(-5.6, -2.9, 1, -14000, 236.11)
place(-3.5, 1.0, 36.1, "Militant", -14000, 252.51)
upgrade(-3.5, 36.1, 1, -14300, 254.63)
upgrade(-3.5, 36.1, 1, -15150, 255.31)
upgrade(-3.5, 36.1, 1, -17900, 257.01)