-- ZEPHYR_META: {"authorId":"1221317344337592453","authorTag":"jasson_cookie911","category":"community","official":false,"createdAt":"2026-06-19T17:08:07.608Z","updatedAt":"2026-06-19T17:08:07.608Z"}
place(-6.4, 1.0, -32.8, "Pyromancer", 0, 1.45)
upgrade(-6.4, -32.8, 1, -325, 5.20)
upgrade(-6.4, -32.8, 1, -1325, 25.39)
upgrade(-6.4, -32.8, 1, -3325, 58.09)
upgrade(-6.4, -32.8, 1, -7075, 104.29)
place(6.1, 1.4, 28.3, "Hunter", -7075, 119.94)
upgrade(6.1, 28.3, 1, -7800, 129.99)
place(6.0, 1.4, 31.3, "Hunter", -7800, 142.16)
upgrade(6.0, 31.3, 1, -8525, 152.56)
place(2.6, 1.4, 28.4, "Hunter", -8525, 166.40)
upgrade(2.6, 28.4, 1, -9250, 169.14)
place(2.8, 1.4, 31.5, "Hunter", -9250, 188.89)
upgrade(2.8, 31.5, 1, -9975, 202.42)
place(-2.4, 0.5, -19.0, "Minigunner", -9975, 220.63)
upgrade(-2.4, -19.0, 1, -10325, 225.49)
upgrade(-2.4, -19.0, 1, -11825, 243.56)
place(-0.6, 1.5, 28.4, "Hunter", -11825, 260.45)
upgrade(-0.6, 28.4, 1, -12550, 263.88)
place(-0.6, 1.5, 31.6, "Hunter", -12550, 278.80)
upgrade(-0.6, 31.6, 1, -13275, 292.38)
place(-4.4, 1.5, 28.1, "Hunter", -13275, 306.94)
upgrade(-4.4, 28.1, 1, -14000, 312.25)
place(-4.1, 1.5, 32.3, "Hunter", -14000, 318.00)