-- ZEPHYR_META: {"authorId":"1380449148494549079","authorTag":"momzre1t5_38153","category":"community","official":false,"createdAt":"2026-08-15T11:02:56.539Z","updatedAt":"2026-08-15T11:02:56.539Z"}
-- NOTE: the is a note from a developer, hello!
timescale(1.00, 5.86)
place(-11.7, 1.6, 25.0, "Farm", -64550, 7.29)
place(-11.7, 1.5, 29.4, "Farm", -64550, 8.56)
timescaleunlock(10.56)
upgrade(-11.7, 29.4, 1, -64750, 11.26)
upgrade(-11.7, 25.0, 1, -64950, 12.02)
skip(0, 13.12)
timescale(1.50, 13.85)
timescale(2.00, 14.13)
skip(1, 22.77)
skip(1, 25.33)
skip(2, 26.89)
upgrade(-11.7, 25.0, 1, -65550, 27.87)
skip(2, 29.46)
skip(2, 32.00)
skip(2, 34.54)
skip(2, 37.20)
upgrade(-11.7, 29.4, 1, -66150, 37.50)
skip(3, 39.30)
skip(3, 41.87)
skip(3, 44.53)
skip(3, 47.20)
place(4.5, 1.3, 21.7, "Boomerang", -66150, 48.53)
skip(3, 49.86)
skip(4, 51.20)
upgrade(4.5, 21.7, 1, -66550, 52.47)
skip(4, 53.80)
skip(4, 56.37)
skip(4, 58.97)
skip(4, 61.73)
place(-12.3, 1.4, 33.9, "Farm", -66550, 61.77)
skip(5, 63.14)
skip(5, 65.83)
place(-12.1, 1.3, 38.0, "Farm", -66550, 67.40)
skip(5, 68.46)
upgrade(-12.3, 33.9, 1, -66750, 70.46)
skip(5, 70.97)
upgrade(-12.1, 38.0, 1, -67550, 71.97)
skip(5, 73.57)
skip(6, 75.30)
upgrade(-12.1, 38.0, 1, -68150, 75.90)
skip(6, 77.93)
place(-15.6, 1.5, 25.5, "Farm", -68150, 78.44)
skip(6, 80.60)
place(-15.8, 1.5, 29.4, "Farm", -68150, 81.36)
skip(6, 83.30)
skip(6, 85.83)
place(-16.6, 1.5, 33.2, "Farm", -68150, 85.83)
skip(7, 87.27)
place(-16.0, 1.3, 38.0, "Farm", -68150, 87.93)
skip(7, 89.86)
upgrade(-16.0, 38.0, 1, -68350, 90.13)
upgrade(-16.6, 33.2, 1, -69150, 92.10)
skip(7, 92.44)
upgrade(-15.8, 29.4, 1, -69350, 94.07)
skip(7, 95.07)
skip(7, 97.80)
upgrade(4.5, 21.7, 1, -70100, 98.06)
skip(8, 99.28)
skip(8, 101.93)
skip(8, 104.53)
skip(8, 107.06)
skip(8, 109.66)
skip(9, 111.24)
upgrade(4.5, 21.7, 1, -72600, 112.00)
skip(9, 114.00)
upgrade(-16.6, 33.2, 1, -73200, 114.33)
upgrade(-15.8, 29.4, 1, -73800, 115.60)
skip(9, 116.53)
skip(9, 119.06)
upgrade(-15.6, 25.5, 1, -74000, 120.56)
skip(9, 121.73)
skip(10, 123.16)
upgrade(-15.6, 25.5, 1, -75850, 124.77)
skip(10, 125.83)
skip(10, 128.40)
skip(10, 131.20)
upgrade(-11.7, 25.0, 1, -77100, 133.43)
skip(10, 133.83)
skip(11, 135.26)
skip(11, 137.93)
skip(11, 140.59)
skip(11, 143.29)
upgrade(-11.7, 29.4, 1, -78350, 144.09)
upgrade(-11.7, 29.4, 1, -80850, 145.00)
skip(11, 146.10)
skip(12, 147.00)
skip(12, 149.66)
upgrade(-12.3, 33.9, 1, -82100, 151.40)
skip(12, 152.36)
upgrade(-12.1, 38.0, 1, -83350, 153.96)
skip(12, 154.91)
skip(12, 157.44)
skip(13, 159.06)
place(6.3, 1.4, 27.9, "Crook Boss", -83350, 161.06)
skip(13, 161.84)
upgrade(6.3, 27.9, 1, -84850, 162.66)
skip(13, 164.39)
skip(13, 166.90)
skip(13, 169.53)
upgrade(6.3, 27.9, 1, -87600, 169.76)
skip(14, 171.01)
skip(14, 173.63)
upgrade(-16.6, 33.2, 1, -88850, 175.06)
skip(14, 176.16)
upgrade(-16.0, 38.0, 1, -90100, 176.43)
skip(14, 178.97)
upgrade(-15.8, 29.4, 1, -91350, 179.19)
skip(14, 181.49)
skip(15, 183.13)
upgrade(-12.1, 38.0, 1, -93850, 183.36)
skip(15, 185.70)
place(1.0, 1.4, 22.1, "Boomerang", -93850, 186.99)
skip(15, 188.33)
upgrade(1.0, 22.1, 1, -94250, 188.37)
skip(15, 190.89)
skip(15, 193.56)
place(15.9, 0.6, 16.6, "Shotgunner", -95000, 194.23)
skip(16, 195.83)
upgrade(15.9, 16.6, 1, -95750, 196.56)
upgrade(15.9, 16.6, 1, -97250, 197.43)
skip(16, 198.47)
skip(16, 201.10)
skip(16, 203.59)
place(-2.1, 1.4, 21.5, "Boomerang", -97250, 205.59)
skip(16, 206.15)
upgrade(-2.1, 21.5, 1, -97650, 207.19)
upgrade(-2.1, 21.5, 1, -98400, 207.93)
skip(16, 208.83)
upgrade(-2.1, 21.5, 1, -100900, 209.33)
skip(16, 211.43)
place(3.2, 0.9, 18.1, "Boomerang", -100900, 213.06)
skip(16, 214.12)
upgrade(3.2, 18.1, 1, -101300, 214.12)
skip(17, 215.19)
upgrade(3.2, 18.1, 1, -104550, 216.13)
skip(17, 217.86)
place(6.3, 0.4, 14.8, "Boomerang", -104550, 220.20)
skip(17, 220.84)
upgrade(6.3, 14.8, 1, -104950, 221.66)
skip(17, 223.36)
skip(17, 226.12)
skip(17, 228.67)
skip(17, 231.49)
skip(17, 233.99)
skip(18, 235.03)
upgrade(6.3, 14.8, 1, -108200, 235.76)
skip(18, 237.63)
place(7.7, 1.2, 21.5, "Boomerang", -108200, 238.40)
upgrade(7.7, 21.5, 1, -108600, 239.90)
skip(18, 240.24)
upgrade(7.7, 21.5, 1, -111850, 241.66)
skip(18, 242.97)
skip(18, 245.49)
skip(18, 248.13)
skip(18, 250.69)
skip(19, 251.34)
skip(19, 253.98)
skip(19, 256.79)
skip(19, 259.47)
skip(19, 262.16)
skip(19, 264.92)
skip(19, 267.63)
skip(19, 270.37)
skip(19, 272.96)
skip(19, 275.63)
skip(19, 278.22)
skip(19, 280.74)
skip(19, 283.29)
skip(19, 286.02)
skip(20, 287.09)
upgrade(6.3, 27.9, 1, -125850, 287.96)
skip(20, 289.63)
skip(20, 292.22)
skip(20, 294.92)
skip(20, 297.49)
place(3.2, 1.4, 28.4, "Crook Boss", -125850, 299.83)
skip(20, 300.33)
skip(20, 302.89)
skip(21, 303.16)
upgrade(3.2, 28.4, 1, -127350, 304.12)
skip(21, 305.83)
skip(21, 308.31)
skip(21, 311.12)
skip(21, 313.82)
skip(21, 316.56)
place(6.1, 1.4, 31.3, "Crook Boss", -130100, 316.69)
skip(22, 319.20)
upgrade(6.1, 31.3, 1, -131600, 318.99)
upgrade(6.1, 31.3, 1, -134350, 320.62)
skip(22, 321.80)
skip(22, 324.63)
skip(22, 327.16)
skip(22, 329.76)
skip(22, 332.42)
skip(22, 335.19)
skip(22, 337.96)
skip(23, 339.11)
skip(23, 341.74)
skip(23, 344.25)
skip(23, 347.07)
skip(23, 349.77)
skip(23, 352.49)
skip(23, 355.10)
skip(23, 357.65)
upgrade(6.1, 31.3, 1, -148350, 358.60)
skip(24, 359.29)
skip(24, 361.99)
place(10.9, 1.1, 21.4, "Boomerang", -148350, 362.24)
upgrade(10.9, 21.4, 1, -148750, 363.62)
upgrade(10.9, 21.4, 1, -152000, 364.45)
skip(24, 364.80)
skip(24, 367.54)
skip(24, 370.16)
skip(24, 372.76)
skip(24, 375.42)
skip(24, 378.16)
skip(25, 379.05)
upgrade(10.9, 21.4, 1, -159000, 380.35)
skip(25, 381.70)
skip(25, 384.20)
skip(25, 386.82)
skip(25, 389.49)
skip(25, 392.02)
skip(25, 394.62)
skip(25, 397.16)
upgrade(7.7, 21.5, 1, -166000, 398.33)
skip(26, 399.24)
skip(26, 401.78)
place(3.1, 1.4, 31.6, "Crook Boss", -166000, 403.41)
skip(26, 404.49)
upgrade(3.1, 31.6, 1, -167500, 404.98)
skip(26, 407.16)
skip(26, 409.82)
skip(27, 411.20)
skip(27, 413.72)
skip(27, 416.52)
skip(27, 419.22)
skip(27, 421.96)
skip(28, 423.29)
upgrade(3.1, 31.6, 1, -184250, 424.43)
skip(28, 426.15)
skip(28, 428.66)
skip(28, 431.45)
skip(28, 434.15)
skip(28, 436.71)
skip(29, 438.96)
upgrade(-2.1, 21.5, 1, -191250, 440.03)
skip(29, 441.53)
skip(29, 444.17)
skip(29, 446.73)
skip(29, 449.40)
skip(29, 452.15)
skip(29, 454.92)
skip(29, 457.49)
skip(30, 459.34)
skip(30, 462.02)
upgrade(3.2, 28.4, 1, -205250, 463.43)
skip(30, 464.85)
skip(30, 467.37)
place(-0.1, 1.5, 28.9, "Crook Boss", -205250, 468.21)
skip(30, 469.84)
upgrade(-0.1, 28.9, 1, -206750, 469.69)
skip(30, 472.55)
skip(30, 475.22)
skip(30, 477.89)
skip(30, 480.64)
skip(30, 483.31)
skip(30, 486.45)