-- ZEPHYR_META: {"authorId":"1293665504002576506","authorTag":"yosko9807","category":"community","official":false,"createdAt":"2026-07-29T11:51:36.232Z","updatedAt":"2026-07-29T11:51:36.232Z"}
timescaleunlock(0.95)
timescale(1.50, 1.94)
timescale(2.00, 2.50)
place(-4.4, 1.0, -33.2, "Pyromancer", 0, 3.90)
upgrade(-4.4, -33.2, 1, -325, 5.84)
upgrade(-4.4, -33.2, 1, -1325, 19.14)
upgrade(-4.4, -33.2, 1, -3325, 48.13)
upgrade(-4.4, -33.2, 1, -7102, 87.15)
place(6.4, 1.4, 28.3, "Hunter", -7102, 107.70)
place(3.1, 1.4, 28.3, "Hunter", -7102, 118.83)
place(0.0, 1.5, 28.0, "Hunter", -7102, 131.85)
place(-3.5, 1.5, 28.2, "Hunter", -7102, 149.12)
place(5.8, 1.4, 31.4, "Hunter", -7102, 166.63)
place(2.5, 1.4, 31.3, "Hunter", -7102, 184.24)
place(-0.6, 1.5, 31.1, "Hunter", -7102, 191.73)
place(-4.2, 1.5, 31.9, "Hunter", -7102, 206.90)
place(11.6, 1.2, 29.4, "Freezer", -7102, 223.94)
place(15.1, 1.2, 29.0, "Freezer", -7102, 232.95)
upgrade(11.6, 29.4, 1, -7402, 240.93)
upgrade(15.1, 29.0, 1, -8152, 242.34)
place(12.1, 1.3, 25.5, "Freezer", -8602, 247.62)
place(9.8, 1.2, 21.7, "Freezer", -8602, 253.76)
place(5.9, 1.3, 21.6, "Freezer", -8602, 257.24)
place(2.7, 1.3, 21.1, "Freezer", -8602, 259.58)
upgrade(9.8, 21.7, 1, -8902, 263.30)
upgrade(9.8, 21.7, 1, -9352, 268.45)
upgrade(5.9, 21.6, 1, -9652, 269.23)
place(-1.6, 1.4, 21.9, "Minigunner", -10102, 287.46)
upgrade(-1.6, 21.9, 1, -10452, 289.81)
upgrade(-1.6, 21.9, 1, -11952, 290.88)
place(-4.4, 1.4, 39.4, "Freezer", -11952, 294.77)
upgrade(-4.4, 39.4, 1, -12252, 298.96)
upgrade(-4.4, 39.4, 1, -12702, 303.63)