place(14.841, 1.000, -11.347, "Soldier", 500)
place(14.532, 1.000, -8.306, "Militant", 897)
place(11.661, 1.000, -9.355, "Militant", 1022)
upgrade(14.532, 2.350, -8.306, 422)
upgrade(14.841, 2.350, -11.347, 142)
upgrade(11.661, 2.350, -9.355, 1015)
place(11.363, 1.000, -6.183, "Militant", 715)
upgrade(11.363, 2.350, -6.183, 1045)
place(14.388, 1.000, -5.308, "Militant", 1025)
upgrade(14.388, 2.350, -5.308, 425)
upgrade(14.841, 2.350, -11.347, 1206)
place(14.376, 1.000, -2.256, "Militant", 888)
upgrade(14.376, 2.350, -2.256, 303)
place(11.400, 1.000, -3.144, "Militant", 1288)
upgrade(11.400, 2.350, -3.144, 1073)
place(14.496, 1.000, 0.849, "Militant", 773)
upgrade(14.496, 2.350, 0.849, 309)
place(11.598, 1.000, -0.104, "Militant", 1721)
upgrade(11.598, 2.350, -0.104, 1121)
place(14.731, 1.000, 3.898, "Militant", 826)
upgrade(14.731, 2.350, 3.898, 401)
place(11.581, 1.000, 2.989, "Militant", 1711)
upgrade(11.581, 2.350, 2.989, 1600)
place(11.495, 1.000, 6.077, "Militant", 1300)
upgrade(11.495, 2.350, 6.077, 720)
place(14.541, 1.000, 6.994, "Militant", 3041)
upgrade(14.541, 2.350, 6.994, 2441)
place(11.379, 1.000, 9.111, "Militant", 2171)
upgrade(11.379, 2.350, 9.111, 1581)
place(14.445, 1.000, 10.031, "Militant", 1291)
upgrade(14.445, 2.350, 10.031, 741)
place(3.717, 1.000, 7.606, "Militant", 691)
upgrade(3.717, 2.350, 7.606, 391)
place(3.778, 1.000, 4.454, "Militant", 2536)
upgrade(3.778, 2.350, 4.454, 1936)
place(3.814, 1.000, 1.451, "Militant", 1906)
upgrade(3.814, 2.350, 1.451, 1366)
place(3.542, 1.000, -1.637, "Militant", 4172)
upgrade(3.542, 2.350, -1.637, 3572)
place(3.730, 1.000, -4.716, "Militant", 3372)
upgrade(3.730, 2.350, -4.716, 2822)
place(3.698, 1.000, -7.829, "Militant", 2597)
upgrade(3.698, 2.350, -7.829, 2022)
place(3.770, 1.000, -10.997, "Militant", 1822)
upgrade(3.770, 2.350, -10.997, 1372)
upgrade(14.841, 2.350, -11.347, 1392)
upgrade(11.379, 2.350, 9.111, 3301)
upgrade(14.445, 2.350, 10.031, 2501)
upgrade(14.541, 2.350, 6.994, 1651)
upgrade(11.495, 2.350, 6.077, 851)
place(9.393, 1.000, -11.484, "Militant", 711)
upgrade(9.393, 2.350, -11.484, 2411)
upgrade(14.731, 2.350, 3.898, 2311)
upgrade(11.581, 2.350, 2.989, 1461)
place(15.332, 1.000, -14.381, "Militant", 761)
upgrade(15.332, 2.350, -14.381, 371)
place(14.986, 1.000, -17.442, "Militant", 1024)
upgrade(14.986, 2.350, -17.442, 474)
upgrade(14.496, 2.350, 0.849, 3279)
upgrade(11.598, 2.350, -0.104, 2429)
upgrade(14.376, 2.350, -2.256, 1579)
upgrade(11.400, 2.350, -3.144, 859)
upgrade(14.388, 2.350, -5.308, 3859)
upgrade(11.363, 2.350, -6.183, 3009)
upgrade(14.532, 2.350, -8.306, 2672)
upgrade(11.661, 2.350, -9.355, 1882)
upgrade(9.393, 2.350, -11.484, 1547)
place(11.939, 1.000, -18.481, "Militant", 872)
upgrade(11.939, 2.350, -18.481, 357)
place(9.627, 1.000, -16.517, "Militant", 902)
upgrade(9.627, 2.350, -16.517, 422)
upgrade(15.332, 2.350, -14.381, 4438)
upgrade(14.986, 2.350, -17.442, 3588)
upgrade(11.939, 2.350, -18.481, 2738)
upgrade(9.627, 2.350, -16.517, 2238)
upgrade(3.717, 2.350, 7.606, 2104)
upgrade(3.778, 2.350, 4.454, 1469)
upgrade(3.814, 2.350, 1.451, 876)
upgrade(3.542, 2.350, -1.637, 921)
upgrade(3.730, 2.350, -4.716, 3031)
upgrade(3.698, 2.350, -7.829, 3293)
upgrade(3.770, 2.350, -10.997, 2593)
place(3.637, 1.000, -14.008, "Militant", 1893)
upgrade(3.637, 2.350, -14.008, 1689)
upgrade(3.637, 2.350, -14.008, 1414)
upgrade(14.532, 2.350, -8.306, 2795)
upgrade(14.841, 2.350, -11.347, 5639)
upgrade(9.393, 2.350, -11.484, 2839)
upgrade(11.661, 2.350, -9.355, 3087)
upgrade(14.388, 2.350, -5.308, 5637)
upgrade(11.363, 2.350, -6.183, 2937)
upgrade(11.400, 2.350, -3.144, 3141)
upgrade(14.376, 2.350, -2.256, 3700)
upgrade(11.598, 2.350, -0.104, 9650)
upgrade(14.496, 2.350, 0.849, 6900)
upgrade(11.581, 2.350, 2.989, 4150)
upgrade(15.332, 2.350, -14.381, 2884)
upgrade(14.731, 2.350, 3.898, 3124)
upgrade(11.495, 2.350, 6.077, 8793)
upgrade(14.541, 2.350, 6.994, 6543)
upgrade(11.379, 2.350, 9.111, 5246)
upgrade(14.445, 2.350, 10.031, 2758)
upgrade(14.986, 2.350, -17.442, 3760)
upgrade(11.939, 2.350, -18.481, 2819)
upgrade(9.627, 2.350, -16.517, 10519)
upgrade(3.717, 2.350, 7.606, 10963)
upgrade(3.778, 2.350, 4.454, 8814)
upgrade(3.814, 2.350, 1.451, 6611)
upgrade(3.542, 2.350, -1.637, 4455)
upgrade(3.730, 2.350, -4.716, 3050)
upgrade(3.698, 2.350, -7.829, 9464)
upgrade(3.770, 2.350, -10.997, 6824)
upgrade(3.637, 2.350, -14.008, 4158)
place(21.178, 1.000, -16.741, "Militant", 4109)
place(20.907, 1.000, -13.670, "Militant", 3564)
place(20.966, 1.000, -10.569, "Militant", 3014)
place(20.947, 1.000, -7.381, "Militant", 2444)
place(20.961, 1.000, -4.301, "Militant", 2444)
place(20.996, 1.000, -1.192, "Militant", 2144)
place(21.060, 1.000, 1.915, "Militant", 10994)
place(21.079, 1.000, 4.988, "Militant", 10694)
place(20.934, 1.000, 8.093, "Militant", 11330)
place(21.103, 1.000, 11.213, "Militant", 11244)
place(11.109, 1.000, 12.116, "Militant", 12119)
place(14.060, 1.000, 13.131, "Militant", 12016)
upgrade(14.060, 2.350, 13.131, 11794)
upgrade(14.060, 2.350, 13.131, 11494)
upgrade(11.109, 2.350, 12.116, 11519)
upgrade(11.109, 2.350, 12.116, 11220)
upgrade(11.109, 2.350, 12.116, 10369)
upgrade(14.060, 2.350, 13.131, 6247)
upgrade(21.103, 2.350, 11.213, 5619)
upgrade(21.103, 2.350, 11.213, 5819)
upgrade(20.934, 2.350, 8.093, 4969)
upgrade(20.934, 2.350, 8.093, 4669)
upgrade(21.079, 2.350, 4.988, 4169)
upgrade(21.079, 2.350, 4.988, 4369)
upgrade(21.060, 2.350, 1.915, 3869)
upgrade(21.060, 2.350, 1.915, 3569)
upgrade(20.996, 2.350, -1.192, 2913)
upgrade(20.996, 2.350, -1.192, 3200)
upgrade(20.961, 2.350, -4.301, 12482)
upgrade(20.961, 2.350, -4.301, 12182)
upgrade(20.947, 2.350, -7.381, 11879)
upgrade(20.947, 2.350, -7.381, 11580)
upgrade(20.966, 2.350, -10.569, 10928)
upgrade(20.966, 2.350, -10.569, 11166)
upgrade(20.907, 2.350, -13.670, 11072)
upgrade(20.907, 2.350, -13.670, 10847)
upgrade(21.178, 2.350, -16.741, 10480)
upgrade(21.178, 2.350, -16.741, 10553)
upgrade(21.178, 2.350, -16.741, 10461)
upgrade(20.907, 2.350, -13.670, 8608)
upgrade(20.966, 2.350, -10.569, 4701)
upgrade(20.947, 2.350, -7.381, 3108)
upgrade(20.961, 2.350, -4.301, 2952)
upgrade(20.996, 2.350, -1.192, 2763)
upgrade(21.060, 2.350, 1.915, 11962)
upgrade(21.060, 2.350, 1.915, 9213)
upgrade(21.079, 2.350, 4.988, 3493)
upgrade(20.934, 2.350, 8.093, 3198)
upgrade(21.103, 2.350, 11.213, 2752)
upgrade(3.717, 2.350, 7.606, 12307)
upgrade(3.814, 2.350, 1.451, 8332)
upgrade(3.730, 2.350, -4.716, 14579)
upgrade(3.770, 2.350, -10.997, 8513)
upgrade(3.542, 2.350, -1.637, 8036)
upgrade(3.778, 2.350, 4.454, 8227)
upgrade(3.698, 2.350, -7.829, 10721)
upgrade(3.637, 2.350, -14.008, 10727)
upgrade(9.393, 2.350, -11.484, 10727)
upgrade(11.661, 2.350, -9.355, 10727)
upgrade(14.532, 2.350, -8.306, 10727)
upgrade(11.363, 2.350, -6.183, 10727)
upgrade(14.388, 2.350, -5.308, 10727)
upgrade(11.400, 2.350, -3.144, 10727)
upgrade(11.598, 2.350, -0.104, 10727)
upgrade(14.376, 2.350, -2.256, 10727)
