-- ZEPHYR_META: {"authorId":"1293665504002576506","authorTag":"yosko9807","category":"community","official":false,"createdAt":"2026-07-25T14:10:37.196Z","updatedAt":"2026-07-25T14:10:37.196Z"}
timescaleunlock(1.18)
timescale(1.50, 2.14)
timescale(2.00, 2.95)
place(-6.9, 1.0, -32.2, "Pyromancer", -7700, 4.55)
upgrade(-6.9, -32.2, 1, -8025, 6.92)
upgrade(-6.9, -32.2, 1, -9025, 20.45)
upgrade(-6.9, -32.2, 1, -11025, 49.89)
upgrade(-6.9, -32.2, 1, -14802, 88.92)
place(6.3, 1.4, 28.1, "Hunter", -14802, 107.92)
place(3.1, 1.4, 28.3, "Hunter", -14802, 119.18)
place(0.1, 1.5, 28.4, "Hunter", -14802, 136.93)
place(-4.0, 1.5, 28.6, "Hunter", -14802, 150.35)
place(6.0, 1.4, 31.6, "Hunter", -14802, 166.44)
place(2.8, 1.4, 31.9, "Hunter", -14802, 184.58)
place(-0.4, 1.5, 32.1, "Hunter", -14802, 195.14)
place(-3.9, 1.5, 32.6, "Hunter", -14802, 207.51)
place(12.2, 1.2, 29.4, "Freezer", -14802, 222.85)
place(15.4, 1.2, 29.3, "Freezer", -14802, 238.18)
upgrade(12.2, 29.4, 1, -15102, 242.38)
upgrade(15.4, 29.3, 1, -15852, 247.31)
place(11.9, 1.3, 25.6, "Freezer", -16302, 251.64)
place(8.6, 1.3, 22.3, "Freezer", -16302, 258.77)
place(4.3, 1.3, 22.1, "Freezer", -16302, 260.27)
place(0.9, 1.4, 21.6, "Freezer", -16302, 264.57)
upgrade(11.9, 25.6, 1, -16602, 268.51)
upgrade(8.6, 22.3, 1, -16902, 269.71)
upgrade(4.3, 22.1, 1, -17652, 279.94)
upgrade(0.9, 21.6, 1, -18402, 281.31)
upgrade(0.9, 21.6, 1, -18852, 282.14)
place(-3.6, 1.4, 39.4, "Freezer", -18852, 289.37)
upgrade(-3.6, 39.4, 1, -19152, 291.11)
upgrade(-3.6, 39.4, 1, -21302, 295.38)