-- ZEPHYR_META: {"authorId":"1293665504002576506","authorTag":"yosko9807","category":"community","official":false,"createdAt":"2026-07-25T00:24:08.254Z","updatedAt":"2026-07-25T00:24:08.254Z"}
timescaleunlock(0.68)
timescale(1.50, 1.46)
timescale(2.00, 1.99)
place(-6.0, 1.0, -32.9, "Pyromancer", 0, 4.52)
upgrade(-6.0, -32.9, 1, -325, 6.36)
upgrade(-6.0, -32.9, 1, -1325, 20.06)
upgrade(-6.0, -32.9, 1, -3325, 48.60)
upgrade(-6.0, -32.9, 1, -7102, 87.86)
place(6.3, 1.4, 28.3, "Hunter", -7102, 108.70)
place(2.6, 1.4, 28.3, "Hunter", -7102, 118.03)
place(-0.6, 1.5, 28.0, "Hunter", -7102, 131.77)
place(-4.1, 1.5, 28.0, "Hunter", -7102, 149.92)
place(5.5, 1.4, 31.9, "Hunter", -7102, 167.15)
place(2.5, 1.4, 31.7, "Hunter", -7102, 185.35)
place(-0.6, 1.5, 31.7, "Hunter", -7102, 193.39)
place(-4.8, 1.5, 33.0, "Hunter", -7102, 207.06)
place(11.8, 1.2, 29.1, "Freezer", -7102, 221.82)
place(15.2, 1.2, 28.9, "Freezer", -7102, 235.62)
upgrade(15.2, 28.9, 1, -7402, 239.72)
upgrade(11.8, 29.1, 1, -8152, 241.35)
place(12.2, 1.3, 25.3, "Freezer", -8602, 247.85)
place(10.0, 1.2, 22.1, "Freezer", -8602, 254.79)
place(6.6, 1.2, 21.6, "Freezer", -8602, 258.66)
place(3.4, 1.3, 21.4, "Freezer", -8602, 261.18)
upgrade(12.2, 25.3, 1, -8902, 265.22)
upgrade(10.0, 22.1, 1, -9202, 268.48)
upgrade(6.6, 21.6, 1, -9952, 273.25)
upgrade(3.4, 21.4, 1, -10702, 274.22)
place(-4.2, 1.4, 39.4, "Freezer", -10702, 287.35)
upgrade(-4.2, 39.4, 1, -11002, 289.39)
upgrade(-4.2, 39.4, 1, -11452, 290.48)
upgrade(-4.2, 39.4, 1, -13152, 293.79)