place(12.1, 1.0, 25.5, "Cowboy", 0, 1.69)
upgrade(12.1, 25.5, 1, -150, 19.12)
place(15.4, 1.0, 25.6, "Cowboy", -150, 36.92)
upgrade(15.4, 25.6, 1, -300, 45.41)
place(9.0, 1.0, 25.7, "Cowboy", -300, 70.28)
upgrade(9.0, 25.7, 1, -450, 71.97)
place(8.9, 1.0, 28.8, "Cowboy", -450, 77.06)
upgrade(8.9, 28.8, 1, -600, 78.59)
place(12.1, 1.0, 28.8, "Cowboy", -600, 88.93)
upgrade(12.1, 28.8, 1, -750, 91.42)
place(15.3, 1.0, 28.6, "Cowboy", -750, 100.25)
upgrade(15.3, 28.6, 1, -900, 101.42)
upgrade(15.4, 25.6, 1, -1750, 128.59)
upgrade(15.3, 28.6, 1, -2600, 130.22)
upgrade(12.1, 28.8, 1, -3450, 150.51)
upgrade(8.9, 28.8, 1, -4300, 152.13)
upgrade(12.1, 25.5, 1, -5150, 156.35)
upgrade(9.0, 25.7, 1, -6000, 170.42)
place(9.1, 1.0, 21.4, "DJ Booth", -6000, 179.55)
upgrade(9.1, 21.4, 1, -6300, 180.81)
option(9.1, 21.4, "Track", "Green", 184.71)
upgrade(9.1, 21.4, 1, -7550, 186.56)
upgrade(9.1, 21.4, 1, -10550, 224.75)
ability(9.1, 21.4, "Drop The Beat", 225.52)
upgrade(9.0, 25.7, 1, -13250, 247.02)
upgrade(8.9, 28.8, 1, -15950, 263.28)
upgrade(12.1, 28.8, 1, -18650, 271.99)
ability(9.1, 21.4, "Drop The Beat", 273.00)
upgrade(12.1, 25.5, 1, -21350, 294.15)
ability(9.1, 21.4, "Drop The Beat", 303.61)
upgrade(15.4, 25.6, 1, -24050, 304.67)
upgrade(15.3, 28.6, 1, -26750, 316.20)
ability(9.1, 21.4, "Drop The Beat", 346.34)
upgrade(9.1, 21.4, 1, -34750, 351.57)
ability(9.1, 21.4, "Drop The Beat", 388.07)
upgrade(8.9, 28.8, 1, -39562, 390.32)
upgrade(9.0, 25.7, 1, -44374, 394.56)
upgrade(12.1, 28.8, 1, -49186, 416.36)
ability(9.1, 21.4, "Drop The Beat", 419.02)
upgrade(15.4, 25.6, 1, -53998, 430.19)
ability(9.1, 21.4, "Drop The Beat", 450.81)
upgrade(12.1, 25.5, 1, -58810, 452.50)
upgrade(15.3, 28.6, 1, -63622, 459.18)
ability(9.1, 21.4, "Drop The Beat", 484.38)
upgrade(9.1, 21.4, 1, -83622, 513.61)
ability(9.1, 21.4, "Drop The Beat", 515.31)
upgrade(15.4, 25.6, 1, -94247, 542.05)
ability(9.1, 21.4, "Drop The Beat", 546.58)
upgrade(12.1, 25.5, 1, -104872, 559.33)
ability(9.1, 21.4, "Drop The Beat", 577.39)
upgrade(8.9, 28.8, 1, -115497, 580.30)
upgrade(12.1, 28.8, 1, -126122, 605.85)
ability(9.1, 21.4, "Drop The Beat", 610.12)
upgrade(15.3, 28.6, 1, -136747, 624.47)
place(11.4, 4.1, 8.8, "Ranger", -136747, 640.01)
upgrade(11.4, 8.8, 1, -138022, 641.30)
place(8.0, 4.3, 7.5, "Ranger", -138022, 649.26)
upgrade(8.0, 7.5, 1, -139297, 650.49)
upgrade(8.0, 7.5, 1, -143972, 656.39)
ability(9.1, 21.4, "Drop The Beat", 660.19)
upgrade(11.4, 8.8, 1, -148647, 662.71)
place(4.7, 4.7, 6.2, "Ranger", -148647, 670.29)
upgrade(4.7, 6.2, 1, -149922, 671.63)
upgrade(4.7, 6.2, 1, -154597, 687.56)
ability(9.1, 21.4, "Drop The Beat", 692.10)
place(2.3, 4.9, 3.7, "Ranger", -154597, 695.29)
sell(2.3, 3.7, 705.71)
place(2.3, 5.0, 4.4, "Ranger", -154597, 710.47)
upgrade(2.3, 4.4, 1, -156097, 712.69)
upgrade(2.3, 4.4, 1, -161597, 714.00)
ability(9.1, 21.4, "Drop The Beat", 743.26)
place(8.8, 0.9, 10.5, "Turret", -161597, 747.24)
upgrade(8.8, 10.5, 1, -163934, 748.84)
upgrade(8.8, 10.5, 1, -170309, 749.59)
upgrade(8.8, 10.5, 1, -187309, 764.99)
place(5.1, 0.9, 12.2, "Turret", -187309, 774.92)
upgrade(5.1, 12.2, 1, -189646, 781.54)
upgrade(5.1, 12.2, 1, -196021, 793.48)
ability(9.1, 21.4, "Drop The Beat", 803.52)
ability(9.1, 21.4, "Drop The Beat", 805.76)
upgrade(5.1, 12.2, 1, -213021, 822.33)
place(12.6, 0.9, 12.9, "Turret", -213021, 833.61)
upgrade(12.6, 12.9, 1, -215358, 841.47)
upgrade(12.6, 12.9, 1, -221733, 854.11)
ability(9.1, 21.4, "Drop The Beat", 857.99)
upgrade(12.6, 12.9, 1, -238733, 871.30)
ability(9.1, 21.4, "Drop The Beat", 889.79)
upgrade(12.6, 12.9, 1, -268483, 899.09)
ability(9.1, 21.4, "Drop The Beat", 921.66)
upgrade(8.8, 10.5, 1, -298233, 923.14)
upgrade(5.1, 12.2, 1, -327983, 963.42)
place(13.8, 4.4, 6.6, "Ranger", -327983, 981.11)
upgrade(13.8, 6.6, 1, -329258, 982.25)
upgrade(13.8, 6.6, 1, -333933, 982.82)
place(12.3, 4.3, 4.0, "Ranger", -333933, 985.81)
upgrade(12.3, 4.0, 1, -335208, 986.96)
upgrade(12.3, 4.0, 1, -339883, 987.53)
place(9.0, 4.4, 3.6, "Ranger", -339883, 988.98)
ability(9.1, 21.4, "Drop The Beat", 990.33)
upgrade(9.0, 3.6, 1, -341158, 991.19)
upgrade(9.0, 3.6, 1, -345833, 991.56)
place(6.0, 4.4, 2.7, "Ranger", -345833, 993.31)
upgrade(6.0, 2.7, 1, -347333, 994.62)
upgrade(6.0, 2.7, 1, -352833, 995.80)
upgrade(2.3, 4.4, 1, -368583, 1018.74)
upgrade(4.7, 6.2, 1, -381970, 1021.55)
ability(9.1, 21.4, "Drop The Beat", 1025.24)
upgrade(8.0, 7.5, 1, -395357, 1026.82)
upgrade(11.4, 8.8, 1, -408744, 1040.88)
upgrade(13.8, 6.6, 1, -422131, 1048.64)
ability(9.1, 21.4, "Drop The Beat", 1056.56)
upgrade(12.3, 4.0, 1, -435518, 1058.42)
upgrade(9.0, 3.6, 1, -448905, 1064.18)
upgrade(6.0, 2.7, 1, -464655, 1081.12)
ability(9.1, 21.4, "Drop The Beat", 1087.32)
ability(9.1, 21.4, "Drop The Beat", 1122.35)
upgrade(12.6, 12.9, 1, -519905, 1130.65)
ability(9.1, 21.4, "Drop The Beat", 1153.81)
upgrade(8.8, 10.5, 1, -575155, 1156.56)
ability(9.1, 21.4, "Drop The Beat", 1184.49)
ability(9.1, 21.4, "Drop The Beat", 1185.63)
upgrade(5.1, 12.2, 1, -630405, 1199.99)
upgrade(4.7, 6.2, 1, -651655, 1214.39)
ability(9.1, 21.4, "Drop The Beat", 1216.48)
upgrade(8.0, 7.5, 1, -672905, 1238.54)
ability(9.1, 21.4, "Drop The Beat", 1247.18)
upgrade(11.4, 8.8, 1, -694155, 1259.56)
upgrade(13.8, 6.6, 1, -715405, 1276.27)
ability(9.1, 21.4, "Drop The Beat", 1278.00)
upgrade(12.3, 4.0, 1, -736655, 1286.30)
upgrade(9.0, 3.6, 1, -757905, 1311.46)
ability(9.1, 21.4, "Drop The Beat", 1312.47)
ability(9.1, 21.4, "Drop The Beat", 1343.25)
upgrade(6.0, 2.7, 1, -782905, 1345.70)
upgrade(2.3, 4.4, 1, -807905, 1377.95)
option(9.1, 21.4, "Track", "Red", 1383.05)
ability(9.1, 21.4, "Drop The Beat", 1384.31)
place(5.7, 1.0, 26.0, "Minigunner", -807905, 1389.53)
upgrade(5.7, 26.0, 1, -809710, 1390.64)
upgrade(5.7, 26.0, 1, -823010, 1390.98)
upgrade(5.7, 26.0, 1, -837735, 1391.26)
place(6.0, 1.0, 29.8, "Minigunner", -823010, 1392.45)
upgrade(6.0, 29.8, 1, -825195, 1393.49)
upgrade(6.0, 29.8, 1, -833270, 1393.73)
upgrade(6.0, 29.8, 1, -839920, 1393.99)
place(16.3, 1.0, 18.9, "Minigunner", -826620, 1395.62)
upgrade(16.3, 18.9, 1, -828425, 1396.66)
upgrade(16.3, 18.9, 1, -841725, 1397.03)
upgrade(16.3, 18.9, 1, -841725, 1397.24)
place(19.7, 1.0, 18.6, "Minigunner", -841725, 1400.21)
upgrade(19.7, 18.6, 1, -843530, 1401.50)
upgrade(19.7, 18.6, 1, -856830, 1401.84)
upgrade(19.7, 18.6, 1, -864905, 1404.03)
place(18.4, 1.0, 25.8, "Minigunner", -864905, 1407.25)
upgrade(18.4, 25.8, 1, -865285, 1408.38)
upgrade(18.4, 25.8, 1, -866710, 1408.75)
upgrade(18.4, 25.8, 1, -873360, 1409.35)
upgrade(18.4, 25.8, 1, -888085, 1413.61)
place(16.9, 0.9, 15.9, "Minigunner", -888085, 1424.74)
upgrade(16.9, 15.9, 1, -889890, 1425.59)
upgrade(16.9, 15.9, 1, -891315, 1425.80)
upgrade(16.9, 15.9, 1, -897965, 1426.17)
upgrade(16.9, 15.9, 1, -906040, 1431.88)
place(3.3, 0.9, 8.4, "Minigunner", -906040, 1440.55)
upgrade(3.3, 8.4, 1, -907845, 1441.50)
upgrade(3.3, 8.4, 1, -907845, 1441.74)
upgrade(3.3, 8.4, 1, -914495, 1442.48)
upgrade(3.3, 8.4, 1, -929220, 1443.11)
ability(9.1, 21.4, "Drop The Beat", 1445.08)
place(16.9, 1.0, 11.7, "Minigunner", -929220, 1448.78)
upgrade(16.9, 11.7, 1, -931025, 1449.60)
upgrade(16.9, 11.7, 1, -944325, 1449.99)
upgrade(16.9, 11.7, 1, -959050, 1450.36)
place(17.2, 1.0, 8.2, "Minigunner", -944325, 1455.82)
upgrade(17.2, 8.2, 1, -946130, 1456.46)
upgrade(17.2, 8.2, 1, -959430, 1456.82)
upgrade(17.2, 8.2, 1, -974155, 1457.03)
upgrade(17.2, 8.2, 1, -974155, 1457.23)
place(17.2, 1.0, 4.9, "Minigunner", -959430, 1458.19)
upgrade(17.2, 4.9, 1, -961330, 1458.98)
upgrade(17.2, 4.9, 1, -962830, 1459.21)
upgrade(17.2, 4.9, 1, -985330, 1459.56)
upgrade(17.2, 4.9, 1, -985330, 1459.84)
place(-0.1, 0.9, 7.0, "Minigunner", -969830, 1463.83)
upgrade(-0.1, 7.0, 1, -971635, 1464.59)
upgrade(-0.1, 7.0, 1, -979710, 1464.95)
upgrade(-0.1, 7.0, 1, -987785, 1475.60)
place(20.4, 1.0, 15.0, "Minigunner", -987785, 1484.59)
upgrade(20.4, 15.0, 1, -989590, 1485.43)
upgrade(20.4, 15.0, 1, -1002890, 1485.82)
ability(9.1, 21.4, "Drop The Beat", 1491.59)
ability(9.1, 21.4, "Drop The Beat", 1491.84)
place(14.4, 1.0, 2.6, "Minigunner", -1002890, 1513.01)
upgrade(14.4, 2.6, 1, -1004790, 1514.22)
upgrade(14.4, 2.6, 1, -1013290, 1514.54)
upgrade(14.4, 2.6, 1, -1028790, 1514.90)
place(11.6, 1.0, 1.4, "Minigunner", -1013290, 1518.97)
upgrade(11.6, 1.4, 1, -1015190, 1519.66)
upgrade(11.6, 1.4, 1, -1022190, 1519.86)
upgrade(11.6, 1.4, 1, -1044690, 1520.29)
place(9.2, 1.0, -0.9, "Minigunner", -1029190, 1521.71)
upgrade(9.2, -0.9, 1, -1031090, 1522.37)
upgrade(9.2, -0.9, 1, -1060590, 1522.75)
upgrade(9.2, -0.9, 1, -1076090, 1523.14)
place(6.1, 1.0, -1.6, "Minigunner", -1045090, 1525.52)
upgrade(6.1, -1.6, 1, -1053990, 1526.35)
upgrade(6.1, -1.6, 1, -1062490, 1526.75)
upgrade(6.1, -1.6, 1, -1062490, 1527.02)
ability(9.1, 21.4, "Drop The Beat", 1528.60)
place(2.8, 0.9, -1.4, "Minigunner", -1053990, 1530.47)
upgrade(2.8, -1.4, 1, -1055890, 1531.78)
upgrade(2.8, -1.4, 1, -1069890, 1532.13)
upgrade(2.8, -1.4, 1, -1085390, 1532.48)
upgrade(6.1, -1.6, 1, -1085390, 1546.62)
place(1.3, 0.9, 11.5, "Minigunner", -1085390, 1551.22)
upgrade(1.3, 11.5, 1, -1087195, 1551.97)
upgrade(1.3, 11.5, 1, -1088620, 1552.17)
upgrade(1.3, 11.5, 1, -1095270, 1552.37)
upgrade(1.3, 11.5, 1, -1095270, 1552.63)
upgrade(1.3, 11.5, 1, -1103345, 1556.72)
place(15.0, 1.0, 31.8, "Minigunner", -1103345, 1559.18)
upgrade(15.0, 31.8, 1, -1105150, 1559.97)
upgrade(15.0, 31.8, 1, -1118450, 1560.36)
upgrade(15.0, 31.8, 1, -1133175, 1560.59)
upgrade(15.0, 31.8, 1, -1133175, 1560.80)
place(11.8, 1.0, 32.5, "Minigunner", -1118450, 1562.92)
upgrade(11.8, 32.5, 1, -1120255, 1563.60)
upgrade(11.8, 32.5, 1, -1126905, 1563.96)
ability(9.1, 21.4, "Drop The Beat", 1565.36)
upgrade(11.8, 32.5, 1, -1126905, 1566.67)
upgrade(11.8, 32.5, 1, -1141630, 1569.28)
place(8.4, 1.0, 32.8, "Minigunner", -1141630, 1572.51)
upgrade(8.4, 32.8, 1, -1142010, 1573.53)
upgrade(8.4, 32.8, 1, -1143435, 1574.22)
upgrade(8.4, 32.8, 1, -1150085, 1575.03)
upgrade(8.4, 32.8, 1, -1164810, 1582.61)
place(4.3, 1.0, 32.7, "Minigunner", -1164810, 1587.75)
upgrade(4.3, 32.7, 1, -1166615, 1588.78)
upgrade(4.3, 32.7, 1, -1168040, 1589.04)
upgrade(4.3, 32.7, 1, -1174690, 1589.27)
upgrade(4.3, 32.7, 1, -1189415, 1589.65)
upgrade(4.3, 32.7, 1, -1189415, 1589.89)
ability(9.1, 21.4, "Drop The Beat", 1599.63)
ability(9.1, 21.4, "Drop The Beat", 1633.76)
ability(9.1, 21.4, "Drop The Beat", 1664.50)
ability(9.1, 21.4, "Drop The Beat", 1701.49)
ability(9.1, 21.4, "Drop The Beat", 1702.47)
ability(9.1, 21.4, "Drop The Beat", 1703.46)
ability(9.1, 21.4, "Drop The Beat", 1704.35)
ability(9.1, 21.4, "Drop The Beat", 1752.19)
ability(9.1, 21.4, "Drop The Beat", 1752.43)
sell(4.3, 32.7, 1775.70)
place(13.3, 1.0, -1.4, "Minigunner", -1174690, 1778.79)
upgrade(13.3, -1.4, 1, -1176590, 1779.52)
upgrade(13.3, -1.4, 1, -1178090, 1779.76)
upgrade(13.3, -1.4, 1, -1179590, 1780.02)
upgrade(13.3, -1.4, 1, -1195090, 1780.37)
sell(8.4, 32.8, 1784.02)
place(9.9, 1.0, -4.0, "Minigunner", -1179590, 1786.99)
upgrade(9.9, -4.0, 1, -1188490, 1788.00)
upgrade(9.9, -4.0, 1, -1189990, 1788.31)
upgrade(9.9, -4.0, 1, -1205490, 1788.55)
ability(9.1, 21.4, "Drop The Beat", 1789.13)
sell(15.3, 28.6, 1791.46)
sell(15.0, 31.8, 1792.32)
sell(11.8, 32.5, 1793.38)
sell(12.1, 28.8, 1794.29)
sell(6.0, 29.8, 1795.90)
sell(8.9, 28.8, 1796.97)
sell(5.7, 26.0, 1797.91)
sell(9.0, 25.7, 1798.86)
sell(12.1, 25.5, 1799.84)
sell(15.4, 25.6, 1800.76)
sell(18.4, 25.8, 1801.81)
sell(16.3, 18.9, 1802.66)
sell(19.7, 18.6, 1803.52)
sell(16.9, 15.9, 1804.58)
sell(20.4, 15.0, 1805.55)
place(-1.8, 0.9, 4.3, "Minigunner", -1189990, 1809.91)
upgrade(-1.8, 4.3, 1, -1191890, 1810.67)
upgrade(-1.8, 4.3, 1, -1205890, 1811.06)
upgrade(-1.8, 4.3, 1, -1221390, 1811.39)
place(-3.1, 0.9, 7.2, "Minigunner", -1205890, 1812.23)
upgrade(-3.1, 7.2, 1, -1207790, 1812.91)
upgrade(-3.1, 7.2, 1, -1221790, 1813.29)
upgrade(-3.1, 7.2, 1, -1237290, 1813.67)
place(-1.9, 0.9, 0.6, "Minigunner", -1221790, 1814.37)
upgrade(-1.9, 0.6, 1, -1223690, 1815.11)
upgrade(-1.9, 0.6, 1, -1237690, 1815.49)
upgrade(-1.9, 0.6, 1, -1253190, 1815.87)
place(-2.0, 0.9, 12.5, "Minigunner", -1237690, 1816.66)
upgrade(-2.0, 12.5, 1, -1239495, 1817.50)
upgrade(-2.0, 12.5, 1, -1247570, 1817.89)
place(-4.5, 0.9, 10.7, "Minigunner", -1247570, 1819.48)
upgrade(-4.5, 10.7, 1, -1256025, 1820.25)
upgrade(-4.5, 10.7, 1, -1257450, 1820.58)
upgrade(-4.5, 10.7, 1, -1272175, 1820.83)
upgrade(-4.5, 10.7, 1, -1272175, 1821.08)
place(-3.4, 0.9, 15.5, "Minigunner", -1257450, 1822.53)
upgrade(-3.4, 15.5, 1, -1259255, 1823.55)
upgrade(-3.4, 15.5, 1, -1272555, 1823.90)
upgrade(-3.4, 15.5, 1, -1287280, 1824.12)
upgrade(-3.4, 15.5, 1, -1287280, 1824.33)
place(-3.0, 1.0, -2.4, "Minigunner", -1272555, 1827.38)
upgrade(-3.0, -2.4, 1, -1274455, 1828.09)
upgrade(-3.0, -2.4, 1, -1275955, 1828.33)
upgrade(-3.0, -2.4, 1, -1298455, 1828.68)
upgrade(-3.0, -2.4, 1, -1298455, 1828.91)
place(-11.8, 0.9, 11.6, "Minigunner", -1282955, 1830.48)
upgrade(-11.8, 11.6, 1, -1284855, 1831.12)
upgrade(-11.8, 11.6, 1, -1314355, 1831.49)
upgrade(-11.8, 11.6, 1, -1329855, 1831.79)
ability(9.1, 21.4, "Drop The Beat", 1832.25)
place(-11.5, 0.9, 7.0, "Minigunner", -1298855, 1833.40)
upgrade(-11.5, 7.0, 1, -1302255, 1834.29)
upgrade(-11.5, 7.0, 1, -1303755, 1834.63)
upgrade(-11.5, 7.0, 1, -1319255, 1834.84)
upgrade(-11.5, 7.0, 1, -1319255, 1835.04)
place(-11.4, 1.0, 3.2, "Minigunner", -1303755, 1835.69)
upgrade(-11.4, 3.2, 1, -1305655, 1836.53)
upgrade(-11.4, 3.2, 1, -1312655, 1836.76)
upgrade(-11.4, 3.2, 1, -1335155, 1837.15)
place(-15.5, 0.9, 11.4, "Minigunner", -1319655, 1838.31)
upgrade(-15.5, 11.4, 1, -1321555, 1839.23)
upgrade(-15.5, 11.4, 1, -1351055, 1839.61)
upgrade(-15.5, 11.4, 1, -1366555, 1839.96)
upgrade(-15.5, 11.4, 1, -1351055, 1840.26)
place(-15.5, 0.9, 7.5, "Minigunner", -1335555, 1841.12)
upgrade(-15.5, 7.5, 1, -1337455, 1841.81)
upgrade(-15.5, 7.5, 1, -1351455, 1842.16)
upgrade(-15.5, 7.5, 1, -1366955, 1842.37)
place(-14.7, 1.0, 3.9, "Minigunner", -1351455, 1843.37)
upgrade(-14.7, 3.9, 1, -1353355, 1844.11)
upgrade(-14.7, 3.9, 1, -1367355, 1844.35)
upgrade(-14.7, 3.9, 1, -1374355, 1844.69)
upgrade(-14.7, 3.9, 1, -1381355, 1844.92)
place(-14.0, 1.0, 0.2, "Minigunner", -1367355, 1846.12)
upgrade(-14.0, 0.2, 1, -1369255, 1846.85)
upgrade(-14.0, 0.2, 1, -1377755, 1847.07)
upgrade(-14.0, 0.2, 1, -1400255, 1847.50)
upgrade(-14.0, 0.2, 1, -1393255, 1847.96)
sell(17.2, 4.9, 1852.21)
sell(17.2, 8.2, 1853.04)
sell(16.9, 11.7, 1854.37)
place(-19.0, 1.0, 6.7, "Minigunner", -1377755, 1856.56)
upgrade(-19.0, 6.7, 1, -1379655, 1857.29)
upgrade(-19.0, 6.7, 1, -1393655, 1857.59)
upgrade(-19.0, 6.7, 1, -1400655, 1858.21)
place(-18.9, 1.0, 10.2, "Minigunner", -1393655, 1859.31)
upgrade(-18.9, 10.2, 1, -1395555, 1860.07)
upgrade(-18.9, 10.2, 1, -1409555, 1860.44)
upgrade(-18.9, 10.2, 1, -1425055, 1860.65)
place(-18.6, 1.0, 13.4, "Minigunner", -1409555, 1861.83)
upgrade(-18.6, 13.4, 1, -1411455, 1862.60)
upgrade(-18.6, 13.4, 1, -1425455, 1862.98)
upgrade(-18.6, 13.4, 1, -1440955, 1863.32)
place(-18.9, 1.0, 2.0, "Minigunner", -1425455, 1864.47)
upgrade(-18.9, 2.0, 1, -1427355, 1865.20)
upgrade(-18.9, 2.0, 1, -1434355, 1865.41)
upgrade(-18.9, 2.0, 1, -1441355, 1865.61)
upgrade(-18.9, 2.0, 1, -1472355, 1865.86)
upgrade(-18.9, 2.0, 1, -1472355, 1866.16)
sell(13.3, -1.4, 1868.64)
sell(9.9, -4.0, 1869.73)
sell(14.4, 2.6, 1870.74)
sell(11.6, 1.4, 1871.69)
place(-6.9, 0.9, 20.5, "Minigunner", -1441355, 1874.22)
upgrade(-6.9, 20.5, 1, -1443160, 1874.94)
upgrade(-6.9, 20.5, 1, -1456460, 1875.23)
upgrade(-6.9, 20.5, 1, -1477835, 1875.64)
upgrade(-6.9, 20.5, 1, -1471185, 1876.07)
place(-12.2, 0.9, 20.4, "Minigunner", -1456460, 1876.40)
upgrade(-12.2, 20.4, 1, -1458360, 1877.20)
upgrade(-12.2, 20.4, 1, -1465360, 1877.41)
upgrade(-12.2, 20.4, 1, -1487860, 1877.85)
ability(9.1, 21.4, "Drop The Beat", 1878.48)
place(-15.3, 0.9, 20.5, "Minigunner", -1472360, 1879.03)
upgrade(-15.3, 20.5, 1, -1474260, 1879.79)
upgrade(-15.3, 20.5, 1, -1498260, 1880.17)
upgrade(-15.3, 20.5, 1, -1513760, 1880.50)
upgrade(-15.3, 20.5, 1, -1498260, 1880.72)
place(-18.4, 0.9, 21.3, "Minigunner", -1482760, 1881.32)
upgrade(-18.4, 21.3, 1, -1491660, 1882.11)
upgrade(-18.4, 21.3, 1, -1493160, 1882.33)
upgrade(-18.4, 21.3, 1, -1500160, 1882.64)
upgrade(-18.4, 21.3, 1, -1515660, 1882.86)
sell(12.6, 12.9, 1885.18)
place(-19.0, 1.0, -6.9, "Turret", -1493160, 1887.60)
upgrade(-19.0, -6.9, 1, -1503410, 1888.46)
upgrade(-19.0, -6.9, 1, -1543410, 1888.83)
upgrade(-19.0, -6.9, 1, -1628410, 1889.28)
sell(8.8, 10.5, 1891.56)
sell(5.1, 12.2, 1892.86)
place(-25.1, 1.0, -6.6, "Turret", -1563410, 1894.64)
upgrade(-25.1, -6.6, 1, -1573660, 1895.38)
upgrade(-25.1, -6.6, 1, -1636160, 1895.75)
upgrade(-25.1, -6.6, 1, -1671160, 1896.06)
upgrade(-25.1, -6.6, 1, -1671160, 1896.28)
place(-29.8, 1.0, -5.2, "Turret", -1636160, 1897.15)
upgrade(-29.8, -5.2, 1, -1666410, 1897.94)
upgrade(-29.8, -5.2, 1, -1801410, 1898.46)
upgrade(-29.8, -5.2, 1, -1866410, 1898.73)
sell(-3.4, 15.5, 1900.79)
place(-20.9, 1.0, -12.3, "Minigunner", -1736410, 1903.26)
upgrade(-20.9, -12.3, 1, -1738310, 1904.16)
upgrade(-20.9, -12.3, 1, -1767810, 1904.55)
upgrade(-20.9, -12.3, 1, -1783310, 1904.82)
sell(-0.1, 7.0, 1907.18)
place(-20.3, 1.0, -16.4, "Minigunner", -1752310, 1908.54)
upgrade(-20.3, -16.4, 1, -1754210, 1909.26)
upgrade(-20.3, -16.4, 1, -1755710, 1909.47)
upgrade(-20.3, -16.4, 1, -1762710, 1909.68)
upgrade(-20.3, -16.4, 1, -1778210, 1909.89)
ability(9.1, 21.4, "Drop The Beat", 1910.56)
