place(5.8, 1.0, -30.3, "Scout", -800, 1.00)
place(5.5, 1.0, -34.0, "Scout", -800, 1.74)
place(9.1, 1.0, -30.2, "Scout", -800, 2.58)
place(12.3, 1.0, -32.0, "Scout", -800, 4.05)
upgrade(5.8, -30.3, 1, -850, 12.97)
upgrade(5.5, -34.0, 1, -900, 14.05)
upgrade(9.1, -30.2, 1, -950, 15.39)
upgrade(12.3, -32.0, 1, -1000, 16.47)
place(12.1, 1.0, -35.1, "Scout", -1000, 21.31)
upgrade(12.1, -35.1, 1, -1050, 22.29)
place(12.0, 1.0, -38.3, "Scout", -1050, 25.67)
place(12.0, 1.0, -38.2, "Scout", -1050, 29.03)
upgrade(12.0, -38.2, 1, -1100, 29.84)
upgrade(12.0, -38.2, 1, -1475, 30.61)
upgrade(5.5, -34.0, 1, -1850, 43.11)
upgrade(5.8, -30.3, 1, -2225, 47.09)
upgrade(9.1, -30.2, 1, -2600, 52.65)
upgrade(12.3, -32.0, 1, -2975, 59.34)
upgrade(12.1, -35.1, 1, -3350, 68.92)
upgrade(5.5, -34.0, 1, -4700, 88.66)
upgrade(5.8, -30.3, 1, -6050, 111.22)
upgrade(9.1, -30.2, 1, -7400, 126.89)
upgrade(12.3, -32.0, 1, -8750, 140.95)
upgrade(12.1, -35.1, 1, -10100, 157.29)
place(6.4, 1.0, -36.9, "Commander", -10100, 160.35)
upgrade(6.4, -36.9, 1, -10500, 161.46)
upgrade(6.4, -36.9, 1, -12950, 182.74)
ability(6.4, -36.9, "Call Of Arms", 183.84)
upgrade(5.5, -34.0, 1, -15150, 200.88)
ability(6.4, -36.9, "Call Of Arms", 213.91)
